5
177
36 0 1 2 3 4 5 6 7 8 9 10 11 12 13 14 15 16 17 18 19 20 21 22 23 24 25 26 27 28 29 30 31 32 33 34 35
47 36 37 38 39 40 41 42 43 44 45 46 1 2 3 4 5 6 7 47 48 49 50 51 52 53 54 55 56 57 58 59 60 61 62 63 64 65 66 67 68 69 70 71 72 73 74 75
48 76 77 78 79 80 81 82 83 84 85 86 46 1 2 3 4 5 6 7 47 48 49 50 51 52 53 54 55 56 57 58 59 60 61 62 63 64 65 66 67 68 69 70 71 72 73 74 75
40 87 88 89 90 91 92 93 94 95 8 9 10 11 12 13 14 96 16 17 18 19 97 98 99 100 101 102 103 104 105 106 107 108 109 110 111 112 113 114 115
71 116 117 118 119 120 121 122 123 124 125 126 127 128 129 130 131 132 133 134 135 136 137 138 139 140 141 142 143 144 145 6 7 146 8 9 147 148 149 150 54 55 56 151 152 153 154 155 156 157 158 159 160 161 162 163 164 165 166 69 70 167 168 169 170 171 172 74 173 174 175 176
900 600 600 1200 1800 
0 278 620 946 908 1256 1611 1648 1939 2429 3132 3423 3890 4301 4601 4952 4972 4952 4978 5389 6500 6851 7235 7880 8330 8433 8712 8914 8988 8899 8593 8599 8988 9590 9819 10096 3208 2779 2379 2104 1967 1505 1238 987 625 365 20 1890 2046 2279 2304 2504 3078 3369 3306 3433 3569 3801 4006 4272 4610 4899 5053 5119 5170 5268 5403 5604 5783 5914 5936 5929 6013 6061 6135 6136 1375 1166 1027 990 1284 1123 1052 1052 660 562 263 2680 2528 2232 2371 2187 2331 2192 2027 1909 5027 6202 6213 6201 6242 6379 6784 7279 7430 7669 7921 8220 8649 8789 9060 8985 8931 8664 8607 8591 5132 4915 4694 4510 4210 3948 3707 3728 3475 3225 3124 3007 2577 2611 2709 2737 2423 2189 1938 1988 1995 2014 1966 1845 2037 1880 1786 1971 1819 1668 1544 3076 3061 3049 3120 3815 4100 4336 4597 4791 4956 5018 4985 5012 5068 5124 5388 5551 5765 5921 5912 5752 5567 5304 5305 5725 6010 6236 6332 5805 5476 
278 0 457 848 927 1312 1695 1748 2044 2519 3229 3523 3993 4406 4707 5060 5096 5090 5128 5541 6667 7020 7404 8053 8508 8617 8894 9091 9156 9060 8753 8747 9136 9732 9962 10237 3478 3050 2651 2378 2242 1783 1516 1264 892 599 294 2029 2212 2447 2492 2730 3285 3574 3498 3617 3745 3967 4158 4415 4744 5024 5158 5208 5248 5330 5461 5662 5842 5966 5981 5960 6031 6069 6128 6122 1106 917 808 833 1133 1011 1005 1104 687 705 447 2947 2787 2473 2603 2388 2516 2356 2193 2043 5131 6366 6362 6343 6367 6490 6897 7390 7536 7770 8016 8312 8737 8877 9157 9088 9044 8780 8733 8719 4892 4682 4469 4294 4001 3741 3507 3546 3295 3048 2966 2832 2404 2424 2501 2506 2211 1971 1730 1809 1843 1891 1883 1788 2017 1868 1807 1994 1833 1708 1691 3173 3185 3215 3302 3983 4270 4508 4766 4958 5112 5168 5124 5135 5170 5212 5472 5633 5845 5993 5973 5789 5595 5323 5313 5726 6015 6222 6305 5774 5429 
620 457 0 406 613 1007 1408 1481 1775 2216 2927 3221 3691 4104 4406 4759 4816 4833 4892 5305 6453 6810 7192 7848 8311 8431 8705 8891 8940 8831 8523 8495 8886 9472 9701 9973 3769 3334 2929 2649 2509 2024 1738 1472 1061 743 640 1815 2041 2271 2356 2677 3177 3460 3353 3454 3565 3765 3931 4170 4484 4748 4854 4882 4910 4973 5099 5300 5480 5596 5605 5571 5629 5659 5709 5697 1148 1080 1063 1183 1470 1396 1433 1561 1143 1148 865 3039 2842 2472 2570 2283 2373 2176 2022 1820 4826 6148 6120 6088 6086 6191 6597 7086 7227 7453 7692 7982 8401 8543 8832 8772 8741 8480 8447 8438 4531 4306 4081 3892 3590 3328 3087 3110 2858 2608 2516 2390 1961 1991 2090 2131 1806 1574 1320 1369 1390 1434 1434 1352 1602 1464 1437 1621 1455 1363 1502 2871 2921 3023 3140 3785 4075 4313 4564 4752 4886 4930 4870 4855 4861 4885 5140 5297 5505 5645 5613 5404 5203 4923 4905 5313 5604 5797 5872 5339 4988 
946 848 406 0 387 712 1103 1191 1471 1876 2580 2873 3340 3752 4053 4405 4477 4509 4581 4994 6154 6512 6893 7553 8020 8149 8420 8597 8635 8518 8210 8168 8559 9137 9366 9637 3925 3489 3082 2801 2661 2164 1873 1612 1209 927 964 1559 1815 2034 2151 2537 2980 3254 3123 3208 3304 3486 3632 3856 4159 4411 4498 4513 4534 4587 4710 4911 5091 5203 5209 5171 5226 5254 5302 5290 1441 1433 1446 1586 1868 1802 1839 1950 1534 1504 1208 3019 2794 2382 2451 2107 2162 1939 1796 1556 4469 5846 5801 5761 5742 5835 6241 6727 6865 7085 7320 7608 8023 8166 8460 8405 8381 8123 8098 8091 4357 4112 3868 3658 3344 3082 2828 2818 2563 2311 2191 2092 1664 1719 1862 1965 1596 1390 1125 1098 1066 1068 1036 945 1199 1065 1059 1239 1071 1007 1286 2525 2602 2760 2899 3510 3798 4035 4280 4464 4583 4618 4547 4515 4502 4515 4767 4921 5128 5262 5225 5006 4802 4521 4500 4907 5198 5390 5466 4933 4584 
908 927 613 387 0 396 795 867 1161 1610 2322 2617 3087 3500 3802 4155 4207 4220 4278 4691 5840 6197 6580 7236 7700 7822 8095 8279 8326 8217 7909 7882 8273 8860 9089 9362 3621 3186 2781 2502 2364 1867 1579 1329 956 741 921 1209 1450 1675 1778 2151 2607 2884 2763 2856 2961 3155 3318 3556 3871 4138 4252 4290 4325 4403 4533 4734 4914 5038 5054 5036 5112 5156 5227 5228 1752 1693 1662 1747 2044 1938 1924 1960 1561 1460 1164 2642 2411 1995 2064 1727 1792 1580 1431 1212 4224 5535 5506 5475 5477 5587 5994 6484 6628 6857 7100 7393 7816 7957 8240 8176 8139 7877 7840 7830 4683 4426 4172 3947 3625 3365 3102 3061 2806 2554 2403 2337 1920 1997 2172 2309 1922 1735 1471 1397 1313 1252 1125 971 1131 972 883 1070 913 780 914 2266 2308 2418 2544 3177 3466 3704 3954 4141 4273 4316 4257 4246 4261 4294 4552 4711 4922 5067 5046 4863 4672 4404 4400 4819 5105 5327 5424 4898 4573 
1256 1312 1007 712 396 0 401 481 770 1214 1927 2221 2691 3105 3406 3760 3811 3826 3887 4301 5454 5811 6193 6851 7316 7442 7714 7895 7938 7827 7519 7488 7879 8465 8694 8967 3638 3211 2815 2544 2411 1928 1657 1438 1135 1013 1266 849 1113 1326 1456 1885 2283 2552 2414 2497 2592 2777 2931 3165 3477 3742 3856 3898 3936 4021 4153 4355 4534 4662 4682 4673 4759 4811 4894 4902 2135 2087 2058 2138 2436 2323 2296 2301 1916 1783 1496 2489 2234 1786 1820 1434 1464 1231 1094 844 3829 5147 5114 5081 5081 5192 5598 6089 6233 6463 6707 7001 7425 7566 7848 7782 7744 7482 7444 7434 4763 4489 4219 3974 3644 3389 3117 3035 2784 2538 2351 2327 1937 2041 2255 2446 2038 1886 1634 1495 1354 1227 1015 818 868 703 548 726 590 414 604 1871 1914 2048 2188 2800 3089 3326 3573 3758 3884 3925 3863 3850 3866 3902 4161 4321 4533 4681 4665 4496 4312 4050 4056 4479 4762 5001 5111 4592 4286 
1611 1695 1408 1103 795 401 0 108 369 823 1534 1828 2298 2711 3013 3366 3412 3425 3486 3899 5054 5411 5793 6452 6918 7046 7317 7496 7537 7425 7117 7087 7478 8064 8293 8566 3644 3230 2851 2594 2469 2015 1772 1595 1372 1325 1619 497 785 974 1135 1621 1947 2204 2049 2120 2207 2383 2531 2763 3076 3342 3464 3514 3560 3657 3793 3994 4173 4307 4333 4338 4439 4502 4603 4622 2535 2489 2456 2527 2826 2704 2662 2637 2268 2109 1835 2337 2062 1592 1585 1152 1135 881 768 480 3436 4747 4712 4679 4683 4797 5204 5696 5841 6074 6321 6618 7044 7184 7461 7393 7350 7087 7046 7035 4927 4638 4356 4094 3759 3512 3235 3115 2872 2637 2421 2439 2086 2210 2452 2684 2268 2147 1911 1730 1552 1377 1107 897 790 652 422 524 476 271 400 1478 1512 1663 1817 2407 2695 2932 3177 3361 3484 3524 3462 3451 3475 3519 3780 3943 4156 4310 4302 4157 3982 3732 3751 4181 4458 4720 4847 4339 4057 
1648 1748 1481 1191 867 481 108 0 297 781 1485 1777 2246 2658 2959 3312 3350 3355 3410 3824 4974 5331 5713 6371 6835 6961 7232 7414 7459 7350 7042 7017 7408 7997 8226 8499 3571 3160 2785 2533 2409 1965 1731 1565 1368 1347 1655 390 677 869 1028 1514 1841 2100 1948 2023 2114 2295 2451 2689 3007 3279 3411 3471 3522 3628 3767 3967 4146 4283 4313 4325 4432 4501 4609 4632 2616 2560 2520 2581 2881 2752 2701 2661 2301 2131 1863 2239 1962 1491 1480 1045 1028 776 661 375 3384 4668 4639 4610 4621 4742 5148 5642 5789 6025 6275 6573 7001 7141 7414 7342 7296 7031 6986 6974 5031 4741 4457 4194 3858 3612 3336 3211 2970 2736 2517 2539 2190 2315 2559 2792 2376 2255 2019 1838 1659 1483 1209 1000 876 746 513 592 566 371 318 1429 1443 1569 1718 2318 2607 2845 3092 3277 3405 3448 3391 3389 3424 3476 3739 3903 4117 4275 4273 4141 3972 3728 3753 4185 4459 4730 4863 4359 4086 
1939 2044 1775 1471 1161 770 369 297 0 500 1193 1484 1951 2363 2664 3016 3052 3059 3117 3531 4685 5042 5424 6082 6549 6677 6948 7127 7168 7057 6749 6721 7112 7700 7929 8203 3651 3254 2895 2656 2541 2125 1914 1777 1622 1628 1945 272 539 671 869 1403 1638 1881 1709 1769 1847 2016 2162 2395 2711 2982 3116 3180 3236 3351 3491 3691 3869 4011 4045 4066 4184 4261 4381 4411 2904 2855 2817 2878 3178 3047 2991 2941 2588 2409 2148 2215 1927 1452 1401 937 858 588 528 231 3089 4378 4344 4314 4324 4446 4852 5346 5494 5731 5982 6281 6710 6850 7121 7048 7000 6735 6689 6677 5133 4834 4543 4268 3932 3693 3416 3266 3033 2810 2574 2625 2307 2443 2702 2960 2543 2444 2221 2017 1820 1621 1328 1128 922 834 617 604 659 536 476 1137 1147 1305 1472 2041 2329 2565 2809 2992 3115 3155 3096 3092 3130 3186 3450 3615 3830 3991 3995 3879 3718 3483 3518 3952 4221 4508 4653 4159 3906 
2429 2519 2216 1876 1610 1214 823 781 500 0 712 1007 1476 1890 2192 2545 2602 2634 2718 3129 4300 4659 5037 5700 6173 6313 6579 6745 6771 6647 6339 6292 6683 7262 7491 7762 4004 3626 3288 3065 2958 2572 2380 2260 2122 2126 2436 672 795 774 1001 1551 1584 1770 1553 1561 1592 1704 1795 1994 2284 2535 2642 2691 2741 2850 2991 3191 3369 3510 3544 3569 3691 3774 3904 3941 3317 3294 3272 3350 3649 3527 3481 3440 3082 2908 2644 2458 2163 1708 1601 1144 971 743 797 632 2614 3990 3929 3886 3871 3977 4383 4875 5019 5251 5498 5794 6221 6361 6638 6569 6529 6267 6231 6222 5135 4822 4520 4230 3896 3673 3399 3207 2995 2795 2537 2635 2381 2532 2810 3107 2698 2642 2450 2210 1990 1765 1462 1299 1002 996 860 732 874 870 967 656 747 1091 1311 1735 2013 2240 2466 2638 2729 2753 2674 2641 2652 2696 2958 3122 3336 3494 3495 3381 3223 2994 3037 3473 3737 4037 4193 3711 3482 
3132 3229 2927 2580 2322 1927 1534 1485 1193 712 0 294 764 1178 1479 1832 1897 1948 2056 2460 3642 4000 4374 5038 5516 5666 5927 6082 6094 5962 5654 5593 5985 6558 6786 7056 4364 4023 3725 3533 3442 3112 2958 2875 2786 2818 3138 1291 1284 1136 1311 1762 1514 1589 1334 1258 1205 1206 1203 1343 1600 1832 1929 1988 2049 2186 2333 2530 2705 2858 2906 2962 3116 3225 3392 3453 4019 4004 3985 4061 4361 4237 4184 4128 3781 3596 3340 2706 2423 2032 1870 1498 1269 1166 1295 1260 1902 3330 3245 3191 3162 3264 3671 4162 4307 4540 4789 5088 5517 5657 5929 5858 5817 5555 5520 5512 5469 5143 4832 4528 4203 4006 3743 3507 3326 3161 2889 3035 2858 3017 3305 3631 3238 3220 3054 2795 2565 2330 2040 1913 1589 1630 1539 1383 1543 1573 1626 56 330 894 1136 1245 1484 1687 1878 2031 2083 2089 1990 1935 1940 1994 2259 2426 2641 2808 2827 2765 2636 2444 2521 2956 3198 3543 3735 3294 3137 
3423 3523 3221 2873 2617 2221 1828 1777 1484 1007 294 0 469 883 1185 1538 1606 1670 1793 2191 3375 3732 4103 4768 5248 5403 5661 5811 5816 5680 5372 5305 5696 6267 6495 6765 4536 4209 3928 3747 3662 3353 3212 3140 3067 3106 3429 1570 1537 1367 1518 1919 1579 1600 1345 1233 1138 1071 1002 1095 1324 1543 1635 1700 1770 1923 2074 2268 2440 2600 2655 2728 2898 3020 3205 3277 4311 4298 4279 4356 4655 4530 4476 4414 4070 3882 3629 2852 2578 2218 2042 1709 1476 1409 1549 1541 1608 3063 2965 2906 2869 2970 3376 3868 4013 4247 4497 4797 5228 5366 5636 5565 5522 5260 5226 5218 5630 5300 4988 4680 4360 4174 3916 3666 3499 3347 3073 3234 3084 3244 3533 3867 3481 3474 3318 3054 2822 2587 2302 2185 1858 1909 1828 1668 1830 1866 1909 350 467 964 1184 1113 1315 1496 1662 1801 1829 1823 1714 1644 1647 1707 1974 2142 2358 2530 2559 2528 2415 2245 2340 2770 2998 3364 3572 3156 3035 
3890 3993 3691 3340 3087 2691 2298 2246 1951 1476 764 469 0 413 715 1068 1149 1244 1401 1780 2962 3317 3681 4345 4828 4991 5244 5384 5377 5234 4926 4848 5239 5805 6032 6301 4836 4533 4275 4112 4035 3755 3631 3574 3519 3569 3895 2024 1966 1777 1900 2230 1784 1729 1491 1337 1188 1012 815 774 912 1090 1165 1246 1335 1526 1681 1867 2032 2204 2273 2379 2579 2724 2940 3032 4776 4767 4749 4825 5124 4998 4941 4874 4534 4341 4092 3132 2874 2559 2370 2090 1857 1830 1980 1997 1138 2651 2526 2457 2403 2500 2906 3398 3543 3779 4032 4333 4766 4904 5170 5096 5052 4790 4757 4751 5904 5571 5257 4945 4636 4465 4218 3949 3802 3671 3396 3576 3463 3624 3913 4256 3882 3890 3747 3477 3244 3009 2733 2628 2299 2361 2291 2127 2291 2334 2367 820 868 1227 1397 1052 1158 1279 1383 1486 1458 1426 1291 1186 1178 1255 1524 1695 1912 2094 2143 2175 2098 1976 2103 2513 2713 3113 3346 2978 2922 
4301 4406 4104 3752 3500 3105 2711 2658 2363 1890 1178 883 413 0 301 654 758 905 1107 1448 2614 2963 3319 3981 4466 4638 4885 5014 4996 4844 4538 4447 4838 5398 5625 5893 5121 4838 4599 4449 4379 4120 4009 3963 3921 3978 4306 2429 2356 2157 2263 2544 2037 1931 1718 1545 1370 1131 854 660 621 710 752 862 980 1220 1377 1547 1700 1884 1969 2112 2342 2508 2753 2864 5187 5180 5163 5238 5538 5411 5352 5279 4944 4748 4501 3413 3169 2889 2693 2451 2221 2217 2371 2403 726 2305 2151 2068 1995 2086 2493 2984 3130 3368 3623 3925 4361 4498 4760 4684 4639 4376 4345 4339 6167 5831 5518 5204 4903 4747 4508 4227 4096 3981 3708 3901 3814 3975 4263 4611 4247 4267 4132 3859 3626 3391 3121 3025 2696 2764 2701 2534 2699 2746 2773 1234 1261 1541 1673 1164 1167 1212 1235 1288 1189 1123 955 793 768 873 1142 1315 1531 1725 1801 1907 1873 1808 1965 2343 2509 2936 3193 2878 2884 
4601 4707 4406 4053 3802 3406 3013 2959 2664 2192 1479 1185 715 301 0 353 498 710 951 1237 2373 2717 3065 3723 4208 4387 4629 4750 4721 4563 4258 4157 4547 5103 5330 5596 5340 5070 4844 4702 4637 4392 4288 4249 4215 4276 4606 2726 2645 2442 2537 2790 2253 2118 1923 1744 1560 1296 996 730 525 469 451 606 759 1044 1197 1346 1483 1677 1776 1950 2201 2383 2649 2774 5487 5481 5464 5540 5839 5712 5652 5576 5242 5045 4799 3633 3400 3143 2943 2723 2496 2504 2660 2701 426 2070 1888 1793 1698 1785 2191 2683 2829 3068 3325 3629 4066 4203 4461 4384 4337 4075 4044 4039 6368 6031 5718 5404 5110 4963 4731 4443 4322 4217 3946 4146 4077 4237 4524 4876 4518 4544 4416 4141 3908 3674 3408 3317 2988 3060 3000 2832 2998 3047 3070 1535 1554 1795 1906 1324 1263 1251 1209 1215 1055 957 760 527 472 620 882 1054 1267 1471 1572 1748 1753 1738 1915 2259 2394 2839 3110 2840 2893 
4952 5060 4759 4405 4155 3760 3366 3312 3016 2545 1832 1538 1068 654 353 0 310 606 872 1049 2112 2444 2778 3429 3915 4102 4337 4446 4404 4238 3934 3819 4208 4758 4984 5250 5606 5350 5138 5006 4945 4715 4619 4587 4561 4626 4957 3075 2987 2780 2866 3090 2528 2367 2192 2010 1821 1544 1238 936 615 346 105 397 597 924 1058 1166 1275 1476 1593 1805 2080 2280 2567 2707 5838 5834 5817 5892 6192 6064 6003 5924 5593 5393 5149 3906 3684 3449 3247 3050 2825 2845 3002 3050 95 1820 1598 1483 1355 1432 1838 2330 2477 2718 2978 3284 3723 3858 4112 4032 3984 3722 3693 3689 6612 6276 5964 5650 5364 5227 5002 4707 4597 4504 4236 4443 4391 4551 4837 5191 4840 4874 4751 4475 4242 4009 3747 3661 3332 3407 3351 3182 3348 3399 3420 1888 1901 2110 2200 1565 1449 1381 1272 1222 997 861 647 313 158 417 625 786 984 1201 1341 1613 1670 1721 1915 2209 2302 2762 3049 2836 2943 
4972 5096 4816 4477 4207 3811 3412 3350 3052 2602 1897 1606 1149 758 498 310 0 298 563 757 1875 2218 2568 3227 3713 3889 4133 4257 4237 4087 3780 3699 4090 4661 4889 5159 5444 5206 5013 4896 4842 4641 4563 4548 4550 4636 4976 3083 2967 2750 2812 2984 2391 2204 2054 1870 1681 1396 1098 786 420 80 356 692 895 1225 1352 1443 1534 1736 1861 2089 2370 2574 2866 3009 5916 5896 5868 5929 6229 6091 6018 5919 5602 5391 5159 3757 3550 3350 3145 2990 2774 2822 2984 3063 375 1573 1394 1310 1271 1423 1822 2321 2481 2740 3014 3328 3774 3905 4134 4037 3963 3693 3636 3624 6860 6524 6212 5897 5605 5460 5229 4940 4820 4716 4445 4644 4569 4729 5017 5367 5005 5025 4889 4618 4385 4149 3878 3777 3448 3510 3435 3274 3436 3469 3430 1951 1912 2037 2094 1411 1249 1144 1000 928 690 551 337 39 431 712 877 1018 1191 1415 1585 1902 1972 2031 2226 2515 2600 3061 3351 3146 3253 
4952 5090 4833 4509 4220 3826 3425 3355 3059 2634 1948 1670 1244 905 710 606 298 0 266 542 1718 2072 2437 3102 3584 3747 4000 4142 4146 4014 3706 3662 4053 4642 4872 5146 5253 5032 4857 4753 4707 4532 4471 4473 4502 4608 4955 3063 2922 2696 2735 2854 2240 2029 1905 1724 1538 1255 979 685 350 266 653 990 1193 1523 1649 1735 1818 2020 2148 2382 2665 2870 3163 3307 5950 5914 5874 5921 6221 6075 5989 5873 5570 5349 5127 3583 3391 3225 3018 2905 2699 2775 2939 3047 673 1407 1296 1254 1316 1531 1912 2407 2576 2848 3133 3450 3900 4025 4232 4120 4023 3748 3664 3644 7066 6730 6417 6102 5805 5651 5413 5131 5001 4886 4612 4803 4704 4865 5154 5499 5127 5134 4985 4718 4486 4250 3970 3856 3528 3578 3485 3332 3490 3505 3408 2000 1912 1953 1976 1261 1056 912 732 638 391 258 50 307 729 1010 1164 1296 1455 1678 1861 2197 2270 2327 2520 2813 2897 3359 3649 3442 3541 
4978 5128 4892 4581 4278 3887 3486 3410 3117 2718 2056 1793 1401 1107 951 872 563 266 0 413 1585 1944 2320 2984 3460 3610 3870 4029 4054 3939 3631 3620 4009 4613 4843 5121 5115 4911 4755 4664 4625 4477 4433 4451 4504 4628 4979 3098 2935 2704 2721 2788 2157 1924 1830 1656 1479 1207 972 724 493 531 917 1254 1458 1787 1911 1991 2067 2268 2399 2639 2924 3131 3426 3571 6020 5970 5921 5956 6255 6101 6005 5872 5583 5354 5142 3467 3291 3160 2954 2881 2687 2788 2953 3086 938 1274 1234 1235 1383 1643 2001 2485 2661 2941 3233 3551 4002 4123 4309 4183 4066 3788 3681 3653 7273 6938 6625 6311 6009 5849 5607 5330 5192 5069 4795 4978 4861 5022 5312 5651 5272 5268 5110 4847 4616 4380 4094 3970 3645 3684 3576 3432 3586 3585 3438 2105 1979 1943 1933 1204 958 770 542 404 129 43 227 569 993 1274 1417 1541 1688 1910 2104 2456 2535 2593 2786 3078 3159 3622 3913 3708 3805 
5389 5541 5305 4994 4691 4301 3899 3824 3531 3129 2460 2191 1780 1448 1237 1049 757 542 413 0 1184 1541 1913 2578 3056 3213 3470 3622 3642 3525 3218 3210 3598 4206 4435 4713 5421 5238 5099 5021 4988 4857 4823 4848 4910 5038 5390 3511 3344 3113 3124 3166 2529 2281 2210 2041 1869 1605 1383 1137 870 768 1053 1370 1566 1886 1987 2027 2068 2261 2401 2666 2962 3179 3486 3641 6433 6384 6334 6368 6667 6512 6413 6277 5992 5760 5551 3803 3642 3538 3333 3281 3090 3198 3363 3499 1084 872 824 845 1065 1370 1688 2154 2334 2621 2918 3236 3685 3800 3965 3828 3695 3415 3294 3262 7603 7267 6954 6640 6344 6192 5955 5672 5543 5428 5155 5345 5243 5404 5693 6036 5661 5663 5510 5245 5013 4777 4494 4374 4048 4090 3986 3839 3995 3997 3851 2510 2391 2349 2327 1599 1337 1126 868 681 441 376 493 741 1122 1389 1460 1546 1647 1857 2078 2501 2619 2725 2927 3173 3217 3683 3983 3831 3972 
6500 6667 6453 6154 5840 5454 5054 4974 4685 4300 3642 3375 2962 2614 2373 2112 1875 1718 1585 1184 0 358 739 1399 1874 2029 2286 2445 2489 2404 2101 2182 2552 3187 3413 3694 6149 6030 5952 5914 5900 5834 5835 5889 5991 6142 6500 4645 4456 4222 4204 4160 3518 3242 3231 3082 2933 2700 2522 2307 2053 1909 2078 2325 2485 2756 2808 2772 2742 2895 3040 3333 3630 3854 4172 4343 7589 7527 7467 7486 7783 7619 7506 7344 7082 6838 6647 4654 4544 4522 4324 4344 4174 4311 4474 4636 2113 312 566 757 1169 1490 1529 1787 1958 2236 2525 2811 3223 3305 3360 3171 2957 2681 2472 2413 8725 8388 8077 7762 7475 7334 7104 6814 6695 6590 6318 6514 6422 6584 6872 7217 6844 6847 6693 6429 6197 5962 5677 5555 5230 5269 5160 5017 5170 5164 4977 3691 3557 3452 3389 2684 2400 2164 1902 1708 1572 1553 1671 1848 2129 2340 2296 2304 2300 2447 2695 3217 3403 3588 3796 3945 3911 4361 4670 4633 4853 
6851 7020 6810 6512 6197 5811 5411 5331 5042 4659 4000 3732 3317 2963 2717 2444 2218 2072 1944 1541 358 0 384 1041 1516 1675 1928 2086 2136 2062 1763 1882 2239 2880 3103 3384 6423 6319 6254 6225 6215 6162 6170 6229 6337 6493 6851 5000 4808 4574 4553 4495 3855 3575 3573 3428 3282 3053 2880 2666 2410 2256 2403 2634 2784 3040 3080 3028 2982 3123 3266 3560 3852 4075 4392 4566 7946 7883 7822 7838 8135 7969 7853 7687 7430 7184 6995 4960 4860 4854 4658 4690 4524 4664 4827 4992 2439 670 857 1020 1383 1665 1618 1780 1936 2193 2466 2731 3120 3188 3202 2999 2759 2491 2252 2184 9055 8718 8407 8093 7809 7671 7444 7151 7037 6935 6664 6862 6775 6936 7225 7571 7199 7204 7051 6786 6554 6319 6035 5914 5588 5628 5518 5376 5529 5523 5331 4049 3915 3805 3737 3037 2751 2514 2254 2062 1930 1911 2025 2190 2451 2648 2583 2574 2549 2676 2923 3458 3658 3859 4067 4191 4137 4578 4886 4880 5120 
7235 7404 7192 6893 6580 6193 5793 5713 5424 5037 4374 4103 3681 3319 3065 2778 2568 2437 2320 1913 739 384 0 665 1147 1324 1565 1708 1752 1683 1387 1541 1884 2527 2747 3027 6764 6672 6615 6591 6584 6538 6549 6610 6721 6877 7235 5383 5192 4958 4937 4874 4235 3955 3956 3812 3666 3437 3262 3043 2779 2610 2730 2940 3078 3315 3342 3272 3210 3335 3475 3769 4054 4274 4588 4764 8328 8266 8206 8222 8519 8353 8237 8070 7813 7567 7379 5325 5231 5233 5038 5074 4907 5048 5211 5375 2766 1047 1180 1313 1618 1852 1723 1777 1910 2138 2386 2623 2978 3032 3003 2786 2521 2266 1997 1919 9376 9039 8729 8415 8136 8004 7780 7484 7376 7280 7010 7211 7134 7295 7583 7931 7562 7571 7421 7155 6923 6687 6405 6287 5961 6003 5896 5752 5906 5902 5715 4424 4295 4189 4121 3421 3135 2898 2638 2445 2310 2286 2392 2537 2773 2953 2864 2838 2790 2895 3139 3682 3896 4116 4322 4416 4340 4769 5075 5104 5366 
7880 8053 7848 7553 7236 6851 6452 6371 6082 5700 5038 4768 4345 3981 3723 3429 3227 3102 2984 2578 1399 1041 665 0 485 690 908 1045 1122 1112 856 1173 1429 2057 2260 2532 7279 7212 7177 7167 7166 7143 7165 7235 7357 7520 7879 6037 5840 5606 5578 5493 4859 4574 4589 4450 4310 4088 3920 3706 3444 3271 3376 3571 3698 3918 3932 3846 3766 3874 4009 4299 4574 4789 5098 5274 8986 8921 8857 8869 9165 8995 8875 8699 8451 8201 8019 5898 5821 5847 5655 5710 5550 5697 5859 6029 3413 1710 1834 1951 2210 2394 2186 2104 2192 2359 2553 2729 3011 3033 2918 2680 2371 2159 1841 1745 10010 9673 9365 9051 8776 8649 8428 8130 8026 7934 7664 7869 7795 7956 8244 8593 8226 8236 8086 7820 7588 7352 7070 6952 6626 6667 6559 6416 6570 6564 6366 5088 4957 4838 4761 4070 3783 3545 3287 3097 2971 2950 3056 3196 3416 3582 3475 3434 3364 3447 3683 4231 4458 4696 4899 4960 4860 5271 5572 5643 5928 
8330 8508 8311 8020 7700 7316 6918 6835 6549 6173 5516 5248 4828 4466 4208 3915 3713 3584 3460 3056 1874 1516 1147 485 0 256 423 586 762 868 729 1176 1303 1869 2044 2297 7619 7571 7554 7555 7560 7555 7586 7665 7798 7968 8328 6497 6295 6061 6025 5921 5291 5004 5030 4896 4762 4546 4388 4181 3924 3756 3862 4053 4178 4392 4401 4309 4224 4325 4456 4744 5013 5226 5531 5707 9451 9380 9313 9319 9614 9442 9316 9133 8893 8640 8463 6287 6223 6269 6080 6153 5998 6152 6314 6490 3898 2186 2320 2436 2685 2853 2619 2481 2547 2678 2836 2971 3198 3200 3028 2783 2455 2284 1950 1848 10492 10155 9847 9534 9260 9133 8914 8615 8511 8420 8150 8354 8280 8441 8729 9077 8709 8718 8566 8301 8069 7833 7551 7430 7104 7144 7033 6891 7044 7035 6824 5566 5428 5294 5209 4527 4239 4001 3746 3558 3443 3427 3538 3682 3901 4065 3952 3907 3830 3904 4136 4684 4916 5160 5362 5409 5298 5700 5999 6089 6384 
8433 8617 8431 8149 7822 7442 7046 6961 6677 6313 5666 5403 4991 4638 4387 4102 3889 3747 3610 3213 2029 1675 1324 690 256 0 284 558 839 1015 936 1399 1482 2006 2164 2403 7625 7592 7588 7599 7609 7620 7661 7747 7892 8070 8431 6616 6406 6173 6129 6003 5379 5090 5128 5001 4873 4666 4521 4326 4083 3929 4053 4255 4386 4608 4622 4535 4454 4559 4692 4981 5253 5466 5773 5949 9575 9497 9424 9424 9717 9541 9410 9218 8987 8730 8561 6334 6281 6346 6160 6251 6103 6265 6426 6611 4089 2341 2504 2631 2900 3082 2860 2734 2802 2935 3092 3223 3443 3441 3258 3013 2682 2521 2185 2083 10694 10358 10049 9735 9458 9327 9104 8808 8700 8603 8333 8534 8450 8611 8900 9246 8874 8876 8720 8457 8225 7990 7704 7579 7255 7290 7173 7035 7186 7170 6939 5714 5566 5409 5315 4646 4356 4118 3868 3685 3586 3579 3700 3859 4095 4268 4164 4125 4054 4135 4369 4917 5146 5386 5588 5644 5538 5943 6243 6326 6616 
8712 8894 8705 8420 8095 7714 7317 7232 6948 6579 5927 5661 5244 4885 4629 4337 4133 4000 3870 3470 2286 1928 1565 908 423 284 0 306 643 878 888 1360 1367 1830 1969 2194 7905 7874 7872 7883 7893 7903 7944 8029 8173 8349 8710 6890 6683 6449 6407 6285 5660 5372 5408 5279 5149 4940 4789 4589 4339 4175 4285 4476 4600 4811 4819 4724 4636 4732 4862 5148 5414 5624 5927 6103 9848 9772 9700 9702 9996 9820 9690 9500 9267 9011 8840 6618 6565 6629 6443 6530 6381 6541 6702 6884 4321 2598 2742 2859 3106 3267 3020 2853 2905 3013 3146 3251 3437 3423 3211 2965 2630 2495 2160 2058 10914 10578 10270 9957 9683 9556 9337 9038 8934 8842 8572 8776 8699 8860 9149 9496 9126 9133 8979 8715 8483 8247 7963 7841 7516 7553 7439 7299 7451 7438 7214 5976 5833 5684 5593 4919 4630 4392 4141 3956 3850 3838 3954 4102 4324 4488 4373 4326 4246 4315 4545 5093 5328 5575 5776 5815 5698 6093 6390 6492 6794 
8914 9091 8891 8597 8279 7895 7496 7414 7127 6745 6082 5811 5384 5014 4750 4446 4257 4142 4029 3622 2445 2086 1708 1045 586 558 306 0 361 636 736 1185 1123 1540 1670 1889 8177 8138 8128 8134 8140 8139 8172 8251 8384 8553 8913 7078 6878 6644 6610 6507 5877 5591 5616 5482 5346 5128 4965 4752 4486 4304 4387 4560 4673 4868 4866 4760 4661 4746 4871 5153 5410 5616 5913 6089 10030 9962 9896 9904 10199 10027 9902 9719 9479 9226 9049 6866 6806 6855 6667 6739 6583 6735 6897 7071 4423 2755 2863 2963 3173 3304 3027 2812 2845 2924 3031 3109 3262 3237 3001 2757 2420 2310 1979 1879 10988 10652 10346 10034 9766 9646 9432 9129 9033 8949 8681 8889 8826 8987 9275 9625 9261 9275 9128 8861 8628 8393 8112 7995 7669 7712 7604 7461 7615 7609 7406 6132 6002 5877 5794 5110 4821 4583 4328 4139 4017 3995 4097 4225 4422 4570 4440 4382 4287 4341 4564 5109 5351 5609 5807 5823 5692 6074 6365 6493 6810 
8988 9156 8940 8635 8326 7938 7537 7459 7168 6771 6094 5816 5377 4996 4721 4404 4237 4146 4054 3642 2489 2136 1752 1122 762 839 643 361 0 298 506 889 770 1186 1330 1564 8373 8318 8292 8286 8287 8265 8286 8355 8472 8629 8987 7133 6945 6711 6689 6614 5978 5695 5705 5563 5419 5189 5008 4778 4494 4289 4338 4487 4587 4762 4749 4630 4521 4592 4712 4987 5235 5435 5725 5900 10072 10015 9957 9975 10272 10105 9988 9817 9565 9317 9131 7017 6943 6969 6776 6824 6660 6800 6963 7124 4374 2792 2851 2928 3092 3187 2879 2615 2628 2679 2760 2815 2940 2908 2658 2415 2079 1985 1661 1563 10888 10554 10250 9939 9679 9568 9360 9053 8967 8891 8627 8841 8795 8955 9241 9595 9239 9263 9124 8854 8621 8386 8110 8001 7673 7724 7626 7477 7634 7639 7466 6145 6033 5941 5873 5173 4888 4651 4390 4198 4053 4017 4103 4203 4367 4496 4348 4277 4167 4203 4418 4957 5205 5475 5668 5659 5513 5880 6167 6320 6652 
8899 9060 8831 8518 8217 7827 7425 7350 7057 6647 5962 5680 5234 4844 4563 4238 4087 4014 3939 3525 2404 2062 1683 1112 868 1015 878 636 298 0 308 598 490 1000 1178 1438 8392 8321 8281 8265 8261 8221 8232 8291 8394 8542 8899 7032 6853 6619 6607 6557 5917 5638 5634 5486 5336 5097 4903 4662 4364 4143 4168 4300 4390 4552 4531 4406 4291 4354 4471 4742 4983 5180 5467 5641 9958 9909 9857 9883 10181 10019 9909 9748 9485 9242 9049 6996 6910 6916 6720 6748 6577 6707 6871 7022 4203 2696 2718 2777 2907 2975 2650 2359 2361 2399 2470 2518 2642 2611 2366 2123 1786 1687 1362 1265 10675 10342 10039 9730 9474 9368 9165 8856 8775 8706 8444 8662 8628 8787 9072 9428 9078 9108 8976 8704 8471 8236 7965 7862 7533 7589 7499 7346 7505 7517 7369 6014 5915 5850 5793 5084 4801 4567 4304 4108 3948 3901 3973 4051 4193 4308 4148 4068 3949 3975 4183 4719 4970 5246 5436 5413 5259 5619 5902 6068 6407 
8593 8753 8523 8210 7909 7519 7117 7042 6749 6339 5654 5372 4926 4538 4258 3934 3780 3706 3631 3218 2101 1763 1387 856 729 936 888 736 506 308 0 472 588 1202 1404 1677 8121 8043 7996 7976 7970 7925 7933 7990 8090 8237 8593 6725 6547 6314 6303 6258 5617 5339 5332 5183 5032 4792 4596 4354 4056 3835 3865 4002 4096 4264 4248 4127 4016 4086 4206 4481 4729 4930 5221 5396 9650 9602 9550 9577 9875 9714 9604 9445 9181 8939 8744 6709 6618 6618 6422 6445 6272 6401 6565 6714 3900 2391 2410 2470 2607 2688 2374 2110 2129 2194 2295 2377 2549 2534 2330 2084 1751 1607 1271 1170 10390 10056 9752 9442 9184 9076 8871 8562 8479 8408 8145 8361 8324 8484 8769 9124 8774 8803 8670 8397 8164 7929 7658 7554 7226 7281 7191 7038 7197 7209 7062 5706 5607 5544 5489 4779 4497 4263 3999 3803 3640 3593 3665 3745 3891 4010 3855 3779 3666 3699 3912 4451 4700 4970 5163 5153 5007 5377 5664 5814 6145 
8599 8747 8495 8168 7882 7488 7087 7017 6721 6292 5593 5305 4848 4447 4157 3819 3699 3662 3620 3210 2182 1882 1541 1173 1176 1399 1360 1185 889 598 472 0 391 1005 1233 1514 8302 8201 8132 8097 8083 8009 8000 8042 8118 8248 8600 6717 6555 6324 6330 6327 5684 5413 5384 5226 5065 4811 4593 4331 4011 3761 3741 3841 3915 4052 4020 3884 3759 3810 3921 4185 4419 4611 4893 5066 9609 9576 9535 9576 9875 9722 9624 9482 9202 8968 8762 6835 6726 6692 6492 6482 6298 6408 6573 6703 3775 2443 2386 2407 2466 2486 2133 1797 1783 1805 1872 1928 2080 2063 1860 1614 1282 1135 800 698 10159 9827 9528 9220 8972 8875 8680 8367 8296 8238 7979 8202 8189 8347 8629 8987 8649 8690 8570 8294 8061 7828 7565 7473 7144 7209 7133 6973 7135 7162 7058 5647 5574 5559 5524 4802 4528 4300 4035 3838 3647 3580 3625 3662 3758 3847 3668 3575 3440 3448 3646 4173 4429 4713 4899 4855 4692 5041 5321 5501 5851 
8988 9136 8886 8559 8273 7879 7478 7408 7112 6683 5985 5696 5239 4838 4547 4208 4090 4053 4009 3598 2552 2239 1884 1429 1303 1482 1367 1123 770 490 588 391 0 643 863 1144 8648 8555 8494 8463 8451 8385 8380 8424 8504 8636 8989 7107 6943 6712 6716 6705 6063 5790 5766 5609 5449 5197 4981 4721 4402 4153 4129 4225 4294 4424 4387 4246 4116 4159 4266 4524 4748 4935 5210 5381 10000 9967 9925 9965 10265 10111 10011 9867 9589 9354 9149 7199 7095 7070 6871 6866 6684 6796 6962 7093 4163 2820 2774 2798 2855 2865 2503 2140 2108 2093 2117 2121 2199 2156 1891 1650 1315 1248 944 857 10520 10189 9891 9584 9339 9246 9053 8739 8672 8616 8359 8584 8574 8732 9013 9372 9035 9079 8959 8683 8451 8217 7955 7864 7535 7600 7524 7364 7527 7553 7448 6038 5965 5946 5909 5188 4912 4683 4418 4221 4034 3969 4016 4053 4146 4231 4047 3950 3810 3809 4000 4521 4779 5068 5250 5191 5017 5351 5626 5827 6186 
9590 9732 9472 9137 8860 8465 8064 7997 7700 7262 6558 6267 5805 5398 5103 4758 4661 4642 4613 4206 3187 2880 2527 2057 1869 2006 1830 1540 1186 1000 1202 1005 643 0 229 509 9291 9198 9134 9101 9088 9015 9005 9044 9116 9241 9591 7704 7548 7318 7329 7332 6689 6419 6388 6229 6066 5810 5585 5318 4989 4726 4674 4742 4795 4896 4845 4690 4548 4568 4663 4903 5105 5278 5534 5700 10577 10553 10517 10563 10863 10713 10619 10482 10197 9966 9756 7838 7731 7698 7497 7482 7296 7401 7566 7689 4707 3449 3381 3389 3404 3372 2988 2570 2501 2418 2365 2283 2230 2148 1804 1596 1308 1378 1189 1146 10940 10612 10319 10016 9782 9701 9518 9200 9145 9102 8849 9079 9089 9246 9524 9885 9558 9611 9501 9223 8991 8759 8503 8419 8091 8163 8095 7932 8096 8130 8047 6612 6553 6555 6525 5801 5529 5303 5037 4840 4644 4572 4608 4623 4684 4747 4546 4435 4279 4252 4424 4922 5186 5486 5659 5559 5361 5661 5919 6167 6548 
9819 9962 9701 9366 9089 8694 8293 8226 7929 7491 6786 6495 6032 5625 5330 4984 4889 4872 4843 4435 3413 3103 2747 2260 2044 2164 1969 1670 1330 1178 1404 1233 863 229 0 281 9509 9419 9358 9326 9313 9242 9233 9273 9346 9471 9821 7934 7778 7548 7559 7560 6917 6646 6617 6458 6295 6039 5815 5548 5219 4955 4900 4965 5015 5111 5058 4900 4756 4772 4864 5101 5297 5466 5717 5882 10806 10782 10746 10793 11092 10942 10848 10711 10427 10195 9986 8063 7957 7926 7726 7711 7525 7631 7796 7918 4932 3676 3610 3618 3631 3594 3208 2783 2707 2613 2544 2442 2354 2263 1900 1709 1446 1548 1387 1352 11141 10814 10522 10220 9990 9911 9729 9411 9359 9317 9065 9297 9310 9466 9743 10105 9779 9834 9725 9447 9215 8984 8729 8646 8317 8390 8323 8159 8323 8359 8276 6841 6782 6784 6755 6031 5759 5532 5266 5069 4873 4802 4837 4851 4910 4969 4765 4653 4494 4463 4631 5124 5388 5691 5861 5753 5550 5840 6094 6354 6740 
10096 10237 9973 9637 9362 8967 8566 8499 8203 7762 7056 6765 6301 5893 5596 5250 5159 5146 5121 4713 3694 3384 3027 2532 2297 2403 2194 1889 1564 1438 1677 1514 1144 509 281 0 9788 9699 9639 9607 9595 9524 9514 9553 9624 9747 10097 8209 8055 7825 7837 7841 7198 6928 6897 6738 6575 6318 6092 5823 5493 5226 5164 5222 5268 5356 5298 5137 4990 4998 5087 5317 5505 5669 5914 6076 11076 11054 11020 11068 11368 11219 11126 10990 10704 10474 10263 8344 8238 8207 8007 7991 7804 7908 8073 8193 5196 3957 3889 3894 3898 3852 3461 3026 2941 2830 2741 2614 2485 2382 2002 1835 1605 1743 1617 1592 11363 11037 10747 10446 10219 10145 9966 9647 9599 9561 9311 9544 9563 9719 9995 10356 10034 10092 9986 9707 9475 9244 8991 8911 8582 8657 8592 8427 8592 8629 8552 7111 7056 7063 7034 6310 6038 5812 5546 5349 5152 5079 5112 5121 5172 5226 5018 4902 4739 4701 4863 5348 5612 5918 6085 5963 5754 6031 6279 6554 6946 
3208 3478 3769 3925 3621 3638 3644 3571 3651 4004 4364 4536 4836 5121 5340 5606 5444 5253 5115 5421 6149 6423 6764 7279 7619 7625 7905 8177 8373 8392 8121 8302 8648 9291 9509 9788 0 435 843 1124 1264 1760 2051 2313 2722 3031 3189 3387 3209 3269 3065 2617 3087 3241 3417 3598 3785 4062 4368 4673 5026 5365 5708 5945 6093 6339 6497 6668 6818 7005 7090 7214 7414 7549 7741 7812 4469 4182 3969 3751 3896 3666 3415 3040 3175 2928 3059 1708 1962 2334 2496 2888 3105 3274 3208 3432 5701 5938 6141 6233 6482 6759 7106 7575 7755 8042 8338 8656 9106 9222 9377 9226 9060 8779 8606 8554 8281 8037 7789 7568 7246 6986 6722 6665 6412 6163 5988 5948 5538 5618 5784 5882 5521 5310 5046 5012 4933 4848 4653 4455 4430 4280 4060 4163 4114 3899 3253 4330 4074 3610 3450 4042 4200 4349 4576 4746 5020 5157 5256 5478 5762 5960 6216 6385 6589 6803 6912 7010 6931 6780 6875 7306 7531 7900 8099 7656 7468 
2779 3050 3334 3489 3186 3211 3230 3160 3254 3626 4023 4209 4533 4838 5070 5350 5206 5032 4911 5238 6030 6319 6672 7212 7571 7592 7874 8138 8318 8321 8043 8201 8555 9198 9419 9699 435 0 407 688 828 1324 1615 1877 2287 2596 2760 2994 2831 2908 2714 2303 2822 3004 3158 3342 3530 3813 4117 4426 4786 5126 5454 5676 5815 6049 6207 6383 6538 6721 6800 6912 7102 7229 7411 7476 4056 3773 3563 3354 3513 3282 3034 2664 2773 2518 2636 1449 1669 1992 2168 2531 2755 2906 2829 3039 5445 5804 5984 6064 6290 6553 6911 7389 7567 7850 8144 8462 8913 9033 9203 9061 8908 8627 8467 8420 7845 7601 7354 7134 6812 6552 6288 6234 5981 5731 5558 5515 5105 5184 5348 5446 5085 4874 4611 4577 4499 4416 4226 4029 4013 3860 3643 3751 3697 3481 2843 3985 3743 3307 3166 3796 3976 4141 4379 4557 4824 4954 5039 5242 5505 5690 5950 6121 6330 6539 6637 6708 6618 6455 6542 6976 7208 7566 7757 7303 7102 
2379 2651 2929 3082 2781 2815 2851 2785 2895 3288 3725 3928 4275 4599 4844 5138 5013 4857 4755 5099 5952 6254 6615 7177 7554 7588 7872 8128 8292 8281 7996 8132 8494 9134 9358 9639 843 407 0 281 421 917 1208 1470 1880 2189 2360 2642 2499 2596 2415 2054 2622 2831 2959 3143 3332 3617 3916 4228 4593 4933 5243 5448 5579 5799 5956 6137 6297 6476 6549 6647 6826 6946 7118 7176 3672 3395 3189 2990 3164 2932 2689 2329 2405 2142 2244 1302 1466 1716 1907 2227 2457 2585 2495 2687 5231 5712 5869 5936 6138 6386 6755 7240 7416 7695 7985 8303 8753 8876 9062 8928 8788 8507 8362 8318 7437 7194 6948 6728 6407 6147 5884 5833 5579 5329 5159 5113 4701 4778 4942 5039 4678 4467 4203 4171 4095 4015 3829 3634 3628 3474 3259 3374 3313 3097 2470 3685 3460 3059 2939 3604 3804 3985 4233 4418 4675 4798 4867 5050 5290 5462 5726 5898 6109 6315 6400 6445 6343 6167 6246 6682 6922 7267 7449 6986 6771 
2104 2378 2649 2801 2502 2544 2594 2533 2656 3065 3533 3747 4112 4449 4702 5006 4896 4753 4664 5021 5914 6225 6591 7167 7555 7599 7883 8134 8286 8265 7976 8097 8463 9101 9326 9607 1124 688 281 0 140 636 927 1189 1598 1909 2086 2410 2284 2398 2229 1915 2513 2741 2848 3030 3218 3503 3798 4109 4476 4815 5112 5304 5428 5638 5794 5978 6141 6316 6384 6474 6645 6758 6922 6976 3410 3138 2936 2745 2932 2700 2462 2112 2159 1889 1977 1268 1380 1559 1759 2038 2271 2379 2279 2454 5098 5664 5804 5863 6047 6285 6660 7149 7323 7599 7886 8203 8653 8778 8974 8846 8716 8436 8300 8260 7156 6913 6667 6449 6128 5868 5605 5556 5302 5052 4885 4836 4422 4499 4661 4758 4397 4186 3922 3890 3816 3739 3557 3363 3366 3210 2999 3118 3052 2836 2220 3491 3280 2908 2807 3493 3708 3899 4152 4341 4591 4708 4766 4933 5156 5317 5583 5756 5969 6171 6247 6272 6162 5977 6050 6486 6731 7068 7243 6772 6547 
1967 2242 2509 2661 2364 2411 2469 2409 2541 2958 3442 3662 4035 4379 4637 4945 4842 4707 4625 4988 5900 6215 6584 7166 7560 7609 7893 8140 8287 8261 7970 8083 8451 9088 9313 9595 1264 828 421 140 0 497 787 1049 1458 1769 1949 2298 2183 2306 2144 1858 2469 2706 2802 2982 3169 3454 3745 4056 4424 4762 5051 5237 5357 5561 5716 5903 6066 6240 6306 6390 6557 6667 6827 6878 3281 3012 2812 2626 2819 2588 2353 2010 2040 1767 1846 1275 1357 1495 1698 1953 2187 2283 2177 2342 5037 5646 5778 5831 6007 6239 6617 7107 7280 7555 7840 8157 8606 8732 8933 8809 8683 8404 8273 8234 7016 6773 6527 6309 5989 5729 5466 5419 5165 4914 4748 4698 4284 4360 4521 4617 4257 4046 3782 3751 3677 3602 3422 3229 3236 3080 2870 2993 2923 2707 2098 3398 3196 2841 2750 3446 3667 3863 4119 4310 4555 4669 4721 4880 5094 5249 5517 5690 5903 6103 6175 6190 6075 5886 5955 6392 6639 6971 7143 6668 6438 
1505 1783 2024 2164 1867 1928 2015 1965 2125 2572 3112 3353 3755 4120 4392 4715 4641 4532 4477 4857 5834 6162 6538 7143 7555 7620 7903 8139 8265 8221 7925 8009 8385 9015 9242 9524 1760 1324 917 636 497 0 291 554 966 1281 1489 1901 1830 1986 1857 1690 2331 2596 2648 2820 2999 3279 3555 3862 4229 4561 4821 4983 5089 5273 5425 5616 5785 5951 6008 6074 6226 6325 6470 6512 2852 2599 2411 2253 2475 2248 2033 1728 1674 1389 1415 1375 1348 1320 1524 1669 1899 1947 1821 1943 4804 5566 5665 5702 5845 6055 6443 6939 7107 7375 7654 7968 8415 8545 8764 8651 8543 8265 8152 8119 6521 6276 6030 5812 5492 5232 4970 4925 4670 4419 4257 4203 3788 3863 4024 4123 3761 3551 3287 3253 3181 3109 2935 2745 2768 2608 2406 2538 2458 2243 1664 3065 2896 2607 2555 3276 3521 3733 3995 4190 4418 4520 4551 4679 4858 4993 5263 5436 5652 5844 5899 5877 5748 5542 5599 6036 6293 6607 6766 6280 6032 
1238 1516 1738 1873 1579 1657 1772 1731 1914 2380 2958 3212 3631 4009 4288 4619 4563 4471 4433 4823 5835 6170 6549 7165 7586 7661 7944 8172 8286 8232 7933 8000 8380 9005 9233 9514 2051 1615 1208 927 787 291 0 265 677 995 1222 1708 1675 1854 1753 1675 2317 2594 2618 2782 2955 3227 3492 3793 4158 4484 4725 4870 4966 5136 5286 5480 5651 5812 5864 5918 6059 6151 6285 6321 2601 2359 2181 2043 2283 2063 1865 1594 1479 1193 1174 1525 1445 1317 1511 1573 1794 1803 1664 1748 4706 5559 5639 5666 5788 5984 6377 6874 7040 7303 7577 7890 8334 8466 8696 8590 8492 8216 8115 8085 6230 5985 5740 5522 5203 4942 4681 4639 4384 4133 3974 3916 3500 3574 3733 3832 3470 3260 2996 2963 2893 2824 2657 2471 2507 2346 2150 2290 2201 1988 1443 2909 2764 2526 2501 3228 3486 3705 3970 4167 4382 4476 4494 4602 4758 4879 5150 5322 5539 5725 5768 5723 5584 5368 5417 5853 6115 6417 6567 6074 5813 
987 1264 1472 1612 1329 1438 1595 1565 1777 2260 2875 3140 3574 3963 4249 4587 4548 4473 4451 4848 5889 6229 6610 7235 7665 7747 8029 8251 8355 8291 7990 8042 8424 9044 9273 9553 2313 1877 1470 1189 1049 554 265 0 412 730 972 1596 1608 1807 1738 1744 2376 2660 2659 2815 2979 3244 3495 3790 4151 4470 4692 4819 4906 5061 5209 5405 5579 5734 5780 5821 5952 6035 6158 6188 2359 2128 1959 1841 2096 1883 1704 1472 1299 1018 952 1722 1607 1408 1587 1570 1775 1745 1594 1633 4671 5606 5669 5686 5789 5972 6369 6867 7029 7287 7557 7867 8309 8443 8682 8584 8496 8221 8131 8104 5967 5724 5480 5266 4947 4686 4426 4391 4136 3884 3730 3666 3248 3318 3474 3568 3208 2997 2733 2705 2641 2580 2424 2243 2300 2137 1951 2101 2001 1792 1300 2823 2706 2520 2521 3248 3515 3741 4006 4203 4407 4493 4498 4587 4721 4828 5098 5269 5486 5666 5699 5630 5481 5255 5294 5729 5996 6285 6425 5924 5651 
