7
272
33 0 1 2 3 4 5 6 7 8 9 10 11 12 13 14 15 16 17 18 19 20 21 22 23 24 25 26 27 28 29 30 31 32
70 33 34 35 36 37 38 39 40 41 42 43 44 45 46 47 48 49 50 51 52 53 54 55 56 57 58 59 60 61 62 63 13 14 15 16 17 18 64 65 19 66 67 68 69 70 71 72 73 74 75 76 77 78 79 80 81 82 26 27 83 28 29 30 84 85 86 87 88 89 90
70 91 92 93 94 95 96 97 98 99 100 101 102 103 104 105 106 107 108 109 110 111 112 113 114 115 116 117 118 119 120 121 122 123 124 125 126 127 128 129 130 131 132 133 134 135 136 137 138 139 140 141 142 143 144 145 146 147 148 149 150 151 152 153 154 155 156 157 158 159 160
29 12 123 124 125 161 162 163 164 165 166 167 168 169 170 171 172 42 43 44 45 46 47 173 174 175 176 177 178 55
50 179 36 37 180 181 182 44 45 183 184 185 186 187 188 52 53 189 190 191 192 60 61 62 63 193 194 195 196 197 198 199 115 18 19 20 200 201 202 203 204 205 206 207 208 209 210 98 99 100 211
47 212 213 214 215 216 217 218 219 220 221 222 223 224 225 226 112 113 114 227 228 229 230 231 232 233 123 124 125 126 127 128 129 130 234 235 236 237 238 239 240 241 242 243 244 245 246 179
35 247 248 249 250 251 252 253 254 255 256 257 258 259 260 261 262 178 263 264 265 266 267 268 269 270 271 17 18 19 20 200 201 202 203 204
2400 3600 2400 1800 1800 1800 1800 
0 201 411 624 596 834 920 793 782 1443 1464 1499 1780 2312 2615 3011 3233 3651 3940 4182 4542 4696 4870 5190 5560 5836 5981 6208 6360 6528 6682 6661 6238 5594 5527 5736 5450 5261 4983 4901 4619 4376 4354 4275 4168 4062 3843 3666 3471 3386 3209 3088 2763 2388 2090 1764 1710 1787 1856 1940 1996 2038 2077 2147 4100 3943 4384 4420 4336 4450 4602 4658 4918 5089 5494 5615 5837 6028 6248 6328 6432 6730 6141 6082 6945 7189 7368 7702 8002 8360 8660 7430 7783 7287 7170 6884 6850 6595 6431 6330 6428 6573 7032 6711 6445 6182 6130 5951 5467 5224 4935 4676 4525 4167 4065 3827 3623 3218 2943 2705 2565 2381 2355 2118 2068 2033 1985 2056 2102 2175 2348 2818 3099 3233 3342 3463 3477 3094 3315 3691 3778 3962 4307 4223 4340 4499 4566 4698 5037 5247 5425 5574 5711 5968 6333 6645 6444 6291 6151 5931 5950 2050 2254 2529 2829 2920 3162 3313 3585 3972 4350 4459 4366 3260 2876 2610 2328 2000 1825 5396 4964 4784 4437 3876 3806 3743 3670 3242 3089 2296 2170 2102 2056 1977 2302 2845 3068 3294 3433 3689 4856 5226 5447 5518 5314 5412 5533 5804 6042 6200 6370 6551 4275 4220 4215 4235 4252 4306 4383 4505 4715 4941 5300 5526 5433 5229 4860 3679 3414 3199 3081 2801 2255 1976 2743 3079 3283 3613 3736 3808 3870 4067 4204 4455 4744 4954 5251 5557 5253 4960 4374 4047 3896 4164 4097 3929 3678 3381 3346 2977 2472 2170 2010 1842 2052 2395 2693 2704 2748 2865 3051 3207 
201 0 210 430 497 780 916 861 853 1512 1499 1482 1733 2223 2508 2878 3097 3539 3843 4095 4465 4616 4780 5090 5451 5717 5859 6077 6224 6389 6539 6516 6094 5402 5331 5537 5250 5061 4782 4703 4423 4179 4155 4075 3966 3860 3641 3465 3269 3185 3009 2889 2564 2189 1891 1566 1518 1609 1687 1781 1857 1922 1977 2068 4023 3874 4289 4321 4229 4349 4496 4546 4812 4979 5385 5507 5733 5929 6144 6216 6313 6617 6021 5947 6806 7048 7224 7556 7858 8215 8517 7384 7744 7246 7130 6841 6814 6564 6396 6286 6379 6515 6954 6630 6358 6098 6054 5879 5386 5140 4843 4597 4447 4082 3981 3736 3510 3081 2816 2589 2456 2277 2264 2033 1968 1917 1846 1897 1925 1985 2150 2619 2900 3032 3141 3261 3280 2902 3131 3516 3597 3779 4120 4032 4148 4309 4383 4520 4857 5065 5245 5397 5536 5799 6162 6476 6280 6130 5994 5786 5813 1908 2103 2370 2664 2753 2985 3131 3402 3787 4161 4267 4170 3059 2676 2411 2129 1802 1624 5196 4764 4583 4236 3674 3605 3543 3471 3043 2890 2099 1981 1927 1898 1911 2245 2814 3000 3216 3360 3607 4786 5152 5387 5473 5275 5384 5513 5780 6030 6179 6341 6495 4363 4290 4267 4274 4285 4315 4379 4491 4685 4901 5261 5480 5371 5155 4790 3599 3341 3121 3015 2768 2197 1911 2543 2880 3084 3413 3536 3606 3668 3866 4002 4254 4543 4753 5051 5458 5154 4856 4270 3935 3805 4080 4025 3872 3630 3332 3281 2891 2356 2038 1863 1642 1853 2196 2496 2513 2566 2697 2901 3068 
411 210 0 243 472 780 961 973 969 1611 1565 1496 1711 2150 2410 2750 2963 3433 3752 4016 4395 4543 4696 4995 5345 5601 5739 5946 6088 6248 6394 6370 5948 5203 5126 5328 5041 4852 4574 4496 4219 3975 3948 3865 3756 3650 3431 3255 3059 2974 2800 2682 2357 1982 1684 1359 1321 1429 1521 1627 1728 1820 1892 2006 3954 3815 4201 4227 4128 4253 4394 4438 4711 4873 5279 5403 5631 5832 6043 6106 6196 6505 5903 5812 6666 6906 7078 7408 7711 8069 8372 7345 7712 7213 7097 6804 6786 6541 6368 6249 6336 6463 6880 6553 6275 6018 5983 5811 5311 5061 4757 4525 4377 4004 3906 3652 3403 2948 2694 2482 2357 2185 2188 1965 1883 1815 1717 1742 1748 1789 1945 2411 2693 2822 2931 3051 3076 2703 2941 3335 3410 3589 3926 3832 3947 4111 4193 4336 4668 4875 5058 5213 5356 5624 5984 6300 6109 5963 5831 5636 5673 1773 1956 2213 2498 2584 2804 2946 3215 3596 3966 4068 3967 2850 2467 2203 1922 1597 1414 4989 4555 4374 4026 3464 3396 3335 3264 2836 2683 1894 1787 1752 1744 1866 2206 2799 2943 3149 3297 3533 4724 5083 5333 5436 5244 5366 5502 5765 6027 6167 6320 6444 4466 4374 4332 4326 4330 4337 4387 4487 4664 4870 5231 5442 5316 5087 4728 3528 3278 3054 2962 2751 2157 1867 2336 2673 2876 3206 3328 3397 3458 3656 3792 4044 4334 4544 4842 5359 5054 4753 4168 3824 3718 3999 3957 3819 3588 3290 3222 2811 2247 1911 1720 1434 1646 1988 2292 2317 2380 2529 2753 2934 
624 430 243 0 405 696 914 1008 1008 1606 1522 1395 1568 1957 2198 2519 2730 3213 3541 3812 4198 4343 4489 4780 5123 5374 5509 5712 5852 6010 6155 6130 5709 4971 4902 5115 4829 4640 4362 4278 3994 3751 3731 3658 3558 3454 3240 3069 2871 2776 2591 2465 2141 1765 1467 1142 1087 1186 1278 1387 1498 1606 1692 1823 3760 3627 3992 4013 3910 4038 4175 4216 4492 4651 5058 5182 5412 5616 5825 5882 5969 6280 5675 5577 6429 6667 6839 7168 7471 7829 8133 7169 7543 7042 6928 6632 6620 6380 6203 6077 6160 6279 6679 6349 6068 5813 5784 5615 5110 4857 4549 4327 4180 3802 3706 3446 3183 2715 2466 2263 2144 1977 1993 1778 1683 1602 1488 1501 1505 1554 1724 2196 2477 2618 2733 2862 2927 2575 2838 3253 3314 3485 3808 3701 3812 3983 4086 4243 4566 4768 4959 5120 5269 5548 5902 6223 6043 5904 5780 5608 5660 1541 1717 1971 2255 2341 2562 2705 2975 3357 3730 3836 3741 2671 2297 2042 1768 1452 1242 4774 4346 4167 3822 3266 3191 3122 3048 2620 2466 1671 1550 1509 1504 1699 2041 2653 2761 2957 3109 3336 4532 4887 5148 5265 5078 5211 5354 5613 5886 6016 6161 6260 4445 4331 4267 4245 4242 4223 4258 4347 4508 4704 5066 5270 5131 4892 4537 3332 3089 2862 2781 2604 1992 1702 2121 2457 2661 2990 3116 3192 3260 3460 3594 3840 4127 4336 4631 5405 5099 4795 4212 3858 3782 4070 4044 3924 3705 3408 3322 2889 2291 1935 1721 1223 1431 1774 2069 2082 2139 2285 2513 2699 
596 497 472 405 0 308 510 625 628 1201 1119 1024 1245 1727 2021 2417 2641 3056 3351 3600 3968 4119 4286 4599 4965 5239 5384 5612 5765 5936 6092 6071 5648 5112 5079 5326 5045 4858 4583 4478 4168 3934 3939 3892 3815 3715 3514 3353 3153 3037 2828 2683 2363 1993 1702 1388 1268 1278 1314 1375 1406 1442 1485 1570 3526 3377 3796 3830 3742 3859 4008 4063 4325 4495 4900 5021 5245 5438 5656 5733 5836 6135 5544 5487 6352 6596 6778 7113 7413 7769 8069 6891 7254 6755 6640 6349 6326 6078 5907 5794 5885 6019 6457 6133 5863 5602 5557 5381 4890 4644 4349 4100 3950 3585 3485 3241 3027 2625 2348 2108 1970 1788 1769 1536 1477 1437 1395 1491 1576 1712 1940 2423 2699 2867 2996 3142 3266 2936 3216 3642 3694 3860 4174 4054 4161 4340 4459 4625 4942 5139 5336 5500 5653 5938 6288 6612 6436 6300 6179 6012 6066 1464 1676 1961 2269 2364 2630 2795 3069 3465 3855 3985 3918 2971 2613 2371 2109 1807 1571 4985 4572 4400 4065 3526 3434 3345 3260 2835 2684 1882 1699 1571 1489 1415 1751 2331 2502 2719 2862 3110 4289 4654 4890 4981 4785 4901 5034 5299 5557 5699 5856 5999 4040 3930 3875 3861 3863 3864 3914 4017 4200 4411 4772 4987 4874 4658 4293 3102 2843 2624 2518 2284 1702 1415 2348 2679 2880 3207 3342 3436 3520 3722 3851 4082 4362 4563 4849 5802 5496 5193 4609 4258 4171 4456 4421 4289 4060 3762 3690 3270 2687 2336 2126 1482 1674 2008 2271 2233 2237 2311 2468 2615 
834 780 780 696 308 0 241 491 503 948 832 716 954 1485 1807 2249 2479 2844 3117 3351 3709 3863 4040 4366 4745 5032 5183 5426 5588 5766 5929 5910 5487 5102 5098 5373 5097 4912 4641 4520 4190 3963 3989 3966 3909 3815 3625 3475 3274 3141 2913 2754 2442 2085 1807 1513 1351 1293 1285 1306 1273 1252 1263 1315 3266 3109 3557 3598 3519 3629 3786 3848 4100 4276 4680 4799 5018 5204 5427 5516 5628 5919 5339 5308 6180 6427 6614 6954 7250 7605 7902 6606 6964 6467 6351 6061 6034 5784 5615 5507 5601 5742 6198 5877 5614 5349 5296 5117 4634 4392 4106 3842 3691 3335 3233 2999 2817 2463 2169 1909 1760 1571 1529 1289 1255 1248 1262 1416 1560 1757 2023 2504 2773 2962 3102 3262 3441 3137 3437 3878 3918 4076 4376 4241 4344 4530 4670 4848 5155 5347 5550 5720 5878 6172 6516 6843 6676 6546 6430 6278 6340 1340 1571 1869 2188 2289 2583 2762 3036 3439 3838 3986 3943 3111 2770 2545 2297 2012 1757 5032 4636 4470 4144 3625 3519 3413 3319 2902 2755 1963 1737 1549 1411 1143 1470 2034 2234 2461 2599 2857 4022 4392 4615 4694 4495 4604 4735 5001 5255 5400 5561 5721 3757 3635 3572 3555 3555 3556 3609 3714 3904 4121 4481 4701 4600 4395 4026 2846 2580 2366 2247 1988 1423 1142 2431 2753 2950 3270 3412 3522 3618 3821 3944 4162 4433 4627 4903 6100 5795 5491 4908 4554 4475 4761 4728 4597 4368 4071 3999 3576 2987 2631 2414 1614 1787 2105 2336 2258 2220 2237 2340 2456 
920 916 961 914 510 241 0 326 342 707 609 578 884 1487 1839 2322 2554 2868 3112 3327 3668 3825 4018 4358 4751 5052 5208 5466 5636 5821 5990 5974 5551 5273 5284 5571 5298 5115 4845 4717 4379 4156 4191 4177 4128 4035 3850 3703 3502 3364 3131 2967 2659 2307 2034 1746 1576 1495 1467 1466 1392 1323 1299 1303 3226 3057 3544 3593 3527 3628 3792 3863 4103 4285 4686 4802 5016 5194 5422 5524 5646 5928 5361 5356 6232 6482 6675 7017 7311 7663 7957 6516 6865 6370 6253 5968 5931 5675 5512 5415 5516 5669 6152 5837 5583 5314 5249 5066 4595 4359 4085 3803 3651 3308 3204 2985 2842 2539 2233 1955 1797 1603 1534 1291 1291 1318 1381 1570 1744 1966 2243 2721 2987 3183 3325 3490 3680 3379 3679 4119 4159 4318 4617 4482 4584 4771 4911 5089 5397 5589 5792 5962 6120 6413 6757 7084 6916 6785 6668 6512 6571 1463 1702 2005 2328 2431 2741 2927 3199 3605 4008 4166 4134 3344 3006 2784 2537 2254 1998 5232 4843 4679 4358 3845 3735 3623 3526 3114 2967 2182 1942 1730 1564 1109 1412 1927 2187 2428 2556 2828 3969 4345 4547 4604 4398 4491 4612 4883 5123 5279 5450 5646 3531 3421 3372 3366 3373 3398 3466 3585 3795 4025 4383 4612 4533 4347 3972 2814 2538 2334 2196 1884 1367 1105 2649 2968 3162 3479 3623 3738 3839 4041 4163 4375 4643 4834 5106 6310 6005 5702 5118 4768 4676 4959 4918 4777 4541 4243 4182 3771 3196 2846 2636 1848 2016 2328 2548 2454 2398 2381 2445 2535 
793 861 973 1008 625 491 326 0 17 653 682 813 1158 1791 2153 2646 2878 3174 3404 3606 3934 4094 4296 4645 5046 5355 5513 5778 5950 6138 6309 6293 5870 5587 5588 5864 5589 5404 5132 5011 4681 4454 4481 4455 4395 4299 4105 3951 3750 3623 3400 3243 2929 2569 2287 1984 1835 1784 1772 1782 1718 1648 1616 1602 3494 3316 3830 3884 3825 3920 4088 4164 4397 4583 4982 5096 5306 5479 5710 5819 5947 6224 5663 5670 6547 6798 6993 7336 7628 7980 8273 6730 7068 6577 6459 6180 6133 5870 5713 5629 5737 5902 6410 6099 5852 5581 5507 5320 4860 4630 4365 4069 3917 3586 3480 3272 3150 2863 2555 2272 2112 1918 1839 1596 1609 1643 1706 1889 2048 2248 2509 2991 3262 3447 3583 3739 3887 3561 3840 4261 4317 4485 4799 4678 4785 4964 5084 5247 5566 5764 5960 6123 6275 6556 6909 7231 7051 6912 6786 6604 6646 1789 2027 2329 2651 2754 3059 3243 3516 3920 4322 4474 4434 3579 3228 2992 2732 2432 2194 5524 5127 4960 4633 4109 4006 3903 3810 3392 3244 2449 2228 2036 1883 1399 1680 2144 2455 2704 2825 3106 4224 4604 4787 4822 4608 4684 4793 5068 5289 5459 5642 5878 3503 3433 3422 3443 3462 3532 3623 3761 3995 4238 4592 4832 4775 4606 4226 3089 2808 2612 2461 2104 1638 1393 2918 3242 3440 3760 3902 4009 4103 4305 4430 4651 4923 5118 5395 6318 6014 5716 5130 4792 4667 4941 4882 4720 4471 4174 4134 3751 3213 2884 2693 2083 2264 2588 2825 2749 2707 2704 2772 2859 
782 853 969 1008 628 503 342 17 0 662 696 831 1175 1809 2170 2663 2895 3192 3422 3624 3951 4111 4314 4663 5063 5373 5531 5795 5968 6155 6326 6310 5888 5600 5600 5876 5600 5415 5143 5023 4693 4466 4492 4466 4404 4308 4114 3959 3758 3632 3409 3253 2939 2578 2295 1992 1845 1796 1785 1796 1734 1665 1634 1620 3512 3334 3848 3902 3842 3938 4106 4182 4415 4601 5000 5113 5323 5496 5728 5837 5965 6242 5681 5688 6565 6815 7010 7353 7646 7997 8290 6746 7084 6593 6475 6196 6149 5886 5729 5646 5754 5919 6427 6116 5870 5599 5524 5337 4878 4647 4383 4087 3935 3603 3497 3290 3168 2880 2572 2290 2129 1936 1857 1614 1626 1660 1722 1903 2061 2259 2519 3001 3272 3456 3592 3747 3892 3565 3842 4262 4319 4487 4802 4682 4789 4968 5086 5249 5569 5767 5962 6125 6276 6557 6910 7232 7051 6912 6785 6602 6643 1804 2042 2344 2666 2769 3073 3256 3530 3934 4335 4487 4447 3586 3234 2997 2737 2436 2198 5535 5137 4970 4643 4118 4016 3913 3821 3403 3254 2459 2239 2049 1898 1417 1698 2160 2473 2722 2843 3124 4242 4621 4804 4839 4625 4699 4808 5084 5304 5475 5658 5894 3509 3441 3433 3455 3475 3546 3638 3776 4011 4255 4609 4848 4792 4623 4244 3107 2825 2630 2478 2121 1656 1411 2927 3252 3450 3771 3912 4019 4112 4314 4439 4661 4933 5129 5406 6312 6007 5709 5124 4786 4659 4933 4873 4711 4461 4164 4125 3743 3207 2879 2690 2090 2272 2597 2836 2761 2720 2718 2788 2876 
1443 1512 1611 1606 1201 948 707 653 662 0 260 640 975 1639 2032 2590 2820 2977 3133 3283 3565 3729 3961 4337 4764 5103 5273 5571 5762 5965 6151 6140 5723 5754 5808 6131 5867 5687 5424 5276 4916 4706 4767 4780 4753 4665 4492 4355 4155 4004 3756 3581 3286 2951 2694 2423 2233 2106 2039 1991 1834 1664 1561 1446 3139 2939 3527 3600 3569 3642 3823 3919 4119 4317 4702 4808 5002 5153 5395 5534 5685 5937 5411 5483 6364 6619 6826 7175 7458 7802 8086 6227 6545 6061 5943 5674 5609 5338 5192 5129 5250 5437 5998 5700 5476 5199 5100 4906 4479 4266 4033 3700 3550 3257 3149 2982 2958 2805 2482 2175 2005 1820 1687 1470 1556 1661 1823 2077 2308 2580 2882 3350 3604 3817 3967 4142 4369 4080 4385 4827 4866 5023 5318 5176 5276 5466 5614 5796 6100 6290 6496 6667 6826 7120 7464 7791 7624 7493 7375 7214 7267 1909 2150 2449 2768 2874 3215 3416 3680 4085 4495 4677 4679 4012 3688 3476 3236 2958 2698 5794 5428 5273 4966 4476 4353 4225 4120 3722 3582 2820 2551 2289 2068 1231 1402 1700 2128 2394 2488 2789 3822 4208 4344 4334 4109 4153 4245 4526 4722 4908 5107 5409 2855 2779 2775 2807 2834 2938 3054 3213 3482 3747 4091 4346 4335 4208 3822 2764 2472 2311 2123 1671 1374 1219 3281 3585 3772 4078 4228 4357 4470 4671 4786 4983 5239 5421 5679 6967 6662 6363 5777 5435 5318 5593 5535 5372 5122 4824 4787 4403 3857 3521 3321 2526 2680 2976 3164 3032 2928 2830 2792 2809 
1464 1499 1565 1522 1119 832 609 682 696 260 0 383 715 1381 1773 2330 2560 2728 2897 3060 3355 3518 3742 4112 4533 4867 5035 5327 5516 5717 5901 5890 5472 5500 5560 5890 5628 5450 5188 5036 4671 4465 4531 4552 4533 4448 4281 4149 3950 3792 3539 3360 3071 2745 2497 2241 2039 1891 1812 1754 1584 1407 1300 1187 2924 2730 3299 3368 3331 3408 3588 3680 3887 4082 4471 4578 4776 4934 5173 5305 5451 5709 5175 5236 6118 6372 6578 6926 7211 7555 7841 6075 6405 5916 5798 5524 5469 5203 5050 4975 5089 5266 5806 5503 5272 4996 4906 4714 4275 4056 3814 3491 3340 3035 2927 2750 2708 2545 2222 1915 1746 1560 1429 1210 1295 1403 1574 1836 2078 2363 2673 3135 3384 3603 3757 3937 4191 3919 4238 4690 4719 4870 5153 5002 5099 5293 5456 5646 5942 6128 6338 6513 6677 6978 7317 7646 7488 7362 7251 7107 7172 1660 1899 2196 2514 2620 2963 3167 3429 3833 4244 4429 4436 3817 3504 3302 3072 2808 2539 5555 5195 5042 4740 4259 4131 3998 3891 3498 3360 2612 2332 2057 1826 972 1158 1510 1901 2165 2266 2562 3624 4008 4162 4173 3953 4016 4119 4397 4611 4785 4973 5240 2925 2811 2769 2775 2789 2850 2944 3086 3334 3587 3937 4184 4152 4009 3624 2540 2249 2078 1899 1476 1127 960 3067 3365 3549 3851 4002 4136 4253 4454 4566 4756 5009 5187 5442 6920 6615 6312 5728 5378 5283 5565 5519 5371 5129 4831 4779 4376 3805 3456 3244 2344 2487 2771 2945 2801 2686 2577 2532 2549 
1499 1482 1496 1395 1024 716 578 813 831 640 383 0 363 1032 1418 1962 2193 2404 2606 2797 3120 3280 3486 3841 4249 4568 4731 5011 5192 5388 5567 5554 5134 5117 5179 5514 5253 5076 4817 4661 4292 4088 4160 4189 4178 4095 3935 3811 3613 3448 3188 3005 2724 2410 2177 1943 1726 1552 1456 1385 1203 1023 924 837 2681 2503 3025 3084 3033 3122 3294 3378 3600 3790 4185 4297 4503 4672 4905 5022 5158 5427 4877 4912 5793 6046 6247 6594 6882 7229 7518 5939 6286 5791 5674 5391 5353 5096 4933 4838 4940 5097 5597 5285 5039 4768 4694 4507 4047 3817 3556 3256 3104 2776 2669 2469 2382 2178 1857 1554 1386 1196 1080 849 918 1020 1193 1462 1715 2017 2336 2788 3030 3256 3414 3599 3888 3641 3976 4441 4455 4597 4865 4703 4795 4994 5174 5377 5662 5841 6057 6237 6406 6717 7047 7380 7233 7115 7012 6894 6975 1279 1517 1813 2130 2236 2581 2785 3046 3450 3861 4047 4059 3492 3195 3009 2794 2551 2272 5179 4825 4675 4377 3908 3775 3636 3526 3140 3005 2276 1984 1693 1451 622 870 1349 1643 1895 2013 2297 3411 3790 3979 4028 3820 3913 4035 4305 4549 4702 4871 5074 3135 2975 2882 2851 2846 2840 2897 3010 3217 3447 3805 4036 3966 3792 3413 2279 1995 1804 1648 1306 830 612 2722 3012 3191 3488 3640 3780 3902 4102 4211 4394 4642 4818 5068 6789 6484 6178 5597 5237 5176 5466 5438 5312 5084 4786 4712 4284 3681 3316 3088 2046 2172 2439 2593 2436 2311 2194 2153 2181 
1780 1733 1711 1568 1245 954 884 1158 1175 975 715 363 0 670 1060 1615 1845 2040 2248 2449 2784 2942 3139 3487 3891 4207 4369 4647 4829 5024 5204 5191 4771 4826 4911 5266 5013 4839 4586 4417 4036 3843 3932 3983 3993 3917 3773 3663 3469 3290 3019 2827 2567 2284 2082 1891 1656 1435 1305 1196 963 732 597 475 2343 2173 2672 2728 2673 2764 2935 3016 3242 3430 3827 3940 4148 4320 4552 4664 4797 5069 4516 4548 5429 5682 5884 6231 6518 6865 7154 5652 6010 5513 5397 5107 5081 4832 4662 4553 4648 4793 5268 4952 4700 4431 4365 4182 3711 3476 3208 2919 2767 2429 2323 2114 2018 1830 1507 1200 1031 845 719 495 593 730 956 1251 1537 1871 2206 2630 2854 3095 3259 3454 3800 3592 3947 4426 4422 4550 4796 4616 4701 4907 5113 5331 5599 5769 5992 6179 6355 6677 6996 7333 7200 7093 7001 6912 7011 1036 1259 1539 1846 1951 2307 2516 2769 3169 3580 3778 3810 3372 3105 2944 2754 2545 2259 4935 4599 4457 4174 3733 3588 3435 3321 2954 2827 2147 1834 1510 1239 259 527 1088 1303 1547 1673 1949 3085 3460 3668 3740 3541 3656 3791 4054 4319 4456 4610 4771 3171 2963 2822 2756 2734 2668 2692 2780 2954 3167 3527 3747 3654 3463 3088 1933 1654 1454 1312 1040 483 249 2570 2837 3006 3287 3442 3594 3727 3923 4024 4190 4427 4593 4832 6896 6592 6283 5708 5339 5310 5606 5595 5487 5272 4976 4884 4436 3809 3432 3191 1991 2085 2316 2428 2238 2079 1913 1828 1834 
2312 2223 2150 1957 1727 1485 1487 1791 1809 1639 1381 1032 670 0 393 967 1190 1383 1632 1872 2244 2393 2558 2881 3265 3565 3722 3988 4165 4358 4536 4523 4102 4258 4382 4772 4534 4369 4131 3938 3538 3367 3489 3581 3632 3570 3460 3380 3199 2996 2711 2509 2302 2096 1972 1881 1637 1357 1178 1010 718 441 278 195 1804 1671 2072 2113 2040 2145 2305 2375 2618 2798 3200 3317 3534 3719 3943 4037 4158 4441 3873 3885 4765 5017 5217 5563 5852 6200 6490 5222 5606 5104 4990 4690 4692 4464 4279 4137 4212 4323 4732 4406 4135 3874 3833 3661 3163 2916 2623 2376 2227 1858 1758 1515 1359 1176 852 541 373 216 48 196 286 444 719 1000 1311 1679 2016 2361 2539 2801 2972 3182 3629 3500 3885 4379 4340 4443 4641 4433 4502 4719 4969 5213 5446 5597 5833 6030 6217 6558 6854 7195 7091 7004 6932 6899 7031 756 884 1084 1341 1439 1805 2018 2248 2633 3039 3258 3328 3150 2949 2844 2710 2572 2290 4451 4153 4027 3776 3395 3232 3055 2932 2614 2509 1964 1636 1279 985 410 375 936 816 1000 1152 1384 2575 2933 3193 3329 3156 3321 3486 3728 4038 4134 4252 4305 3429 3150 2929 2801 2746 2560 2511 2535 2623 2785 3145 3332 3175 2937 2580 1378 1133 905 842 887 361 421 2314 2525 2666 2909 3067 3239 3390 3576 3660 3790 4001 4148 4363 7045 6745 6433 5874 5492 5523 5827 5845 5773 5583 5293 5170 4693 4032 3644 3386 1965 1991 2134 2152 1905 1681 1413 1224 1184 
2615 2508 2410 2198 2021 1807 1839 2153 2170 2032 1773 1418 1060 393 0 581 799 1037 1342 1623 2024 2161 2292 2584 2944 3225 3375 3627 3797 3985 4159 4144 3722 3901 4046 4455 4226 4067 3838 3633 3225 3067 3209 3325 3400 3347 3259 3199 3029 2816 2527 2323 2157 2010 1940 1914 1682 1392 1206 1026 768 592 543 586 1598 1508 1793 1816 1721 1842 1988 2043 2304 2474 2879 3000 3225 3422 3636 3712 3821 4115 3532 3517 4394 4645 4841 5186 5477 5827 6120 5058 5457 4955 4845 4539 4561 4349 4156 3991 4050 4135 4487 4155 3869 3617 3598 3436 2920 2664 2351 2149 2006 1616 1525 1253 1010 785 462 153 57 236 346 568 552 596 774 973 1255 1613 1931 2212 2355 2623 2796 3011 3514 3433 3830 4328 4269 4354 4523 4300 4359 4581 4855 5112 5324 5462 5704 5906 6098 6448 6730 7072 6985 6909 6850 6850 7000 768 782 876 1066 1153 1513 1724 1933 2303 2703 2933 3025 3011 2855 2786 2690 2598 2328 4140 3866 3751 3520 3181 3007 2819 2693 2412 2323 1887 1569 1223 959 801 719 1117 763 844 1009 1170 2375 2712 3012 3195 3045 3244 3427 3650 3988 4055 4147 4120 3687 3378 3122 2965 2894 2646 2555 2538 2563 2683 3037 3195 2991 2717 2382 1176 990 760 802 1075 722 813 2175 2343 2462 2677 2833 3015 3176 3353 3426 3533 3727 3862 4061 7091 6794 6482 5935 5549 5614 5921 5957 5906 5731 5446 5306 4816 4142 3752 3490 1985 1968 2049 2006 1731 1471 1138 870 795 
3011 2878 2750 2519 2417 2249 2322 2646 2663 2590 2330 1962 1615 967 581 0 233 780 1196 1533 1959 2065 2120 2336 2631 2859 2991 3199 3348 3520 3679 3660 3237 3333 3498 3926 3709 3557 3342 3123 2705 2568 2734 2883 2991 2953 2898 2868 2719 2494 2209 2011 1918 1871 1889 1961 1765 1494 1326 1168 1021 1000 1042 1152 1595 1587 1624 1604 1463 1614 1715 1728 2025 2163 2566 2694 2932 3151 3343 3376 3452 3770 3158 3070 3935 4180 4365 4704 5001 5356 5654 5012 5433 4936 4831 4519 4574 4392 4188 3989 4021 4060 4307 3966 3657 3426 3449 3311 2773 2507 2165 2064 1941 1541 1479 1182 746 217 122 428 594 771 922 1121 1049 1005 1032 1068 1248 1539 1801 1962 2044 2313 2483 2700 3273 3267 3673 4168 4080 4140 4263 4021 4065 4291 4597 4871 5049 5169 5417 5625 5824 6185 6444 6786 6723 6665 6624 6670 6846 977 834 709 707 755 1066 1262 1429 1771 2160 2401 2522 2748 2663 2652 2614 2595 2355 3620 3377 3276 3075 2801 2616 2414 2285 2070 2011 1772 1500 1223 1060 1362 1300 1613 1117 1051 1195 1210 2327 2611 2974 3231 3119 3364 3569 3761 4132 4156 4207 4051 4192 3859 3572 3389 3303 2994 2855 2789 2729 2785 3116 3226 2948 2619 2337 1235 1182 1007 1160 1579 1303 1375 1943 2036 2117 2281 2432 2625 2796 2958 3014 3087 3256 3374 3552 7048 6758 6449 5924 5534 5650 5958 6020 6002 5852 5577 5412 4907 4223 3838 3573 2007 1928 1910 1773 1472 1177 766 352 219 
3233 3097 2963 2730 2641 2479 2554 2878 2895 2820 2560 2193 1845 1190 799 233 0 682 1113 1458 1881 1973 1997 2181 2452 2661 2787 2983 3127 3295 3452 3432 3009 3154 3339 3783 3576 3431 3226 2997 2576 2456 2638 2807 2935 2905 2870 2856 2718 2491 2212 2021 1964 1960 2011 2112 1930 1670 1510 1361 1239 1232 1275 1378 1553 1578 1514 1476 1321 1480 1560 1557 1864 1988 2386 2516 2757 2983 3165 3185 3252 3576 2957 2850 3711 3955 4138 4476 4773 5129 5428 4915 5342 4849 4747 4434 4501 4330 4124 3913 3934 3956 4164 3821 3505 3283 3322 3192 2651 2385 2036 1976 1864 1472 1424 1132 650 15 338 649 817 1000 1144 1350 1282 1236 1250 1256 1402 1662 1895 2002 2053 2318 2484 2699 3300 3327 3733 4224 4125 4173 4276 4026 4063 4289 4609 4890 5052 5163 5413 5623 5824 6190 6438 6780 6728 6677 6644 6711 6897 1190 1025 849 757 774 1025 1200 1328 1639 2012 2263 2406 2770 2718 2730 2716 2722 2495 3485 3266 3176 2996 2763 2574 2365 2237 2062 2020 1873 1625 1379 1250 1590 1510 1771 1237 1123 1248 1204 2249 2509 2892 3174 3079 3340 3552 3731 4112 4119 4154 3949 4338 3992 3691 3496 3403 3068 2911 2824 2730 2759 3078 3168 2864 2517 2260 1237 1238 1098 1278 1742 1517 1603 1992 2048 2107 2240 2386 2583 2758 2910 2956 3008 3158 3264 3427 7142 6855 6547 6031 5641 5774 6082 6152 6145 6003 5732 5560 5050 4366 3984 3720 2150 2053 1998 1826 1523 1223 801 344 40 
3651 3539 3433 3213 3056 2844 2868 3174 3192 2977 2728 2404 2040 1383 1037 780 682 0 430 776 1198 1292 1339 1576 1911 2188 2341 2606 2789 2988 3174 3164 2749 3494 3751 4234 4055 3927 3748 3501 3076 2993 3202 3401 3553 3532 3516 3516 3385 3158 2883 2695 2647 2636 2668 2740 2539 2261 2086 1919 1726 1616 1580 1574 888 954 844 826 700 841 963 1006 1279 1440 1846 1969 2199 2406 2611 2677 2783 3079 2495 2508 3390 3644 3849 4198 4482 4827 5114 4238 4663 4168 4065 3753 3818 3648 3441 3230 3254 3283 3532 3192 2888 2652 2669 2530 1992 1727 1386 1294 1181 791 751 473 34 689 780 951 1086 1273 1335 1578 1588 1621 1736 1829 2028 2318 2569 2685 2727 2990 3153 3366 3979 4010 4416 4907 4807 4853 4947 4693 4726 4952 5279 5563 5717 5822 6073 6284 6487 6855 7095 7436 7392 7347 7318 7391 7579 1698 1596 1489 1439 1456 1683 1837 1917 2160 2484 2751 2939 3447 3401 3410 3387 3375 3136 3960 3797 3727 3584 3401 3209 2997 2870 2728 2694 2543 2279 2001 1819 1784 1576 1568 976 742 789 613 1566 1834 2210 2494 2406 2677 2894 3061 3450 3446 3473 3275 3998 3617 3278 3053 2945 2555 2361 2238 2096 2096 2405 2487 2182 1842 1577 654 789 778 1005 1557 1603 1793 2675 2723 2771 2879 3019 3219 3397 3538 3571 3594 3715 3796 3923 7818 7530 7221 6700 6310 6430 6738 6800 6781 6628 6352 6190 5685 5002 4617 4351 2787 2708 2675 2509 2206 1906 1484 1027 722 
3940 3843 3752 3541 3351 3117 3112 3404 3422 3133 2897 2606 2248 1632 1342 1196 1113 430 0 345 768 869 953 1249 1642 1970 2141 2456 2662 2880 3082 3080 2681 3771 4060 4560 4396 4276 4111 3857 3434 3369 3587 3798 3960 3943 3935 3939 3812 3584 3311 3124 3078 3062 3085 3142 2933 2650 2471 2298 2082 1934 1866 1809 485 613 451 481 440 516 690 792 993 1185 1578 1691 1903 2088 2311 2415 2554 2820 2278 2388 3262 3519 3738 4090 4361 4695 4971 3816 4238 3741 3638 3326 3388 3217 3010 2800 2827 2865 3153 2818 2527 2278 2275 2125 1595 1333 1009 868 751 362 338 172 463 1120 1178 1290 1397 1567 1587 1828 1874 1939 2090 2215 2433 2735 2994 3115 3156 3418 3580 3793 4409 4440 4847 5338 5238 5283 5375 5119 5150 5376 5706 5992 6142 6243 6495 6706 6910 7279 7516 7856 7816 7773 7746 7822 8010 2063 1986 1904 1868 1887 2109 2257 2321 2537 2837 3107 3313 3877 3832 3838 3810 3788 3543 4299 4164 4104 3978 3817 3624 3410 3285 3155 3124 2966 2695 2405 2204 2005 1742 1566 1016 746 698 403 1136 1417 1781 2064 1981 2259 2480 2638 3032 3020 3043 2855 3814 3413 3051 2808 2690 2264 2043 1891 1706 1681 1981 2056 1754 1424 1147 444 708 823 1030 1570 1778 2011 3105 3152 3197 3296 3433 3634 3813 3948 3976 3987 4094 4164 4274 8243 7954 7644 7120 6730 6842 7150 7207 7180 7021 6742 6586 6085 5403 5016 4751 3194 3123 3100 2940 2636 2337 1914 1458 1153 
4182 4095 4016 3812 3600 3351 3327 3606 3624 3283 3060 2797 2449 1872 1623 1533 1458 776 345 0 426 542 690 1053 1492 1861 2045 2396 2620 2850 3062 3067 2688 4020 4331 4840 4686 4573 4416 4159 3738 3683 3907 4125 4293 4279 4275 4282 4156 3928 3656 3469 3423 3403 3419 3466 3252 2966 2784 2609 2380 2211 2123 2036 235 453 264 382 483 436 631 778 868 1078 1434 1531 1718 1875 2113 2255 2421 2656 2162 2355 3210 3467 3695 4046 4304 4627 4892 3482 3900 3402 3298 2986 3044 2872 2665 2457 2488 2536 2866 2537 2263 2003 1975 1815 1298 1045 758 535 408 40 138 371 808 1465 1507 1590 1679 1836 1830 2064 2132 2215 2388 2531 2760 3070 3334 3461 3502 3762 3924 4137 4754 4785 5191 5683 5584 5629 5719 5463 5493 5719 6051 6336 6484 6585 6837 7048 7252 7622 7856 8197 8159 8117 8090 8167 8356 2367 2305 2239 2212 2232 2453 2598 2654 2855 3140 3410 3626 4222 4177 4181 4148 4119 3870 4589 4471 4419 4303 4155 3962 3747 3622 3499 3469 3305 3029 2731 2520 2218 1927 1638 1159 902 794 500 794 1094 1441 1718 1640 1924 2149 2299 2696 2677 2698 2525 3685 3271 2892 2635 2509 2056 1812 1632 1405 1351 1640 1711 1415 1101 804 520 810 994 1160 1652 1967 2222 3450 3497 3541 3635 3771 3972 4151 4284 4308 4311 4410 4472 4571 8582 8292 7982 7455 7065 7171 7479 7532 7499 7335 7053 6903 6405 5724 5336 5071 3521 3457 3441 3284 2981 2682 2259 1803 1498 
4542 4465 4395 4198 3968 3709 3668 3934 3951 3565 3355 3120 2784 2244 2024 1959 1881 1198 768 426 0 165 449 865 1332 1736 1928 2315 2554 2795 3017 3029 2682 4295 4631 5151 5012 4907 4763 4501 4085 4045 4277 4505 4682 4672 4677 4690 4568 4340 4070 3886 3846 3829 3844 3887 3670 3383 3201 3024 2788 2606 2506 2397 442 625 441 558 738 599 732 888 817 1017 1285 1353 1496 1609 1859 2047 2245 2435 2017 2310 3121 3374 3610 3957 4197 4504 4754 3058 3474 2976 2872 2560 2619 2451 2243 2032 2062 2117 2489 2169 1919 1647 1589 1417 927 701 524 135 18 419 499 788 1231 1888 1932 2002 2081 2228 2206 2432 2514 2610 2795 2949 3183 3495 3760 3883 3918 4177 4338 4549 5173 5209 5615 6106 6005 6048 6132 5874 5901 6127 6463 6750 6893 6989 7242 7454 7659 8029 8259 8598 8566 8527 8504 8587 8778 2778 2725 2664 2637 2655 2867 3005 3047 3225 3487 3758 3988 4640 4600 4606 4574 4543 4292 4914 4822 4779 4679 4554 4360 4145 4021 3912 3886 3731 3454 3154 2938 2567 2256 1876 1480 1248 1111 862 368 689 1015 1305 1248 1553 1783 1909 2316 2276 2282 2104 3641 3213 2817 2546 2412 1928 1656 1435 1128 1002 1252 1295 989 694 378 866 1130 1344 1473 1900 2300 2569 3874 3914 3953 4036 4169 4370 4550 4677 4697 4687 4772 4824 4906 9008 8718 8408 7880 7491 7594 7901 7952 7916 7749 7466 7319 6822 6143 5755 5490 3943 3881 3867 3708 3405 3105 2683 2226 1921 
4696 4616 4543 4343 4119 3863 3825 4094 4111 3729 3518 3280 2942 2393 2161 2065 1973 1292 869 542 165 0 304 716 1182 1591 1783 2176 2418 2659 2883 2897 2560 4268 4617 5141 5011 4912 4776 4511 4099 4069 4306 4542 4726 4720 4733 4752 4636 4408 4142 3961 3933 3929 3954 4006 3793 3508 3327 3151 2921 2747 2652 2550 599 790 476 566 753 595 687 835 711 898 1138 1200 1336 1444 1695 1886 2089 2272 1866 2180 2978 3229 3467 3813 4049 4352 4600 2947 3370 2875 2773 2461 2534 2380 2169 1944 1961 1996 2338 2014 1758 1488 1440 1275 771 537 376 41 179 545 638 913 1326 1980 2045 2132 2218 2370 2354 2582 2660 2751 2929 3073 3299 3604 3861 3968 3993 4249 4407 4617 5249 5298 5704 6193 6087 6125 6200 5939 5963 6188 6530 6820 6954 7046 7299 7511 7717 8090 8313 8652 8625 8590 8571 8664 8860 2909 2847 2773 2730 2743 2939 3069 3097 3256 3503 3773 4011 4716 4688 4703 4679 4657 4409 4913 4837 4800 4712 4606 4413 4197 4075 3981 3961 3835 3564 3271 3062 2722 2415 2041 1639 1402 1269 1009 303 552 921 1254 1229 1549 1783 1885 2299 2237 2222 1986 3769 3339 2940 2666 2530 2041 1762 1530 1195 1027 1236 1242 892 558 317 1017 1287 1497 1632 2065 2458 2725 3962 3990 4021 4092 4222 4423 4603 4725 4739 4720 4795 4839 4911 9111 8822 8513 7989 7599 7710 8018 8073 8041 7878 7596 7445 6947 6266 5878 5613 4060 3992 3967 3798 3494 3195 2773 2317 2013 
4870 4780 4696 4489 4286 4040 4018 4296 4314 3961 3742 3486 3139 2558 2292 2120 1997 1339 953 690 449 304 0 416 883 1288 1480 1872 2114 2355 2579 2593 2259 4064 4430 4961 4844 4753 4631 4363 3958 3946 4191 4438 4635 4637 4665 4697 4592 4365 4108 3935 3931 3956 4004 4080 3876 3596 3419 3248 3035 2883 2805 2725 825 1041 502 520 689 522 521 639 435 605 836 904 1058 1192 1436 1606 1799 1999 1567 1876 2675 2927 3164 3510 3748 4054 4305 2933 3370 2887 2792 2480 2582 2460 2246 1996 1983 1968 2200 1864 1578 1325 1329 1195 654 388 76 345 457 710 817 1044 1373 2006 2117 2243 2347 2512 2516 2752 2814 2888 3043 3162 3367 3654 3892 3962 3966 4215 4367 4573 5221 5296 5701 6185 6069 6096 6152 5885 5903 6127 6479 6773 6892 6975 7229 7442 7649 8024 8236 8572 8557 8530 8519 8632 8838 3016 2931 2827 2749 2750 2912 3024 3026 3149 3368 3635 3886 4688 4686 4719 4713 4713 4475 4745 4695 4670 4603 4533 4340 4124 4004 3943 3934 3870 3615 3341 3152 2909 2616 2290 1845 1592 1476 1190 516 552 995 1393 1417 1750 1984 2052 2471 2376 2324 1965 4073 3643 3243 2968 2832 2341 2061 1824 1473 1272 1428 1376 962 562 530 1207 1493 1684 1844 2310 2657 2913 3961 3964 3980 4027 4149 4350 4530 4641 4647 4609 4667 4698 4753 9135 8849 8542 8028 7638 7767 8075 8140 8121 7967 7689 7529 7025 6342 5956 5691 4127 4044 3994 3802 3500 3204 2785 2336 2037 
5190 5090 4995 4780 4599 4366 4358 4645 4663 4337 4112 3841 3487 2881 2584 2336 2181 1576 1249 1053 865 716 416 0 466 874 1067 1464 1709 1952 2177 2194 1877 3883 4276 4815 4720 4643 4544 4272 3882 3896 4151 4415 4629 4641 4691 4741 4651 4428 4185 4023 4052 4113 4189 4292 4101 3829 3658 3493 3302 3175 3114 3056 1221 1443 815 769 876 742 621 643 325 325 421 490 665 838 1064 1204 1386 1603 1151 1481 2262 2513 2751 3096 3332 3638 3890 2877 3327 2866 2782 2478 2618 2541 2330 2052 2001 1917 1987 1644 1323 1111 1195 1119 624 442 341 757 873 1081 1189 1373 1608 2193 2352 2518 2638 2813 2837 3077 3122 3180 3311 3400 3580 3841 4055 4078 4053 4290 4434 4633 5298 5408 5810 6284 6155 6168 6198 5926 5934 6155 6520 6820 6916 6986 7240 7454 7663 8040 8235 8568 8569 8553 8554 8694 8913 3275 3166 3029 2911 2898 3013 3100 3064 3134 3307 3567 3836 4769 4801 4857 4875 4900 4676 4622 4613 4604 4569 4552 4361 4146 4033 4015 4022 4038 3805 3555 3391 3249 2971 2683 2210 1948 1848 1549 865 712 1148 1589 1670 2007 2236 2258 2676 2539 2438 1923 4477 4045 3643 3366 3229 2735 2450 2205 1833 1597 1685 1568 1114 724 878 1572 1864 2037 2213 2700 3010 3254 4084 4053 4048 4062 4173 4371 4550 4645 4638 4574 4605 4617 4644 9269 8989 8683 8183 7794 7946 8254 8330 8326 8184 7911 7741 7232 6548 6166 5901 4331 4232 4150 3931 3636 3345 2938 2505 2220 
5560 5451 5345 5123 4965 4745 4751 5046 5063 4764 4533 4249 3891 3265 2944 2631 2452 1911 1642 1492 1332 1182 883 466 0 414 606 1013 1261 1506 1733 1753 1468 3720 4141 4684 4616 4557 4484 4211 3843 3887 4150 4430 4661 4685 4759 4827 4755 4537 4311 4164 4227 4326 4428 4559 4382 4121 3957 3799 3630 3528 3483 3447 1675 1901 1238 1165 1225 1126 959 908 648 472 65 70 313 561 714 773 929 1178 685 1055 1800 2049 2288 2632 2866 3171 3424 2892 3347 2920 2851 2564 2739 2711 2508 2215 2126 1972 1838 1504 1161 1036 1215 1218 875 814 808 1223 1340 1523 1630 1783 1941 2465 2665 2863 2995 3178 3219 3461 3492 3533 3640 3700 3853 4087 4273 4246 4192 4414 4548 4737 5415 5563 5958 6420 6278 6276 6276 5999 5997 6215 6591 6895 6967 7022 7275 7489 7699 8078 8253 8581 8600 8597 8610 8780 9014 3596 3466 3299 3144 3116 3182 3240 3166 3177 3294 3541 3827 4895 4963 5043 5085 5138 4929 4519 4558 4569 4570 4613 4425 4215 4109 4139 4163 4262 4053 3831 3692 3646 3383 3130 2635 2369 2281 1976 1306 1074 1452 1900 2022 2354 2574 2555 2964 2789 2645 1988 4933 4500 4096 3818 3680 3184 2897 2647 2263 2004 2040 1875 1420 1085 1317 2003 2296 2454 2642 3145 3420 3652 4261 4195 4167 4144 4243 4435 4611 4688 4666 4573 4574 4563 4558 9433 9159 8858 8374 7985 8163 8469 8558 8570 8441 8174 7993 7480 6796 6420 6157 4590 4474 4360 4116 3830 3551 3161 2753 2489 
5836 5717 5601 5374 5239 5032 5052 5355 5373 5103 4867 4568 4207 3565 3225 2859 2661 2188 1970 1861 1736 1591 1288 874 414 0 192 601 850 1094 1322 1345 1085 3526 3967 4509 4465 4422 4373 4102 3757 3827 4094 4385 4630 4663 4757 4842 4786 4576 4367 4234 4327 4459 4585 4740 4578 4327 4172 4023 3875 3797 3768 3752 2058 2287 1600 1510 1536 1465 1280 1191 995 789 452 417 465 667 665 545 596 916 308 664 1387 1638 1876 2221 2461 2773 3033 3059 3510 3117 3061 2792 2988 2993 2799 2501 2390 2193 1898 1592 1258 1223 1451 1503 1252 1222 1215 1631 1743 1895 2000 2123 2215 2676 2907 3131 3273 3461 3518 3761 3777 3802 3885 3918 4045 4252 4411 4341 4260 4467 4590 4769 5455 5635 6023 6471 6318 6302 6276 5996 5985 6197 6583 6890 6940 6981 7233 7446 7656 8035 8192 8515 8550 8558 8582 8779 9025 3835 3686 3494 3308 3268 3290 3322 3215 3174 3239 3472 3768 4945 5045 5147 5211 5288 5095 4370 4451 4479 4513 4607 4424 4220 4122 4194 4233 4406 4221 4025 3911 3957 3710 3497 2981 2712 2636 2329 1720 1476 1827 2271 2410 2737 2951 2912 3313 3118 2950 2215 5347 4914 4511 4233 4094 3599 3311 3060 2674 2411 2428 2245 1797 1486 1731 2359 2650 2793 2991 3509 3745 3964 4362 4265 4218 4163 4249 4435 4606 4666 4631 4514 4488 4457 4424 9502 9234 8936 8468 8082 8282 8586 8687 8715 8598 8337 8146 7631 6950 6579 6319 4763 4632 4492 4227 3952 3685 3317 2937 2696 
5981 5859 5739 5509 5384 5183 5208 5513 5531 5273 5035 4731 4369 3722 3375 2991 2787 2341 2141 2045 1928 1783 1480 1067 606 192 0 415 664 908 1135 1160 926 3465 3915 4454 4422 4387 4350 4081 3748 3831 4099 4394 4644 4682 4786 4877 4829 4622 4422 4295 4402 4547 4683 4848 4692 4447 4295 4149 4011 3942 3919 3910 2245 2473 1782 1687 1703 1641 1452 1354 1177 968 645 606 614 776 711 506 471 822 180 505 1194 1446 1683 2029 2270 2585 2847 3138 3585 3209 3158 2898 3104 3123 2933 2634 2515 2301 1940 1652 1330 1332 1575 1644 1429 1410 1407 1824 1935 2079 2183 2297 2366 2802 3044 3277 3422 3612 3674 3917 3928 3947 4021 4043 4159 4354 4502 4413 4321 4521 4639 4812 5500 5694 6078 6520 6361 6339 6301 6021 6005 6215 6605 6913 6952 6987 7238 7450 7660 8039 8187 8508 8550 8564 8593 8801 9053 3969 3812 3611 3413 3368 3371 3392 3272 3207 3248 3472 3772 4996 5110 5221 5294 5382 5195 4328 4430 4466 4515 4634 4454 4253 4158 4250 4294 4499 4325 4140 4037 4117 3877 3677 3155 2885 2814 2506 1912 1661 2000 2441 2587 2912 3123 3075 3471 3269 3090 2326 5539 5106 4703 4425 4286 3790 3503 3251 2864 2597 2606 2415 1972 1671 1923 2538 2828 2965 3166 3688 3910 4125 4437 4326 4271 4202 4282 4464 4632 4685 4644 4516 4477 4436 4390 9556 9291 8995 8534 8149 8359 8662 8768 8803 8691 8434 8238 7722 7043 6676 6417 4867 4731 4579 4306 4037 3777 3419 3052 2820 
6208 6077 5946 5712 5612 5426 5466 5778 5795 5571 5327 5011 4647 3988 3627 3199 2983 2606 2456 2396 2315 2176 1872 1464 1013 601 415 0 249 493 720 745 553 3244 3709 4241 4233 4214 4202 3938 3634 3742 4010 4312 4573 4620 4743 4850 4818 4621 4441 4329 4464 4640 4799 4986 4845 4614 4472 4335 4220 4176 4169 4180 2607 2836 2131 2026 2015 1976 1781 1663 1533 1322 1046 1019 1021 1151 1027 742 547 884 441 199 813 1070 1300 1650 1909 2239 2516 3438 3877 3528 3486 3240 3456 3494 3309 3011 2882 2648 2195 1941 1646 1693 1947 2034 1843 1823 1800 2217 2321 2432 2533 2619 2629 2998 3264 3517 3670 3863 3940 4181 4177 4181 4231 4226 4315 4482 4601 4469 4353 4535 4641 4802 5491 5716 6090 6515 6346 6310 6247 5965 5941 6145 6541 6850 6866 6888 7136 7346 7555 7933 8064 8378 8436 8461 8501 8734 8997 4173 4000 3777 3552 3497 3458 3453 3303 3187 3175 3380 3685 5003 5147 5279 5373 5484 5315 4142 4284 4337 4419 4588 4415 4223 4137 4269 4328 4604 4455 4299 4221 4391 4170 4013 3472 3202 3144 2837 2319 2075 2413 2852 3001 3325 3535 3481 3872 3662 3473 2676 5941 5509 5107 4829 4691 4196 3910 3660 3275 3011 3020 2826 2385 2086 2330 2871 3156 3277 3486 4020 4200 4400 4500 4360 4286 4186 4252 4425 4587 4622 4569 4418 4352 4292 4218 9556 9298 9007 8564 8183 8415 8715 8833 8883 8785 8534 8329 7812 7139 6780 6525 4997 4848 4670 4380 4126 3882 3550 3218 3013 
