3
141
70 0 1 2 3 4 5 6 7 8 9 10 11 12 13 14 15 16 17 18 19 20 21 22 23 24 25 26 27 28 29 30 31 32 33 34 35 36 37 38 39 40 41 42 43 44 45 46 47 48 49 50 51 52 53 54 55 56 57 58 59 60 61 62 63 64 65 66 67 68 69
50 70 3 4 71 72 73 11 12 74 75 76 77 78 79 19 20 80 81 82 83 27 28 29 30 84 85 86 87 88 89 90 91 36 39 92 93 94 95 96 97 98 99 100 101 102 103 104 105 106 107
36 108 109 110 111 112 113 114 115 91 116 117 118 119 120 121 122 20 21 123 124 125 126 127 128 129 130 131 132 133 134 135 136 137 138 139 140
1800 600 900 
0 479 996 1029 1069 1182 1005 1043 1295 1445 1698 1964 2065 2295 2484 2582 2506 2535 2584 2893 3253 3541 3858 3884 3834 3817 3807 3922 4099 4232 4418 4258 3901 3333 3154 3494 3771 4233 4385 4020 3864 3738 3568 3695 3580 3436 3649 3559 3691 3780 3957 4188 4175 3950 3790 4124 3607 3465 3244 3051 3138 3068 3010 3339 3427 3426 3587 3861 4173 4463 952 1267 1408 1677 2158 2088 2024 2041 2438 2583 3320 3425 3554 3712 4603 4618 4923 4366 4196 4276 4096 3906 4295 4559 4572 5022 5449 5481 5301 5419 5645 5833 6030 6433 6592 6774 7094 7480 5476 5429 4988 4584 4573 4286 4057 4086 3482 3137 3035 2922 2884 2893 2943 3805 3972 4853 5120 5366 5928 6384 6616 6794 6810 6652 6407 6145 5851 6186 6548 6740 6946 
479 0 542 551 611 780 686 910 1151 1215 1410 1650 1760 2003 2202 2328 2290 2370 2455 2776 3148 3444 3768 3824 3810 3817 3828 3976 4178 4326 4529 4382 4046 3498 3339 3751 4060 4535 4670 4331 4194 4072 3896 4032 3932 3795 4026 3951 4109 4203 4389 4624 4622 4405 4253 4590 4061 3915 3709 3513 3609 3545 3489 3819 3906 3902 4058 4328 4635 4922 478 857 1026 1344 1884 1851 1834 1880 2301 2453 3232 3380 3553 3743 4702 4751 5108 4572 4424 4517 4362 4185 4631 4913 4951 5403 5822 5840 5641 5740 5946 6118 6303 6687 6839 7012 7318 7689 5835 5804 5369 4963 4928 4621 4366 4386 3735 3315 3174 2992 2888 2846 2838 3711 3830 4625 4870 5092 5629 6074 6311 6477 6476 6301 6049 5795 5482 5806 6144 6330 6529 
996 542 0 292 480 759 855 1233 1425 1387 1477 1652 1767 2015 2217 2376 2390 2530 2650 2974 3349 3647 3972 4058 4080 4108 4140 4314 4535 4693 4908 4772 4455 3926 3783 4234 4560 5038 5166 4840 4712 4592 4413 4553 4459 4324 4561 4489 4651 4745 4931 5167 5162 4943 4786 5120 4599 4454 4241 4047 4134 4060 3994 4319 4393 4374 4508 4767 5060 5338 341 794 985 1346 1928 1950 1993 2068 2495 2649 3449 3637 3849 4064 5071 5146 5539 5021 4886 4987 4847 4678 5151 5440 5486 5938 6354 6367 6161 6251 6446 6610 6788 7160 7306 7473 7769 8129 6362 6336 5904 5498 5454 5140 4874 4889 4217 3753 3588 3358 3200 3114 3048 3911 3977 4655 4869 5055 5550 5974 6219 6365 6339 6139 5874 5637 5292 5595 5886 6061 6245 
1029 551 292 0 189 468 596 1003 1170 1107 1186 1360 1476 1723 1926 2084 2098 2241 2365 2689 3064 3361 3686 3776 3805 3838 3875 4056 4284 4445 4665 4534 4226 3709 3576 4055 4396 4878 4996 4686 4571 4455 4273 4419 4335 4205 4454 4395 4579 4679 4874 5115 5125 4918 4775 5117 4574 4422 4233 4037 4143 4086 4035 4367 4456 4453 4607 4875 5179 5464 98 501 693 1054 1635 1658 1706 1785 2211 2364 3165 3360 3581 3802 4823 4909 5320 4813 4688 4795 4668 4507 5012 5312 5377 5829 6237 6240 6021 6098 6280 6435 6605 6966 7108 7271 7559 7912 6235 6220 5796 5389 5326 5000 4719 4729 4036 3543 3365 3114 2938 2841 2764 3625 3686 4365 4582 4773 5275 5704 5948 6098 6078 5884 5623 5381 5045 5356 5665 5845 6036 
1069 611 480 189 0 279 434 855 1002 923 997 1176 1292 1540 1743 1898 1909 2052 2177 2501 2876 3173 3498 3589 3621 3656 3696 3881 4112 4275 4498 4369 4067 3557 3431 3927 4276 4760 4873 4573 4466 4352 4169 4317 4240 4114 4371 4320 4518 4622 4822 5065 5084 4887 4752 5098 4542 4387 4214 4016 4134 4088 4048 4383 4483 4490 4656 4930 5241 5529 165 316 509 869 1448 1469 1518 1598 2024 2176 2978 3175 3400 3624 4652 4744 5166 4666 4548 4658 4539 4383 4907 5214 5290 5743 6145 6142 5914 5984 6157 6306 6472 6827 6966 7125 7410 7759 6136 6129 5709 5302 5228 4895 4605 4611 3907 3397 3210 2947 2761 2658 2577 3436 3496 4183 4404 4600 5109 5542 5784 5938 5924 5736 5478 5232 4904 5221 5544 5728 5924 
1182 780 759 468 279 0 272 678 773 657 718 909 1024 1272 1475 1624 1631 1773 1901 2224 2598 2895 3220 3314 3350 3390 3434 3626 3861 4028 4254 4131 3838 3342 3226 3748 4111 4596 4699 4416 4322 4212 4027 4180 4114 3993 4261 4223 4442 4550 4758 5005 5038 4854 4733 5085 4511 4350 4202 4003 4138 4109 4084 4422 4536 4558 4743 5023 5343 5637 429 86 250 598 1174 1190 1240 1323 1747 1900 2701 2904 3135 3365 4404 4506 4943 4455 4348 4463 4357 4210 4763 5079 5174 5625 6019 6005 5765 5822 5983 6123 6281 6626 6760 6916 7193 7535 5999 6003 5591 5186 5093 4751 4447 4448 3726 3189 2990 2706 2503 2390 2300 3158 3217 3915 4142 4346 4866 5306 5545 5706 5700 5522 5268 5016 4701 5026 5372 5561 5765 
1005 686 855 596 434 272 0 424 574 549 725 971 1079 1319 1518 1642 1610 1711 1814 2138 2513 2811 3137 3212 3226 3253 3285 3462 3687 3849 4069 3938 3633 3123 2997 3501 3857 4342 4450 4159 4060 3949 3765 3916 3847 3725 3991 3951 4170 4278 4486 4733 4767 4585 4466 4819 4242 4081 3938 3738 3878 3854 3835 4174 4295 4324 4518 4803 5128 5424 518 349 422 675 1198 1169 1170 1232 1659 1813 2607 2785 2994 3210 4226 4313 4731 4231 4115 4227 4112 3961 4501 4814 4905 5356 5752 5741 5505 5567 5734 5879 6042 6394 6532 6691 6975 7324 5735 5736 5323 4917 4828 4489 4190 4193 3481 2962 2776 2517 2346 2260 2208 3077 3170 3939 4184 4409 4952 5401 5636 5806 5814 5650 5403 5143 4845 5181 5548 5742 5952 
1043 910 1233 1003 855 678 424 0 253 438 736 1015 1098 1301 1477 1554 1465 1496 1560 1877 2245 2540 2862 2914 2900 2911 2929 3090 3305 3461 3675 3538 3225 2705 2576 3076 3434 3920 4026 3738 3644 3535 3350 3503 3440 3322 3594 3563 3799 3910 4125 4374 4422 4254 4151 4508 3914 3748 3634 3435 3594 3591 3593 3934 4074 4124 4343 4637 4974 5277 915 737 725 797 1153 1057 981 1001 1409 1558 2325 2469 2648 2847 3838 3912 4316 3811 3692 3803 3688 3537 4085 4403 4503 4953 5344 5328 5087 5146 5310 5455 5617 5971 6110 6270 6557 6909 5322 5329 4920 4515 4416 4073 3769 3771 3056 2542 2362 2125 1987 1936 1935 2806 2945 3810 4080 4334 4910 5372 5599 5786 5816 5676 5444 5171 4905 5256 5663 5865 6088 
1295 1151 1425 1170 1002 773 574 253 0 268 571 841 907 1088 1253 1316 1216 1243 1308 1627 1997 2293 2616 2674 2671 2689 2716 2888 3113 3275 3495 3367 3067 2568 2456 2993 3369 3854 3947 3683 3606 3503 3316 3474 3424 3315 3599 3582 3840 3956 4177 4429 4490 4337 4247 4608 4001 3831 3742 3544 3718 3729 3744 4085 4235 4296 4527 4824 5165 5470 1092 810 735 685 935 821 730 747 1157 1307 2080 2235 2429 2639 3652 3742 4170 3683 3578 3696 3600 3461 4045 4373 4495 4941 5320 5293 5038 5082 5229 5362 5515 5855 5988 6143 6420 6763 5286 5306 4908 4506 4387 4032 3712 3707 2971 2417 2217 1944 1775 1704 1687 2559 2692 3559 3832 4090 4672 5137 5362 5553 5588 5455 5227 4951 4696 5052 5473 5678 5907 
1445 1215 1387 1107 923 657 549 438 268 0 306 583 660 864 1045 1137 1076 1162 1266 1591 1966 2264 2589 2671 2697 2733 2777 2970 3209 3378 3607 3489 3209 2734 2638 3202 3587 4072 4156 3907 3840 3740 3553 3713 3669 3563 3851 3839 4102 4219 4442 4693 4757 4606 4516 4877 4270 4099 4010 3812 3984 3994 4005 4346 4493 4549 4774 5070 5408 5711 1045 667 542 420 719 645 622 683 1111 1265 2062 2252 2478 2708 3753 3865 4320 3851 3761 3885 3803 3672 4277 4610 4741 5186 5559 5526 5264 5298 5434 5559 5704 6031 6159 6308 6576 6908 5519 5546 5153 4752 4623 4263 3935 3926 3178 2595 2377 2065 1848 1734 1662 2529 2622 3420 3678 3920 4486 4946 5175 5358 5383 5240 5006 4735 4467 4818 5228 5431 5656 
1698 1410 1477 1186 997 718 725 736 571 306 0 279 369 598 793 920 912 1067 1212 1529 1900 2195 2518 2625 2684 2741 2804 3019 3272 3449 3686 3581 3325 2883 2807 3401 3798 4281 4353 4125 4071 3976 3789 3951 3917 3817 4110 4107 4381 4499 4725 4977 5045 4900 4814 5176 4565 4394 4312 4114 4289 4300 4312 4653 4800 4855 5078 5373 5710 6013 1145 690 509 194 473 472 555 662 1063 1211 2010 2236 2496 2746 3819 3955 4442 3998 3925 4056 3992 3874 4505 4845 4990 5431 5796 5754 5482 5503 5623 5736 5870 6181 6302 6443 6699 7017 5747 5784 5399 5001 4858 4491 4151 4136 3375 2761 2523 2170 1903 1745 1611 2454 2500 3218 3459 3684 4233 4687 4920 5096 5112 4960 4722 4454 4177 4524 4927 5129 5352 
1964 1650 1652 1360 1176 909 971 1015 841 583 279 0 115 363 566 727 781 998 1173 1469 1826 2112 2429 2559 2647 2722 2801 3034 3299 3481 3724 3632 3400 2991 2935 3553 3960 4438 4499 4293 4252 4162 3975 4140 4115 4021 4320 4326 4611 4731 4959 5212 5288 5149 5070 5432 4817 4644 4573 4375 4555 4570 4586 4926 5075 5133 5357 5652 5989 6292 1336 860 667 310 291 404 581 708 1039 1172 1946 2201 2489 2754 3844 4002 4516 4097 4041 4178 4133 4027 4682 5027 5187 5624 5980 5928 5646 5654 5759 5859 5983 6278 6392 6525 6768 7074 5921 5968 5592 5198 5040 4667 4317 4296 3526 2885 2632 2247 1941 1745 1559 2363 2365 3006 3233 3444 3980 4429 4664 4835 4846 4689 4448 4183 3900 4246 4647 4849 5073 
2065 1760 1767 1476 1292 1024 1079 1098 907 660 369 115 0 248 450 613 678 908 1091 1379 1730 2014 2328 2463 2559 2638 2723 2961 3229 3413 3658 3570 3347 2953 2905 3532 3943 4420 4475 4279 4245 4158 3972 4137 4118 4028 4329 4341 4633 4754 4985 5238 5319 5186 5112 5475 4856 4682 4620 4423 4608 4628 4649 4989 5142 5204 5433 5729 6068 6372 1451 975 783 425 189 339 539 668 964 1091 1852 2115 2409 2679 3773 3938 4461 4053 4004 4143 4106 4006 4672 5021 5189 5623 5973 5917 5630 5631 5728 5823 5943 6231 6342 6473 6711 7011 5909 5961 5591 5199 5034 4657 4302 4278 3505 2853 2594 2198 1878 1671 1470 2262 2256 2891 3119 3332 3872 4322 4557 4730 4744 4591 4353 4085 3809 4158 4568 4772 4999 
2295 2003 2015 1723 1540 1272 1319 1301 1088 864 598 363 248 0 202 375 488 755 953 1211 1543 1818 2125 2274 2389 2480 2576 2826 3101 3288 3537 3460 3259 2898 2870 3516 3935 4405 4448 4275 4257 4176 3991 4158 4151 4068 4375 4398 4705 4829 5063 5316 5407 5287 5224 5587 4962 4786 4743 4548 4742 4773 4803 5142 5303 5373 5611 5909 6252 6557 1699 1223 1031 673 156 333 545 660 848 952 1671 1951 2263 2541 3641 3823 4366 3982 3949 4093 4075 3987 4677 5031 5215 5644 5981 5915 5618 5604 5686 5769 5878 6150 6255 6379 6606 6895 5907 5971 5613 5226 5043 4661 4296 4267 3487 2815 2545 2125 1777 1543 1305 2059 2029 2643 2872 3089 3635 4089 4322 4499 4520 4375 4143 3870 3608 3963 4392 4600 4833 
2484 2202 2217 1926 1743 1475 1518 1477 1253 1045 793 566 450 202 0 201 384 672 875 1096 1404 1668 1967 2127 2259 2362 2468 2728 3007 3196 3447 3380 3199 2868 2856 3516 3939 4402 4435 4282 4276 4200 4017 4185 4187 4111 4421 4454 4772 4897 5134 5387 5486 5376 5322 5685 5055 4877 4850 4656 4858 4897 4935 5272 5439 5515 5759 6060 6405 6711 1902 1426 1233 876 326 446 627 720 798 875 1537 1831 2156 2441 3542 3738 4297 3934 3915 4063 4059 3983 4690 5048 5245 5668 5995 5920 5615 5590 5658 5731 5832 6090 6190 6308 6525 6804 5913 5985 5637 5255 5060 4674 4302 4267 3486 2799 2521 2084 1715 1461 1191 1900 1847 2440 2670 2891 3444 3901 4131 4312 4339 4202 3974 3698 3448 3809 4254 4465 4703 
2582 2328 2376 2084 1898 1624 1642 1554 1316 1137 920 727 613 375 201 0 227 509 710 905 1205 1467 1766 1927 2061 2167 2276 2539 2820 3010 3262 3199 3029 2719 2718 3385 3812 4269 4294 4156 4161 4089 3908 4076 4086 4016 4329 4370 4698 4825 5064 5316 5424 5324 5279 5642 5007 4829 4818 4627 4836 4886 4932 5268 5442 5527 5779 6082 6430 6738 2054 1582 1390 1029 450 496 622 685 656 710 1338 1636 1965 2252 3353 3554 4120 3771 3760 3910 3917 3849 4568 4929 5137 5554 5872 5792 5481 5448 5506 5572 5668 5918 6015 6129 6343 6617 5784 5864 5524 5147 4940 4552 4174 4136 3355 2660 2376 1930 1549 1284 1000 1699 1654 2298 2544 2783 3356 3821 4046 4236 4277 4155 3937 3654 3427 3796 4263 4478 4723 
2506 2290 2390 2098 1909 1631 1610 1465 1216 1076 912 781 678 488 384 227 0 288 492 724 1057 1336 1649 1789 1900 1994 2093 2349 2627 2815 3065 2996 2816 2494 2491 3158 3584 4042 4067 3928 3933 3862 3681 3849 3861 3792 4106 4149 4480 4608 4847 5099 5210 5115 5075 5437 4801 4622 4621 4431 4645 4701 4754 5088 5267 5358 5617 5921 6272 6581 2058 1600 1412 1056 490 443 488 515 429 492 1184 1464 1780 2062 3164 3355 3913 3553 3538 3687 3691 3621 4340 4701 4910 5327 5644 5564 5254 5222 5283 5352 5450 5707 5806 5924 6142 6423 5556 5636 5297 4920 4713 4324 3947 3908 3127 2433 2151 1707 1332 1077 818 1583 1591 2347 2616 2877 3471 3943 4162 4362 4415 4307 4097 3809 3601 3974 4456 4673 4921 
2535 2370 2530 2241 2052 1773 1711 1496 1243 1162 1067 998 908 755 672 509 288 0 203 471 834 1128 1450 1565 1650 1732 1822 2071 2346 2534 2783 2711 2527 2209 2212 2883 3311 3764 3786 3656 3668 3601 3421 3589 3608 3546 3861 3913 4253 4382 4623 4873 4993 4910 4881 5241 4602 4422 4441 4255 4478 4546 4611 4941 5129 5230 5501 5807 6161 6471 2191 1754 1576 1236 720 606 540 495 173 203 950 1206 1509 1786 2886 3072 3625 3264 3251 3401 3410 3344 4070 4433 4650 5063 5374 5289 4975 4939 4997 5064 5162 5418 5518 5636 5857 6142 5281 5365 5033 4660 4445 4054 3674 3633 2852 2153 1868 1421 1043 791 561 1387 1460 2342 2637 2926 3544 4023 4232 4445 4517 4430 4234 3939 3759 4139 4643 4863 5117 
2584 2455 2650 2365 2177 1901 1814 1560 1308 1266 1212 1173 1091 953 875 710 492 203 0 324 699 998 1323 1415 1477 1548 1631 1875 2148 2335 2584 2509 2323 2011 2021 2695 3124 3574 3591 3469 3488 3424 3247 3414 3439 3382 3698 3757 4104 4234 4476 4725 4851 4777 4757 5116 4475 4295 4329 4146 4376 4454 4527 4853 5047 5157 5436 5743 6099 6410 2309 1889 1718 1391 906 772 662 582 154 1 800 1030 1318 1591 2690 2871 3422 3062 3050 3201 3214 3153 3886 4250 4474 4883 5188 5100 4783 4743 4797 4862 4959 5215 5314 5433 5656 5942 5092 5180 4853 4484 4261 3870 3486 3443 2664 1961 1674 1222 840 590 399 1263 1387 2351 2661 2968 3600 4082 4284 4505 4590 4518 4331 4032 3872 4256 4774 4996 5253 
2893 2776 2974 2689 2501 2224 2138 1877 1627 1591 1529 1469 1379 1211 1096 905 724 471 324 0 375 673 998 1096 1180 1269 1372 1634 1916 2107 2359 2302 2157 1918 1964 2647 3078 3507 3505 3423 3466 3414 3243 3409 3452 3409 3726 3802 4166 4297 4541 4786 4927 4872 4869 5224 4582 4402 4464 4287 4527 4619 4705 5025 5228 5349 5638 5946 6304 6615 2633 2210 2037 1704 1190 1076 984 907 479 325 480 740 1060 1347 2447 2653 3230 2913 2928 3085 3128 3089 3846 4213 4460 4854 5137 5035 4706 4645 4674 4721 4802 5034 5125 5234 5441 5712 5027 5131 4826 4469 4224 3829 3436 3384 2614 1902 1608 1138 726 426 95 938 1084 2113 2439 2766 3413 3898 4089 4321 4423 4374 4203 3900 3775 4163 4707 4932 5196 
3253 3148 3349 3064 2876 2598 2513 2245 1997 1966 1900 1826 1730 1543 1404 1205 1057 834 699 375 0 298 623 733 859 979 1111 1394 1682 1874 2127 2096 2010 1871 1960 2636 3062 3463 3436 3403 3474 3435 3274 3436 3500 3474 3789 3884 4263 4394 4639 4879 5034 5002 5017 5367 4726 4547 4640 4470 4720 4827 4926 5239 5451 5583 5882 6190 6550 6860 3009 2584 2408 2071 1540 1440 1358 1282 854 701 137 462 818 1113 2190 2427 3033 2774 2822 2984 3063 3052 3829 4197 4469 4843 5100 4981 4638 4553 4551 4577 4638 4840 4919 5016 5204 5455 4972 5096 4816 4477 4207 3811 3412 3350 2602 1897 1606 1149 758 498 310 563 757 1875 2218 2568 3227 3713 3889 4133 4257 4237 4087 3780 3699 4090 4661 4889 5159 
3541 3444 3647 3361 3173 2895 2811 2540 2293 2264 2195 2112 2014 1818 1668 1467 1336 1128 998 673 298 0 325 461 649 804 963 1254 1540 1729 1977 1972 1940 1889 2011 2668 3085 3459 3413 3419 3513 3485 3332 3490 3570 3556 3868 3976 4364 4495 4739 4974 5141 5126 5154 5499 4861 4683 4799 4634 4891 5009 5117 5424 5642 5782 6088 6396 6756 7066 3307 2880 2704 2364 1824 1732 1655 1580 1152 999 227 390 716 994 2015 2279 2905 2699 2775 2939 3047 3059 3844 4211 4501 4859 5093 4961 4609 4504 4478 4484 4529 4705 4773 4860 5030 5264 4952 5090 4833 4509 4220 3826 3425 3355 2634 1948 1670 1244 905 710 606 266 542 1718 2072 2437 3102 3584 3747 4000 4142 4146 4014 3706 3662 4053 4642 4872 5146 
3858 3768 3972 3686 3498 3220 3137 2862 2616 2589 2518 2429 2328 2125 1967 1766 1649 1450 1323 998 623 325 0 244 527 711 890 1171 1439 1618 1855 1881 1914 1961 2112 2740 3142 3484 3416 3466 3581 3565 3423 3576 3670 3670 3976 4098 4494 4624 4866 5095 5273 5275 5318 5656 5023 4848 4986 4828 5090 5218 5336 5636 5859 6008 6320 6627 6988 7297 3632 3204 3027 2685 2139 2053 1980 1905 1477 1324 538 535 738 957 1860 2152 2793 2652 2758 2923 3062 3098 3887 4249 4558 4895 5104 4959 4598 4472 4418 4404 4429 4574 4630 4703 4853 5066 4950 5103 4872 4564 4258 3868 3467 3390 2706 2052 1793 1413 1134 993 930 67 439 1594 1953 2331 2994 3468 3614 3876 4039 4070 3960 3652 3650 4038 4645 4874 5152 
3884 3824 4058 3776 3589 3314 3212 2914 2674 2671 2625 2559 2463 2274 2127 1927 1789 1565 1415 1096 733 461 244 0 290 476 656 931 1196 1373 1610 1637 1682 1765 1930 2539 2933 3262 3188 3252 3376 3365 3228 3378 3480 3486 3789 3918 4317 4447 4687 4912 5096 5109 5161 5494 4865 4692 4845 4692 4958 5095 5221 5514 5742 5898 6215 6522 6882 7190 3717 3304 3132 2800 2273 2171 2077 1991 1567 1416 615 467 552 733 1618 1907 2549 2414 2526 2691 2838 2883 3670 4031 4346 4676 4876 4728 4365 4234 4176 4160 4185 4331 4388 4463 4617 4836 4719 4876 4653 4352 4039 3652 3252 3172 2505 1872 1627 1286 1067 991 1015 294 677 1801 2159 2541 3200 3670 3807 4074 4245 4287 4184 3877 3884 4271 4882 5111 5390 
3834 3810 4080 3805 3621 3350 3226 2900 2671 2697 2684 2647 2559 2389 2259 2061 1900 1650 1477 1180 859 649 527 290 0 186 365 644 916 1099 1342 1357 1392 1494 1670 2261 2650 2973 2898 2966 3095 3088 2955 3102 3209 3221 3520 3654 4055 4184 4423 4645 4833 4855 4914 5243 4619 4447 4614 4466 4735 4880 5013 5299 5532 5693 6016 6322 6682 6988 3739 3347 3184 2867 2370 2249 2129 2031 1622 1478 723 448 326 446 1368 1642 2277 2125 2236 2401 2549 2596 3383 3744 4061 4387 4586 4437 4075 3945 3891 3880 3910 4069 4132 4214 4381 4616 4428 4586 4364 4067 3751 3365 2966 2885 2228 1613 1385 1092 958 967 1089 565 965 2088 2445 2828 3486 3953 4086 4355 4530 4575 4474 4167 4174 4562 5171 5400 5679 
3817 3817 4108 3838 3656 3390 3253 2911 2689 2733 2741 2722 2638 2480 2362 2167 1994 1732 1548 1269 979 804 711 476 186 0 179 462 740 926 1173 1178 1206 1326 1510 2086 2471 2789 2712 2784 2917 2912 2782 2928 3038 3054 3351 3489 3891 4020 4258 4478 4669 4696 4761 5087 4466 4295 4472 4328 4599 4749 4887 5168 5403 5570 5896 6200 6559 6864 3769 3392 3234 2928 2451 2319 2186 2081 1686 1549 842 530 264 267 1216 1475 2105 1940 2050 2215 2364 2414 3201 3560 3879 4204 4400 4251 3889 3760 3708 3700 3735 3902 3969 4056 4232 4477 4242 4400 4181 3886 3568 3183 2784 2702 2053 1456 1243 997 934 1000 1175 747 1150 2272 2629 3011 3668 4134 4265 4534 4712 4760 4659 4353 4360 4748 5356 5586 5864 
3807 3828 4140 3875 3696 3434 3285 2929 2716 2777 2804 2801 2723 2576 2468 2276 2093 1822 1631 1372 1111 963 890 656 365 179 0 291 577 768 1019 1010 1026 1168 1361 1919 2298 2611 2533 2609 2746 2744 2617 2760 2875 2894 3188 3330 3734 3862 4099 4316 4510 4543 4614 4936 4318 4149 4335 4196 4469 4624 4767 5043 5280 5451 5780 6083 6442 6745 3803 3440 3289 2993 2538 2397 2252 2141 1761 1632 975 650 313 117 1081 1320 1942 1762 1870 2035 2185 2239 3024 3383 3704 4026 4221 4071 3709 3581 3533 3528 3567 3744 3815 3908 4092 4348 4063 4221 4003 3710 3391 3006 2608 2525 1886 1309 1115 928 942 1060 1277 924 1329 2450 2806 3189 3845 4310 4439 4709 4889 4938 4839 4532 4539 4927 5535 5765 6043 
3922 3976 4314 4056 3881 3626 3462 3090 2888 2970 3019 3034 2961 2826 2728 2539 2349 2071 1875 1634 1394 1254 1171 931 644 462 291 0 288 480 732 718 768 1021 1239 1726 2082 2366 2275 2380 2533 2542 2427 2562 2689 2722 3005 3158 3564 3690 3923 4133 4335 4385 4470 4783 4176 4011 4220 4089 4366 4532 4686 4950 5192 5372 5707 6007 6363 6664 3980 3637 3494 3211 2779 2629 2473 2357 1997 1875 1259 931 579 286 815 1033 1650 1482 1605 1769 1938 2009 2788 3142 3473 3780 3960 3805 3440 3303 3247 3238 3275 3453 3527 3622 3813 4078 3796 3961 3758 3479 3149 2770 2376 2288 1695 1195 1060 1001 1122 1290 1539 1209 1609 2705 3059 3442 4093 4553 4673 4946 5134 5194 5102 4797 4815 5201 5813 6043 6321 
4099 4178 4535 4284 4112 3861 3687 3305 3113 3209 3272 3299 3229 3101 3007 2820 2627 2346 2148 1916 1682 1540 1439 1196 916 740 577 288 0 192 444 441 592 1000 1232 1616 1934 2174 2063 2211 2385 2407 2309 2433 2575 2623 2891 3057 3463 3585 3812 4012 4224 4293 4393 4695 4102 3942 4176 4056 4335 4513 4677 4927 5174 5362 5702 5998 6352 6649 4205 3877 3739 3466 3049 2895 2732 2613 2265 2149 1547 1219 866 572 546 744 1365 1237 1388 1548 1746 1843 2606 2950 3295 3581 3739 3575 3205 3055 2982 2964 2994 3166 3238 3333 3527 3797 3566 3741 3561 3300 2957 2588 2202 2109 1587 1200 1134 1185 1369 1559 1821 1481 1872 2937 3286 3670 4314 4766 4877 5153 5350 5423 5340 5035 5068 5453 6069 6298 6578 
4232 4326 4693 4445 4275 4028 3849 3461 3275 3378 3449 3481 3413 3288 3196 3010 2815 2534 2335 2107 1874 1729 1618 1373 1099 926 768 480 192 0 252 278 543 1042 1275 1580 1866 2068 1943 2123 2312 2344 2259 2373 2525 2584 2841 3014 3418 3538 3760 3952 4171 4253 4364 4656 4075 3919 4169 4057 4337 4522 4692 4933 5182 5376 5719 6012 6364 6657 4365 4045 3911 3643 3234 3078 2911 2792 2450 2335 1739 1411 1058 764 377 552 1178 1094 1269 1424 1644 1760 2506 2842 3195 3464 3606 3434 3062 2900 2814 2787 2812 2976 3047 3141 3335 3608 3425 3609 3445 3200 2847 2488 2111 2014 1553 1252 1229 1336 1546 1745 2012 1662 2047 3090 3436 3819 4458 4904 5009 5287 5490 5571 5494 5191 5233 5616 6236 6465 6745 
4418 4529 4908 4665 4498 4254 4069 3675 3495 3607 3686 3724 3658 3537 3447 3262 3065 2783 2584 2359 2127 1977 1855 1610 1342 1173 1019 732 444 252 0 195 586 1152 1378 1574 1809 1955 1809 2036 2244 2290 2223 2324 2488 2561 2799 2982 3382 3498 3713 3894 4120 4220 4344 4624 4060 3910 4180 4078 4359 4552 4730 4958 5211 5411 5757 6046 6394 6684 4584 4274 4142 3880 3480 3322 3152 3031 2696 2584 1992 1664 1311 1016 215 301 939 938 1149 1292 1542 1686 2397 2719 3084 3327 3444 3262 2887 2709 2602 2562 2575 2728 2796 2889 3083 3358 3253 3448 3310 3087 2724 2380 2020 1918 1551 1366 1390 1551 1785 1993 2264 1901 2279 3294 3635 4017 4648 5088 5184 5463 5674 5765 5696 5395 5450 5831 6454 6683 6963 
4258 4382 4772 4534 4369 4131 3938 3538 3367 3489 3581 3632 3570 3460 3380 3199 2996 2711 2509 2302 2096 1972 1881 1637 1357 1178 1010 718 441 278 195 0 393 967 1190 1383 1632 1804 1671 1872 2072 2113 2040 2145 2305 2375 2618 2798 3200 3317 3534 3719 3943 4037 4158 4441 3873 3722 3988 3885 4165 4358 4536 4765 5017 5217 5563 5852 6200 6490 4451 4153 4027 3776 3395 3232 3055 2932 2614 2509 1964 1636 1279 985 410 375 936 816 1000 1152 1384 1515 2244 2575 2933 3193 3329 3156 2783 2622 2542 2523 2557 2743 2825 2932 3146 3441 3147 3332 3175 2937 2580 2227 1858 1758 1359 1181 1223 1424 1691 1919 2209 1922 2314 3367 3714 4098 4737 5183 5287 5565 5768 5849 5772 5468 5507 5891 6509 6738 7018 
3901 4046 4455 4226 4067 3838 3633 3225 3067 3209 3325 3400 3347 3259 3199 3029 2816 2527 2323 2157 2010 1940 1914 1682 1392 1206 1026 768 592 543 586 393 0 581 799 1037 1342 1598 1508 1623 1793 1816 1721 1842 1988 2043 2304 2474 2879 3000 3225 3422 3636 3712 3821 4115 3532 3375 3627 3517 3797 3985 4159 4394 4645 4841 5186 5477 5827 6120 4140 3866 3751 3520 3181 3007 2819 2693 2412 2323 1887 1569 1223 959 801 719 1117 763 844 1009 1170 1253 2024 2375 2712 3012 3195 3045 2684 2564 2542 2569 2644 2891 2996 3125 3373 3699 3036 3195 2991 2717 2382 2006 1616 1525 1010 793 872 1155 1484 1747 2069 1944 2354 3471 3826 4209 4862 5321 5440 5714 5902 5961 5865 5558 5564 5952 6558 6788 7065 
3333 3498 3926 3709 3557 3342 3123 2705 2568 2734 2883 2991 2953 2898 2868 2719 2494 2209 2011 1918 1871 1889 1961 1765 1494 1326 1168 1021 1000 1042 1152 967 581 0 233 780 1196 1595 1587 1533 1624 1604 1463 1614 1715 1728 2025 2163 2566 2694 2932 3151 3343 3376 3452 3770 3158 2991 3199 3070 3348 3520 3679 3935 4180 4365 4704 5001 5356 5654 3620 3377 3276 3075 2801 2616 2414 2285 2070 2011 1772 1500 1223 1060 1362 1300 1613 1117 1051 1195 1210 1182 1959 2327 2611 2974 3231 3119 2787 2733 2789 2871 2991 3299 3425 3575 3852 4204 3111 3226 2948 2619 2337 1941 1541 1479 746 213 360 790 1193 1491 1841 1972 2382 3556 3915 4292 4955 5429 5572 5837 6000 6024 5901 5593 5550 5941 6524 6753 7025 
3154 3339 3783 3576 3431 3226 2997 2576 2456 2638 2807 2935 2905 2870 2856 2718 2491 2212 2021 1964 1960 2011 2112 1930 1670 1510 1361 1239 1232 1275 1378 1190 799 233 0 682 1113 1553 1578 1458 1514 1476 1321 1480 1560 1557 1864 1988 2386 2516 2757 2983 3165 3185 3252 3576 2957 2787 2983 2850 3127 3295 3452 3711 3955 4138 4476 4773 5129 5428 3485 3266 3176 2996 2763 2574 2365 2237 2062 2020 1873 1625 1379 1250 1590 1510 1771 1237 1123 1248 1204 1132 1881 2249 2509 2892 3174 3079 2763 2735 2823 2928 3066 3399 3535 3694 3985 4350 3071 3168 2864 2517 2260 1864 1472 1424 650 63 357 827 1240 1542 1895 2117 2522 3703 4061 4435 5100 5577 5727 5988 6144 6156 6025 5717 5656 6048 6621 6850 7120 
3494 3751 4234 4055 3927 3748 3501 3076 2993 3202 3401 3553 3532 3516 3516 3385 3158 2883 2695 2647 2636 2668 2740 2539 2261 2086 1919 1726 1616 1580 1574 1383 1037 780 682 0 430 888 954 776 844 826 700 841 963 1006 1279 1440 1846 1969 2199 2406 2611 2677 2783 3079 2495 2341 2606 2508 2789 2988 3174 3390 3644 3849 4198 4482 4827 5114 3960 3797 3727 3584 3401 3209 2997 2870 2728 2694 2543 2279 2001 1819 1784 1576 1568 976 742 789 613 473 1198 1566 1834 2210 2494 2406 2101 2101 2236 2380 2554 2940 3098 3281 3609 4010 2398 2487 2182 1842 1577 1181 791 751 34 745 1040 1509 1923 2225 2578 2752 3163 4334 4693 5071 5734 6207 6346 6612 6779 6805 6681 6373 6326 6717 7296 7524 7795 
3771 4060 4560 4396 4276 4111 3857 3434 3369 3587 3798 3960 3943 3935 3939 3812 3584 3311 3124 3078 3062 3085 3142 2933 2650 2471 2298 2082 1934 1866 1809 1632 1342 1196 1113 430 0 485 613 345 451 481 440 516 690 792 993 1185 1578 1691 1903 2088 2311 2415 2554 2820 2278 2141 2456 2388 2662 2880 3082 3262 3519 3738 4090 4361 4695 4971 4299 4164 4104 3978 3817 3624 3410 3285 3155 3124 2966 2695 2405 2204 2005 1742 1566 1016 746 698 403 172 768 1136 1417 1781 2064 1981 1686 1713 1886 2062 2262 2684 2856 3054 3404 3826 1973 2056 1754 1424 1147 751 362 338 463 1176 1470 1940 2354 2655 3008 3157 3570 4733 5092 5472 6133 6603 6736 7005 7178 7211 7093 6785 6746 7137 7719 7948 8220 
4233 4535 5038 4878 4760 4596 4342 3920 3854 4072 4281 4438 4420 4405 4402 4269 4042 3764 3574 3507 3463 3459 3484 3262 2973 2789 2611 2366 2174 2068 1955 1804 1598 1595 1553 888 485 0 229 235 487 613 718 667 860 1010 1073 1285 1620 1708 1880 2017 2262 2424 2604 2821 2354 2245 2607 2574 2834 3067 3282 3420 3677 3907 4258 4511 4830 5091 4781 4649 4590 4461 4289 4097 3884 3758 3612 3573 3359 3071 2758 2529 2124 1815 1465 1039 806 670 428 420 442 776 1129 1414 1637 1527 1213 1227 1412 1606 1824 2269 2451 2659 3025 3462 1519 1633 1392 1132 783 425 194 149 917 1613 1903 2370 2781 3082 3434 3506 3920 5062 5418 5801 6456 6918 7039 7313 7498 7549 7444 7137 7119 7509 8102 8331 8606 
4385 4670 5166 4996 4873 4699 4450 4026 3947 4156 4353 4499 4475 4448 4435 4294 4067 3786 3591 3505 3436 3413 3416 3188 2898 2712 2533 2275 2063 1943 1809 1671 1508 1587 1578 954 613 229 0 453 713 836 924 889 1084 1232 1302 1514 1847 1932 2098 2227 2475 2645 2829 3040 2582 2473 2836 2803 3064 3296 3511 3650 3906 4136 4487 4741 5059 5320 4900 4749 4682 4537 4338 4148 3937 3809 3639 3591 3326 3027 2702 2458 1966 1645 1252 875 675 518 377 489 625 913 1287 1521 1688 1548 1203 1156 1284 1449 1649 2078 2256 2459 2819 3251 1539 1687 1503 1290 916 611 413 332 978 1635 1917 2374 2781 3078 3427 3442 3854 4980 5334 5717 6368 6825 6940 7215 7408 7469 7372 7065 7062 7452 8051 8281 8557 
4020 4331 4840 4686 4573 4416 4159 3738 3683 3907 4125 4293 4279 4275 4282 4156 3928 3656 3469 3423 3403 3419 3466 3252 2966 2784 2609 2380 2211 2123 2036 1872 1623 1533 1458 776 345 235 453 0 264 382 483 436 631 778 868 1078 1434 1531 1718 1875 2113 2255 2421 2656 2162 2045 2396 2355 2620 2850 3062 3210 3467 3695 4046 4304 4627 4892 4589 4471 4419 4303 4155 3962 3747 3622 3499 3469 3305 3029 2731 2520 2218 1927 1638 1159 902 794 500 371 426 794 1094 1441 1718 1640 1357 1412 1626 1831 2055 2503 2686 2895 3260 3697 1632 1711 1415 1101 804 408 40 138 808 1521 1815 2285 2698 3000 3353 3483 3897 5054 5411 5793 6452 6919 7048 7318 7496 7536 7422 7114 7081 7472 8057 8286 8559 
3864 4194 4712 4571 4466 4322 4060 3644 3606 3840 4071 4252 4245 4257 4276 4161 3933 3668 3488 3466 3474 3513 3581 3376 3095 2917 2746 2533 2385 2312 2244 2072 1793 1624 1514 844 451 487 713 264 0 134 298 187 373 526 605 814 1179 1281 1478 1649 1880 2007 2165 2410 1903 1782 2131 2091 2355 2585 2798 2945 3202 3430 3781 4039 4363 4629 4473 4381 4339 4243 4131 3937 3721 3599 3507 3488 3385 3123 2843 2650 2435 2156 1896 1398 1134 1042 738 558 441 775 995 1394 1727 1686 1449 1555 1809 2035 2270 2730 2917 3129 3500 3941 1680 1715 1364 1003 788 429 302 402 878 1577 1870 2337 2749 3049 3402 3595 4006 5175 5533 5913 6575 7046 7182 7450 7620 7648 7526 7217 7168 7560 8135 8364 8634 
3738 4072 4592 4455 4352 4212 3949 3535 3503 3740 3976 4162 4158 4176 4200 4089 3862 3601 3424 3414 3435 3485 3565 3365 3088 2912 2744 2542 2407 2344 2290 2113 1816 1604 1476 826 481 613 836 382 134 0 187 54 249 396 519 720 1103 1212 1422 1608 1829 1938 2085 2342 1816 1687 2026 1978 2245 2473 2684 2838 3096 3321 3673 3935 4262 4532 4357 4273 4234 4146 4047 3853 3637 3516 3437 3423 3349 3096 2826 2645 2486 2218 1990 1473 1205 1126 819 617 558 870 1049 1468 1820 1792 1569 1684 1943 2169 2405 2864 3051 3263 3632 4072 1786 1807 1437 1059 883 548 422 513 860 1539 1828 2291 2701 3000 3351 3576 3986 5160 5518 5896 6559 7033 7173 7439 7604 7626 7499 7191 7133 7524 8095 8323 8592 
3568 3896 4413 4273 4169 4027 3765 3350 3316 3553 3789 3975 3972 3991 4017 3908 3681 3421 3247 3243 3274 3332 3423 3228 2955 2782 2617 2427 2309 2259 2223 2040 1721 1463 1321 700 440 718 924 483 298 187 0 168 266 352 582 758 1160 1279 1503 1706 1915 1997 2124 2401 1844 1703 2015 1950 2223 2444 2648 2823 3080 3300 3652 3922 4255 4531 4175 4087 4048 3959 3862 3668 3452 3331 3257 3246 3191 2945 2685 2515 2425 2174 2002 1456 1186 1132 828 604 738 1057 1229 1652 2007 1978 1747 1851 2094 2309 2537 2986 3170 3377 3741 4175 1971 1994 1621 1239 1070 726 524 592 732 1383 1668 2127 2534 2832 3182 3432 3839 5017 5376 5752 6416 6891 7035 7299 7461 7477 7346 7038 6973 7364 7932 8159 8427 
3695 4032 4553 4419 4317 4180 3916 3503 3474 3713 3951 4140 4137 4158 4185 4076 3849 3589 3414 3409 3436 3490 3576 3378 3102 2928 2760 2562 2433 2373 2324 2145 1842 1614 1480 841 516 667 889 436 187 54 168 0 197 342 478 676 1063 1175 1388 1579 1798 1900 2043 2304 1771 1641 1976 1926 2194 2421 2632 2788 3046 3271 3623 3885 4213 4484 4321 4241 4205 4120 4028 3834 3618 3498 3425 3414 3352 3103 2837 2660 2521 2256 2038 1516 1247 1173 865 659 599 899 1061 1486 1846 1825 1609 1730 1993 2221 2457 2917 3104 3316 3686 4126 1819 1833 1455 1071 913 590 476 566 874 1543 1830 2291 2699 2998 3348 3586 3995 5170 5529 5906 6570 7044 7186 7451 7615 7634 7505 7197 7135 7527 8096 8323 8592 
3580 3932 4459 4335 4240 4114 3847 3440 3424 3669 3917 4115 4118 4151 4187 4086 3861 3608 3439 3452 3500 3570 3670 3480 3209 3038 2875 2689 2575 2525 2488 2305 1988 1715 1560 963 690 860 1084 631 373 249 266 197 0 158 316 495 894 1013 1237 1443 1649 1732 1863 2136 1587 1452 1781 1729 1998 2224 2434 2593 2850 3075 3427 3690 4019 4291 4236 4177 4149 4081 4017 3824 3608 3490 3441 3439 3422 3185 2934 2771 2688 2433 2232 1702 1433 1364 1057 844 732 980 1072 1516 1905 1908 1723 1869 2150 2388 2630 3095 3284 3498 3870 4313 1902 1889 1484 1083 995 726 671 763 994 1622 1900 2351 2754 3049 3396 3677 4083 5263 5621 5996 6661 7138 7284 7547 7705 7716 7580 7272 7199 7590 8152 8379 8645 
3436 3795 4324 4205 4114 3993 3725 3322 3315 3563 3817 4021 4028 4068 4111 4016 3792 3546 3382 3409 3474 3556 3670 3486 3221 3054 2894 2722 2623 2584 2561 2375 2043 1728 1557 1006 792 1010 1232 778 526 396 352 342 158 0 317 436 842 968 1204 1425 1615 1670 1783 2072 1499 1354 1663 1600 1872 2094 2301 2471 2728 2949 3301 3570 3903 4178 4106 4059 4036 3978 3932 3739 3524 3408 3377 3381 3401 3175 2937 2788 2766 2522 2352 1809 1539 1483 1177 956 888 1122 1181 1631 2032 2046 1872 2025 2309 2547 2789 3252 3442 3655 4026 4467 2041 2015 1597 1192 1137 883 818 905 1035 1617 1885 2325 2721 3012 3356 3674 4076 5259 5617 5989 6654 7133 7284 7544 7697 7700 7559 7252 7168 7559 8114 8340 8605 
3649 4026 4561 4454 4371 4261 3991 3594 3599 3851 4110 4320 4329 4375 4421 4329 4106 3861 3698 3726 3789 3868 3976 3789 3520 3351 3188 3005 2891 2841 2799 2618 2304 2025 1864 1279 993 1073 1302 868 605 519 582 478 316 317 0 211 585 699 920 1127 1332 1422 1566 1827 1299 1177 1533 1507 1763 1998 2216 2347 2603 2834 3184 3438 3759 4024 4356 4329 4313 4267 4237 4045 3830 3715 3692 3697 3715 3485 3241 3084 2997 2735 2501 1992 1724 1643 1336 1136 817 952 925 1377 1799 1843 1718 1912 2230 2489 2745 3222 3418 3637 4018 4467 1839 1780 1343 937 966 819 902 1006 1310 1925 2197 2640 3037 3329 3673 3982 4385 5567 5925 6299 6964 7442 7591 7852 8007 8013 7874 7566 7485 7876 8431 8658 8923 
3559 3951 4489 4395 4320 4223 3951 3563 3582 3839 4107 4326 4341 4398 4454 4370 4149 3913 3757 3802 3884 3976 4098 3918 3654 3489 3330 3158 3057 3014 2982 2798 2474 2163 1988 1440 1185 1285 1514 1078 814 720 758 676 495 436 211 0 406 532 769 997 1180 1239 1368 1643 1095 968 1322 1298 1552 1788 2007 2135 2392 2622 2973 3227 3549 3815 4297 4293 4286 4258 4257 4066 3853 3742 3742 3756 3816 3598 3367 3223 3183 2928 2709 2192 1924 1847 1540 1335 1017 1114 1023 1467 1904 1970 1876 2087 2416 2680 2939 3419 3616 3837 4219 4670 1967 1883 1433 1035 1127 1020 1113 1216 1469 2047 2309 2739 3128 3414 3753 4101 4500 5684 6042 6412 7077 7557 7711 7970 8119 8117 7971 7664 7571 7961 8509 8735 8997 
3691 4109 4651 4579 4518 4442 4170 3799 3840 4102 4381 4611 4633 4705 4772 4698 4480 4253 4104 4166 4263 4364 4494 4317 4055 3891 3734 3564 3463 3418 3382 3200 2879 2566 2386 1846 1578 1620 1847 1434 1179 1103 1160 1063 894 842 585 406 0 131 375 621 779 837 987 1242 735 645 1046 1076 1292 1536 1763 1840 2091 2329 2674 2912 3220 3475 4482 4516 4525 4523 4560 4371 4161 4054 4081 4103 4199 3989 3765 3626 3582 3320 3072 2574 2307 2221 1916 1721 1285 1274 1058 1448 1897 2012 1994 2246 2603 2882 3151 3638 3839 4063 4451 4907 2011 1873 1416 1069 1285 1292 1465 1572 1876 2445 2701 3123 3504 3786 4120 4495 4892 6076 6433 6801 7466 7947 8104 8362 8506 8499 8349 8042 7940 8329 8870 9094 9354 
3780 4203 4745 4679 4622 4550 4278 3910 3956 4219 4499 4731 4754 4829 4897 4825 4608 4382 4234 4297 4394 4495 4624 4447 4184 4020 3862 3690 3585 3538 3498 3317 3000 2694 2516 1969 1691 1708 1932 1531 1281 1212 1279 1175 1013 968 699 532 131 0 244 491 649 726 896 1130 666 606 1019 1074 1268 1512 1740 1793 2040 2281 2622 2851 3152 3401 4583 4625 4636 4639 4683 4495 4285 4179 4209 4233 4330 4120 3895 3755 3696 3430 3167 2679 2413 2322 2019 1829 1353 1308 1058 1422 1869 1998 2005 2268 2632 2916 3187 3675 3877 4103 4492 4950 1997 1844 1391 1069 1319 1362 1561 1668 1999 2575 2832 3254 3636 3918 4251 4625 5023 6207 6564 6932 7597 8078 8235 8493 8638 8630 8480 8174 8071 8460 9000 9224 9485 
3957 4389 4931 4874 4822 4758 4486 4125 4177 4442 4725 4959 4985 5063 5134 5064 4847 4623 4476 4541 4639 4739 4866 4687 4423 4258 4099 3923 3812 3760 3713 3534 3225 2932 2757 2199 1903 1880 2098 1718 1478 1422 1503 1388 1237 1204 920 769 375 244 0 252 412 550 767 941 606 614 1021 1118 1267 1506 1731 1738 1974 2217 2548 2758 3044 3279 4778 4834 4851 4862 4916 4729 4520 4415 4451 4475 4574 4363 4136 3992 3908 3634 3344 2875 2612 2513 2214 2034 1496 1395 1093 1395 1831 1987 2039 2321 2696 2986 3260 3749 3952 4179 4570 5029 1987 1805 1368 1101 1404 1507 1745 1853 2229 2816 3075 3498 3880 4162 4496 4868 5266 6450 6807 7176 7841 8322 8478 8736 8882 8875 8725 8418 8315 8704 9244 9468 9728 
4188 4624 5167 5115 5065 5005 4733 4374 4429 4693 4977 5212 5238 5316 5387 5316 5099 4873 4725 4786 4879 4974 5095 4912 4645 4478 4316 4133 4012 3952 3894 3719 3422 3151 2983 2406 2088 2017 2227 1875 1649 1608 1706 1579 1443 1425 1127 997 621 491 252 0 255 521 779 851 711 776 1151 1279 1386 1613 1832 1793 2013 2255 2573 2760 3025 3244 5019 5081 5099 5113 5169 4982 4773 4668 4701 4724 4812 4596 4363 4211 4084 3801 3479 3034 2776 2667 2375 2208 1609 1452 1108 1335 1749 1929 2027 2325 2708 3002 3277 3764 3968 4195 4587 5046 1930 1722 1312 1114 1459 1621 1899 2006 2437 3043 3307 3735 4121 4405 4740 5098 5498 6682 7039 7410 8075 8555 8708 8968 9117 9113 8966 8659 8559 8949 9491 9715 9976 
4175 4622 5162 5125 5084 5038 4767 4422 4490 4757 5045 5288 5319 5407 5486 5424 5210 4993 4851 4927 5034 5141 5273 5096 4833 4669 4510 4335 4224 4171 4120 3943 3636 3343 3165 2611 2311 2262 2475 2113 1880 1829 1915 1798 1649 1615 1332 1180 779 649 412 255 0 312 575 598 594 711 1027 1182 1242 1454 1664 1590 1799 2039 2348 2525 2782 2996 5030 5116 5144 5175 5258 5074 4867 4766 4820 4850 4973 4767 4545 4403 4313 4035 3726 3271 3012 2907 2611 2438 1859 1708 1361 1567 1967 2157 2272 2573 2957 3251 3527 4013 4217 4444 4836 5295 2159 1940 1545 1367 1714 1871 2138 2246 2642 3224 3480 3898 4276 4554 4884 5274 5670 6854 7211 7578 8243 8725 8883 9139 9283 9272 9118 8812 8702 9090 9624 9847 10105 
3950 4405 4943 4918 4887 4854 4585 4254 4337 4606 4900 5149 5186 5287 5376 5324 5115 4910 4777 4872 5002 5126 5275 5109 4855 4696 4543 4385 4293 4253 4220 4037 3712 3376 3185 2677 2415 2424 2645 2255 2007 1938 1997 1900 1732 1670 1422 1239 837 726 550 521 312 0 263 404 344 506 742 915 942 1147 1354 1280 1494 1736 2051 2240 2511 2738 4825 4934 4971 5022 5136 4955 4752 4656 4737 4776 4948 4759 4556 4433 4419 4156 3887 3405 3140 3047 2745 2555 2047 1938 1614 1857 2267 2450 2545 2839 3219 3512 3787 4275 4479 4706 5098 5557 2452 2240 1834 1621 1946 2058 2283 2391 2705 3241 3483 3881 4244 4514 4835 5272 5661 6843 7198 7561 8224 8708 8873 9125 9259 9236 9074 8770 8643 9030 9551 9772 10027 
3790 4253 4786 4775 4752 4733 4466 4151 4247 4516 4814 5070 5112 5224 5322 5279 5075 4881 4757 4869 5017 5154 5318 5161 4914 4761 4614 4470 4393 4364 4344 4158 3821 3452 3252 2783 2554 2604 2829 2421 2165 2085 2124 2043 1863 1783 1566 1368 987 896 767 779 575 263 0 363 295 471 547 739 710 898 1098 1017 1233 1475 1795 1994 2276 2514 4683 4814 4861 4928 5071 4894 4696 4604 4708 4756 4970 4796 4609 4502 4548 4296 4059 3558 3290 3207 2901 2702 2245 2163 1853 2114 2528 2708 2793 3082 3460 3751 4025 4514 4717 4944 5336 5795 2709 2501 2090 1862 2172 2255 2452 2559 2810 3305 3533 3913 4263 4524 4837 5312 5693 6872 7225 7583 8244 8729 8900 9149 9275 9241 9072 8769 8629 9013 9524 9743 9995 
4124 4590 5120 5117 5098 5085 4819 4508 4608 4877 5176 5432 5475 5587 5685 5642 5437 5241 5116 5224 5367 5499 5656 5494 5243 5087 4936 4783 4695 4656 4624 4441 4115 3770 3576 3079 2820 2821 3040 2656 2410 2342 2401 2304 2136 2072 1827 1643 1242 1130 941 851 598 404 363 0 642 822 884 1082 999 1139 1304 1132 1297 1526 1806 1956 2196 2401 5026 5166 5216 5288 5434 5257 5059 4967 5069 5115 5317 5137 4942 4825 4824 4560 4286 3808 3544 3449 3148 2960 2435 2302 1959 2151 2533 2735 2866 3170 3554 3849 4124 4610 4814 5041 5433 5892 2737 2506 2131 1965 2309 2446 2684 2792 3107 3631 3867 4256 4611 4876 5191 5651 6036 7217 7571 7931 8593 9077 9246 9496 9625 9595 9428 9124 8987 9372 9885 10105 10356 
3607 4061 4599 4574 4542 4511 4242 3914 4001 4270 4565 4817 4856 4962 5055 5007 4801 4602 4475 4582 4726 4861 5023 4865 4619 4466 4318 4176 4102 4075 4060 3873 3532 3158 2957 2495 2278 2354 2582 2162 1903 1816 1844 1771 1587 1499 1299 1095 735 666 606 711 594 344 295 642 0 180 441 588 674 907 1129 1136 1378 1620 1958 2184 2486 2739 4481 4591 4630 4685 4810 4630 4430 4336 4429 4474 4678 4501 4314 4206 4265 4019 3800 3288 3019 2942 2634 2430 2017 1970 1691 2000 2432 2593 2640 2917 3287 3574 3846 4335 4538 4764 5154 5612 2593 2406 1973 1701 1980 2025 2195 2301 2522 3010 3238 3619 3971 4234 4548 5017 5399 6579 6932 7291 7952 8437 8607 8856 8984 8952 8785 8482 8346 8731 9245 9466 9718 
