4
159
70 0 1 2 3 4 5 6 7 8 9 10 11 12 13 14 15 16 17 18 19 20 21 22 23 24 25 26 27 28 29 30 31 32 33 34 35 36 37 38 39 40 41 42 43 44 45 46 47 48 49 50 51 52 53 54 55 56 57 58 59 60 61 62 63 64 65 66 67 68 69
35 70 71 72 73 74 75 76 77 78 79 80 81 82 83 84 85 86 87 88 89 90 91 92 93 94 95 45 46 47 48 96 97 98 99 100
50 101 102 103 104 105 106 107 108 109 110 111 112 113 114 29 30 31 32 33 34 35 36 37 38 115 116 117 118 119 120 121 122 46 47 48 96 97 98 99 100 123 124 125 126 127 128 129 130 131 132
39 133 134 135 136 137 138 139 140 141 142 143 144 21 22 23 145 146 147 86 148 88 89 90 91 92 93 94 95 45 149 150 151 152 153 154 155 156 157 158
1800 900 600 1200 
0 402 1023 1139 1345 1712 1701 1553 1723 1901 2025 2262 2222 2164 2492 2773 3066 3002 2729 2750 2788 2688 3210 3581 3618 4264 4486 4733 4904 4934 4999 5116 5432 5780 6061 6313 6592 6775 7015 7031 6898 6874 6964 6847 6898 7580 8011 8357 8778 8861 9009 9213 9488 10016 10126 10002 10187 10497 10870 10810 10821 10815 10898 11197 11431 11308 11652 11720 12225 11778 1365 1419 1474 1870 2035 2418 2335 2585 2925 3200 3341 3143 3201 3505 3780 3954 4764 5070 5044 4959 5075 5378 5677 6098 6554 6859 9145 9378 9783 10072 9967 5207 5150 5070 4875 4764 4605 4427 4378 4420 4601 4806 4908 4900 4905 7013 7312 7953 7763 7821 7983 8053 8023 9632 9552 9543 9551 9587 9730 9778 9837 9951 10107 1644 1645 1294 1025 982 970 1362 1502 1834 2128 2298 2469 3773 3868 3973 5070 8027 8076 7967 7748 7800 7993 8070 8278 8401 8533 
402 0 637 758 969 1338 1303 1155 1335 1525 1657 1911 1889 1885 2209 2480 2786 2735 2473 2537 2602 2531 3050 3414 3403 4033 4258 4515 4694 4747 4839 4961 5283 5636 5922 6182 6465 6651 6895 6901 6757 6723 6803 6665 6704 7384 7815 8160 8579 8656 8796 8993 9265 9790 9896 9763 9939 10251 10622 10584 10609 10610 10701 11000 11228 11095 11439 11504 12005 11554 1737 1754 1759 2072 2171 2600 2560 2820 3160 3420 3533 3315 3312 3543 3786 3938 4660 4952 4909 4800 4892 5193 5489 5909 6362 6665 8944 9166 9577 9879 9782 4863 4803 4731 4548 4445 4305 4143 4102 4156 4342 4551 4657 4679 4695 6905 7194 7830 7613 7658 7819 7875 7835 9453 9385 9391 9411 9458 9620 9675 9743 9872 10045 1696 1626 1240 960 804 706 1039 1191 1576 1905 2099 2290 3645 3764 3900 4952 7835 7899 7803 7588 7651 7848 7946 8156 8301 8443 
1023 637 0 125 335 703 692 691 926 1156 1313 1609 1646 1785 2076 2310 2632 2612 2386 2538 2648 2632 3124 3465 3366 3950 4178 4451 4642 4738 4877 5006 5334 5690 5983 6254 6541 6731 6980 6968 6807 6757 6821 6646 6663 7334 7762 8106 8518 8583 8706 8889 9157 9674 9771 9621 9780 10093 10459 10467 10516 10531 10637 10933 11150 10999 11342 11404 11895 11437 2375 2386 2371 2625 2665 3126 3121 3388 3724 3969 4056 3821 3757 3897 4095 4214 4794 5058 4989 4839 4887 5180 5470 5881 6327 6625 8878 9077 9500 9822 9741 4513 4445 4393 4243 4162 4069 3948 3923 4004 4196 4411 4526 4606 4642 7010 7281 7904 7642 7666 7823 7854 7795 9425 9379 9411 9450 9516 9708 9776 9857 10009 10208 2126 1984 1595 1346 1084 875 947 1098 1554 1925 2149 2364 3756 3913 4094 5058 7790 7881 7807 7601 7682 7884 8019 8230 8409 8568 
1139 758 125 0 210 580 599 670 911 1145 1305 1607 1658 1824 2105 2329 2653 2639 2422 2589 2706 2700 3185 3521 3406 3979 4207 4483 4675 4779 4927 5057 5385 5742 6035 6308 6596 6786 7035 7020 6856 6804 6864 6683 6695 7365 7791 8135 8545 8608 8728 8907 9174 9690 9785 9632 9787 10101 10465 10482 10536 10553 10663 10958 11173 11019 11361 11422 11911 11452 2495 2509 2496 2748 2784 3246 3244 3511 3848 4092 4176 3939 3869 3998 4189 4304 4860 5119 5046 4888 4928 5220 5508 5917 6360 6658 8904 9098 9523 9850 9771 4484 4413 4367 4225 4149 4067 3954 3933 4020 4212 4427 4544 4636 4676 7069 7337 7957 7687 7707 7863 7889 7827 9458 9416 9453 9496 9565 9762 9832 9916 10072 10275 2240 2091 1704 1460 1192 977 1008 1154 1611 1984 2212 2429 3821 3983 4171 5119 7821 7917 7848 7643 7727 7930 8071 8283 8468 8629 
1345 969 335 210 0 369 452 656 895 1129 1290 1596 1668 1880 2142 2348 2672 2669 2468 2659 2788 2798 3270 3596 3455 4007 4235 4514 4710 4827 4989 5121 5449 5806 6100 6376 6664 6855 7106 7085 6916 6859 6914 6721 6726 7391 7815 8158 8565 8625 8739 8913 9178 9691 9782 9624 9773 10087 10449 10482 10543 10565 10680 10974 11185 11025 11366 11426 11912 11451 2704 2720 2705 2949 2974 3442 3446 3714 4049 4290 4370 4129 4045 4153 4332 4438 4951 5201 5121 4951 4977 5265 5550 5954 6394 6689 8922 9109 9537 9870 9797 4413 4339 4301 4173 4106 4041 3944 3929 4025 4218 4434 4553 4664 4710 7145 7407 8022 7739 7751 7906 7924 7856 9489 9453 9498 9548 9622 9829 9903 9991 10154 10365 2421 2260 1878 1644 1367 1145 1112 1246 1699 2073 2304 2523 3912 4084 4283 5201 7849 7953 7891 7690 7779 7983 8135 8348 8543 8709 
1712 1338 703 580 369 0 364 765 964 1175 1326 1624 1730 2010 2234 2405 2724 2740 2569 2798 2946 2981 3427 3734 3549 4064 4288 4573 4772 4911 5098 5232 5560 5916 6211 6491 6779 6971 7223 7193 7015 6950 6995 6783 6775 7431 7852 8192 8593 8646 8750 8915 9175 9683 9769 9600 9738 10052 10410 10470 10546 10576 10699 10991 11196 11025 11365 11422 11901 11437 3073 3089 3071 3298 3306 3781 3796 4065 4399 4634 4704 4458 4352 4423 4580 4671 5110 5344 5250 5061 5063 5343 5621 6017 6449 6739 8946 9118 9552 9897 9832 4291 4212 4189 4086 4035 4003 3933 3929 4040 4233 4449 4572 4715 4772 7273 7524 8129 7823 7822 7974 7978 7900 9532 9509 9569 9630 9714 9936 10017 10112 10288 10512 2740 2560 2189 1970 1685 1457 1342 1452 1885 2250 2483 2704 4074 4261 4480 5344 7890 8009 7960 7764 7864 8070 8241 8453 8666 8840 
1701 1303 692 599 452 364 0 430 605 811 961 1260 1366 1655 1871 2041 2359 2376 2207 2442 2594 2639 3075 3376 3186 3700 3924 4209 4408 4547 4735 4869 5197 5553 5848 6128 6417 6609 6861 6830 6652 6585 6631 6419 6412 7069 7490 7831 8233 8287 8392 8559 8821 9330 9417 9251 9393 9707 10066 10118 10191 10219 10341 10633 10839 10670 11010 11068 11549 11086 3027 3007 2953 3121 3091 3577 3618 3889 4216 4437 4487 4233 4095 4128 4268 4349 4757 4986 4890 4698 4698 4978 5257 5653 6085 6376 8586 8761 9194 9537 9471 3982 3907 3875 3759 3701 3657 3579 3573 3680 3874 4090 4212 4351 4408 6912 7162 7765 7458 7458 7610 7615 7538 9170 9146 9205 9265 9350 9573 9654 9750 9927 10154 2509 2306 1953 1763 1469 1241 1046 1136 1550 1908 2141 2362 3722 3914 4140 4986 7527 7645 7595 7400 7499 7705 7877 8090 8304 8480 
1553 1155 691 670 656 765 430 0 242 478 639 944 1012 1250 1494 1692 2016 2016 1824 2037 2181 2216 2663 2974 2810 3353 3580 3861 4057 4179 4351 4484 4813 5170 5464 5742 6031 6222 6474 6448 6275 6215 6267 6068 6071 6735 7160 7502 7909 7969 8083 8258 8523 9037 9129 8973 9124 9438 9802 9828 9888 9909 10024 10318 10529 10370 10711 10771 11258 10797 2799 2742 2653 2766 2707 3198 3259 3530 3850 4060 4097 3838 3681 3699 3838 3918 4347 4584 4495 4314 4330 4616 4899 5302 5740 6035 8266 8453 8881 9214 9141 3821 3753 3702 3556 3479 3399 3293 3276 3369 3562 3778 3897 4009 4057 6519 6775 7385 7093 7101 7255 7271 7201 8834 8800 8849 8901 8979 9192 9270 9362 9532 9752 2117 1899 1562 1399 1106 887 626 706 1122 1485 1718 1939 3310 3496 3715 4584 7193 7299 7240 7040 7133 7338 7498 7710 7914 8085 
1723 1335 926 911 895 964 605 242 0 235 396 701 778 1049 1271 1458 1781 1786 1605 1836 1991 2043 2470 2771 2588 3120 3346 3628 3825 3954 4134 4268 4596 4952 5248 5527 5815 6007 6259 6230 6055 5991 6040 5837 5838 6500 6924 7266 7672 7731 7843 8017 8282 8795 8888 8730 8882 9196 9559 9587 9648 9670 9785 10079 10290 10129 10470 10530 11016 10556 2913 2833 2719 2782 2689 3184 3268 3537 3849 4045 4064 3799 3611 3587 3705 3772 4151 4380 4286 4097 4105 4389 4670 5071 5508 5801 8028 8213 8642 8977 8905 3590 3523 3468 3317 3238 3156 3051 3034 3129 3322 3538 3658 3775 3826 6308 6560 7166 6867 6872 7025 7038 6967 8599 8568 8620 8675 8756 8974 9054 9148 9323 9548 2093 1854 1548 1425 1142 945 591 616 971 1316 1547 1766 3118 3312 3543 4380 6958 7067 7011 6812 6908 7113 7279 7491 7702 7876 
1901 1525 1156 1145 1129 1175 811 478 235 0 161 467 555 872 1062 1233 1554 1565 1398 1650 1815 1887 2290 2577 2375 2894 3120 3403 3601 3736 3925 4059 4387 4742 5038 5318 5607 5799 6051 6019 5840 5775 5821 5613 5610 6271 6694 7036 7441 7499 7610 7784 8048 8561 8653 8495 8646 8960 9324 9352 9414 9437 9554 9847 10057 9895 10237 10296 10782 10321 3035 2935 2799 2814 2689 3184 3290 3556 3859 4040 4043 3772 3554 3487 3583 3637 3965 4185 4084 3888 3888 4169 4448 4847 5282 5574 7797 7980 8410 8746 8675 3368 3302 3243 3088 3006 2921 2815 2799 2896 3089 3305 3425 3548 3601 6104 6352 6954 6648 6650 6802 6812 6738 8371 8342 8397 8455 8539 8762 8844 8941 9120 9350 2092 1835 1568 1484 1220 1050 646 610 862 1174 1398 1613 2937 3140 3382 4185 6729 6841 6788 6591 6689 6895 7066 7279 7495 7672 
2025 1657 1313 1305 1290 1326 961 639 396 161 0 306 408 764 923 1079 1398 1414 1259 1526 1698 1784 2168 2445 2228 2739 2964 3248 3446 3586 3780 3915 4242 4597 4892 5174 5462 5654 5907 5872 5692 5625 5669 5458 5454 6114 6536 6877 7282 7340 7450 7623 7887 8400 8492 8334 8485 8799 9163 9191 9254 9277 9394 9687 9897 9735 10076 10135 10621 10160 3121 3007 2857 2840 2693 3188 3307 3571 3867 4038 4029 3754 3517 3420 3501 3544 3836 4049 3945 3743 3737 4017 4295 4692 5126 5417 7637 7820 8250 8587 8517 3220 3156 3093 2933 2849 2761 2654 2639 2736 2929 3145 3265 3392 3447 5962 6207 6807 6496 6496 6648 6656 6581 8214 8186 8243 8303 8388 8615 8698 8796 8978 9213 2100 1833 1594 1538 1289 1139 720 650 811 1089 1306 1515 2813 3021 3272 4049 6572 6685 6634 6438 6538 6744 6919 7131 7352 7531 
2262 1911 1609 1607 1596 1624 1260 944 701 467 306 0 178 603 669 786 1100 1126 998 1296 1482 1597 1935 2191 1946 2439 2664 2949 3148 3295 3498 3634 3961 4314 4609 4892 5180 5372 5625 5587 5404 5333 5375 5158 5152 5810 6232 6573 6977 7034 7144 7317 7581 8094 8186 8028 8181 8494 8858 8885 8947 8971 9088 9382 9591 9428 9770 9829 10315 9854 3281 3144 2969 2892 2707 3195 3340 3598 3879 4030 3998 3719 3444 3290 3340 3365 3584 3785 3674 3462 3446 3723 3999 4393 4825 5115 7332 7514 7944 8282 8213 2952 2892 2821 2649 2558 2460 2349 2332 2429 2623 2839 2960 3090 3148 5685 5925 6521 6202 6199 6350 6354 6278 7911 7885 7945 8008 8096 8327 8413 8514 8701 8941 2127 1847 1665 1660 1444 1330 910 797 779 962 1151 1342 2573 2793 3057 3785 6268 6384 6336 6141 6244 6450 6632 6844 7071 7254 
2222 1889 1646 1658 1668 1730 1366 1012 778 555 408 178 0 425 517 680 1003 1010 852 1133 1315 1423 1774 2042 1821 2342 2568 2850 3047 3181 3372 3507 3834 4189 4485 4766 5054 5246 5499 5465 5286 5219 5266 5059 5060 5723 6147 6489 6897 6957 7073 7250 7516 8032 8127 7975 8133 8447 8813 8824 8879 8899 9012 9306 9519 9362 9703 9764 10253 9794 3185 3035 2848 2747 2550 3035 3188 3444 3720 3866 3829 3549 3269 3112 3164 3190 3434 3643 3538 3335 3332 3613 3893 4293 4729 5023 7253 7443 7870 8202 8128 2984 2929 2847 2658 2556 2433 2301 2276 2362 2554 2770 2888 2997 3048 5554 5799 6400 6093 6095 6248 6260 6189 7821 7790 7843 7900 7983 8207 8290 8388 8570 8805 1976 1693 1534 1552 1357 1268 860 726 625 784 972 1165 2416 2631 2891 3643 6181 6289 6234 6036 6134 6339 6512 6724 6944 7123 
2164 1885 1785 1824 1880 2010 1655 1250 1049 872 764 603 425 0 328 613 903 850 602 787 943 1020 1421 1724 1581 2172 2399 2669 2858 2954 3108 3240 3568 3925 4219 4496 4784 4975 5226 5204 5036 4980 5040 4860 4879 5552 5980 6325 6739 6808 6937 7127 7397 7919 8022 7883 8056 8368 8738 8713 8750 8759 8860 9157 9378 9234 9578 9641 10138 9683 2966 2785 2571 2407 2179 2655 2826 3075 3339 3472 3423 3142 2849 2688 2747 2783 3102 3334 3245 3070 3103 3395 3685 4095 4542 4841 7100 7308 7726 8043 7958 3120 3076 2972 2748 2621 2443 2263 2218 2270 2457 2667 2776 2827 2858 5269 5527 6141 5863 5882 6038 6069 6012 7641 7593 7628 7672 7743 7948 8023 8113 8281 8502 1627 1339 1252 1336 1212 1195 866 707 345 361 551 753 2069 2268 2510 3334 6007 6096 6023 5818 5903 6106 6255 6467 6665 6835 
2492 2209 2076 2105 2142 2234 1871 1494 1271 1062 923 669 517 328 0 289 576 536 336 632 826 971 1268 1525 1316 1874 2101 2377 2570 2685 2863 2997 3325 3681 3976 4256 4545 4737 4989 4959 4783 4721 4772 4579 4589 5259 5686 6030 6441 6507 6632 6818 7088 7608 7709 7567 7737 8049 8419 8402 8443 8456 8561 8857 9075 8927 9270 9333 9828 9372 3270 3079 2852 2646 2387 2846 3040 3279 3525 3635 3563 3280 2945 2709 2721 2725 2917 3126 3022 2826 2836 3122 3407 3813 4255 4552 6801 7003 7424 7746 7665 2810 2769 2659 2428 2298 2115 1936 1892 1950 2138 2350 2461 2530 2570 5041 5290 5895 5598 5608 5763 5784 5721 7352 7312 7356 7407 7485 7702 7782 7878 8057 8289 1866 1580 1544 1651 1538 1523 1181 1023 669 538 616 750 1904 2125 2394 3126 5716 5812 5748 5547 5639 5843 6007 6219 6433 6610 
2773 2480 2310 2329 2348 2405 2041 1692 1458 1233 1079 786 680 613 289 0 323 342 328 681 887 1078 1258 1453 1165 1661 1888 2170 2368 2509 2715 2852 3178 3530 3825 4109 4397 4589 4841 4802 4618 4547 4590 4379 4379 5043 5467 5810 6218 6279 6398 6579 6846 7364 7462 7315 7479 7792 8161 8157 8207 8224 8334 8629 8843 8690 9032 9093 9585 9127 3557 3362 3130 2905 2631 3077 3284 3517 3751 3846 3757 3474 3113 2821 2795 2772 2838 3021 2901 2680 2660 2938 3216 3613 4049 4342 6575 6768 7194 7523 7448 2523 2484 2371 2138 2009 1832 1662 1625 1696 1887 2101 2216 2316 2368 4904 5141 5735 5418 5417 5569 5579 5508 7141 7109 7164 7224 7310 7541 7627 7730 7920 8164 2129 1845 1829 1940 1825 1803 1445 1290 957 805 832 912 1861 2100 2391 3021 5500 5608 5555 5358 5459 5665 5846 6058 6288 6472 
3066 2786 2632 2653 2672 2724 2359 2016 1781 1554 1398 1100 1003 903 576 323 0 140 395 660 843 1066 1104 1229 882 1340 1565 1849 2048 2198 2419 2556 2879 3229 3524 3809 4096 4288 4541 4496 4309 4235 4275 4059 4056 4719 5143 5486 5894 5956 6075 6256 6524 7043 7141 6996 7163 7476 7845 7836 7884 7900 8010 8305 8520 8367 8709 8771 9263 8806 3785 3575 3328 3056 2755 3176 3403 3623 3835 3907 3794 3513 3117 2760 2690 2638 2588 2750 2619 2384 2349 2623 2898 3293 3727 4020 6251 6445 6870 7199 7124 2318 2288 2160 1905 1760 1551 1360 1315 1377 1566 1780 1894 1994 2048 4609 4839 5428 5102 5098 5250 5257 5185 6818 6788 6845 6908 6997 7233 7321 7427 7622 7873 2295 2019 2055 2194 2104 2099 1756 1599 1235 1014 970 978 1653 1904 2212 2750 5177 5287 5236 5041 5144 5350 5538 5750 5988 6176 
3002 2735 2612 2639 2669 2740 2376 2016 1786 1565 1414 1126 1010 850 536 342 140 0 286 521 703 925 980 1131 823 1339 1567 1845 2040 2171 2373 2509 2836 3188 3484 3767 4055 4247 4500 4461 4278 4210 4255 4052 4057 4725 5151 5495 5906 5971 6095 6282 6551 7072 7173 7033 7205 7517 7888 7866 7906 7919 8025 8320 8538 8391 8734 8796 9291 8836 3681 3466 3215 2930 2624 3041 3271 3489 3699 3768 3654 3374 2977 2623 2558 2512 2506 2682 2559 2338 2322 2603 2884 3285 3725 4020 6265 6466 6888 7210 7131 2438 2412 2279 2017 1867 1641 1431 1377 1421 1607 1817 1926 1996 2040 4562 4799 5395 5082 5086 5239 5255 5188 6820 6784 6833 6890 6974 7201 7286 7388 7577 7822 2174 1902 1954 2105 2031 2039 1714 1556 1168 917 852 845 1549 1795 2098 2682 5182 5283 5224 5026 5123 5329 5506 5718 5946 6130 
2729 2473 2386 2422 2468 2569 2207 1824 1605 1398 1259 998 852 602 336 328 395 286 0 354 559 751 955 1192 986 1569 1797 2066 2255 2358 2529 2662 2991 3347 3642 3921 4210 4402 4654 4625 4451 4391 4445 4260 4276 4949 5377 5722 6136 6205 6336 6527 6798 7321 7425 7290 7467 7778 8150 8115 8149 8157 8257 8554 8775 8633 8977 9041 9539 9085 3396 3182 2934 2663 2368 2799 3019 3243 3465 3548 3450 3167 2794 2493 2469 2452 2585 2791 2686 2492 2509 2798 3085 3494 3940 4238 6498 6706 7124 7440 7355 2713 2683 2555 2298 2150 1927 1714 1656 1691 1873 2079 2185 2224 2256 4705 4955 5561 5270 5285 5440 5467 5409 7038 6993 7031 7079 7155 7369 7448 7543 7721 7953 1900 1624 1668 1820 1753 1772 1467 1308 898 631 576 607 1581 1809 2089 2791 5405 5495 5425 5222 5311 5515 5674 5886 6097 6273 
2750 2537 2538 2589 2659 2798 2442 2037 1836 1650 1526 1296 1133 787 632 681 660 521 354 0 205 408 642 937 868 1519 1738 1983 2158 2214 2339 2468 2796 3153 3446 3719 4007 4198 4448 4431 4269 4221 4288 4132 4167 4846 5277 5622 6042 6119 6262 6464 6739 7266 7376 7254 7443 7753 8127 8060 8075 8074 8163 8462 8691 8561 8905 8972 9476 9028 3274 3040 2772 2446 2124 2528 2766 2978 3181 3247 3134 2853 2462 2141 2116 2104 2315 2547 2461 2301 2361 2660 2955 3373 3825 4128 6406 6632 7041 7341 7245 2926 2906 2764 2488 2325 2061 1812 1735 1731 1896 2089 2180 2151 2158 4486 4749 5368 5107 5138 5296 5342 5298 6919 6859 6879 6914 6978 7173 7245 7331 7496 7715 1713 1456 1580 1777 1768 1831 1593 1439 987 632 455 353 1287 1498 1762 2547 5297 5367 5281 5071 5147 5348 5482 5694 5884 6051 
2788 2602 2648 2706 2788 2946 2594 2181 1991 1815 1698 1482 1315 943 826 887 843 703 559 205 0 230 481 819 856 1521 1731 1958 2121 2148 2242 2368 2693 3049 3339 3608 3894 4084 4332 4324 4168 4127 4203 4065 4111 4793 5223 5569 5990 6073 6223 6431 6707 7236 7350 7236 7432 7740 8116 8029 8034 8027 8110 8409 8642 8521 8865 8933 9440 8996 3225 2978 2701 2340 2002 2385 2634 2836 3026 3080 2957 2677 2274 1937 1910 1901 2166 2413 2341 2203 2291 2593 2891 3312 3767 4071 6357 6592 6994 7285 7183 3058 3043 2895 2610 2440 2158 1892 1807 1781 1935 2116 2199 2129 2122 4362 4633 5258 5016 5057 5217 5274 5238 6852 6783 6793 6819 6876 7060 7127 7209 7366 7576 1634 1396 1570 1789 1814 1901 1701 1552 1094 723 505 319 1128 1324 1575 2413 5240 5298 5201 4987 5055 5254 5373 5585 5761 5923 
2688 2531 2632 2700 2798 2981 2639 2216 2043 1887 1784 1597 1423 1020 971 1078 1066 925 751 408 230 0 522 893 1029 1693 1893 2103 2255 2253 2313 2432 2752 3104 3390 3652 3936 4123 4369 4370 4225 4193 4278 4160 4217 4900 5331 5676 6099 6186 6344 6557 6834 7365 7482 7375 7577 7884 8261 8156 8152 8139 8215 8515 8752 8638 8982 9052 9562 9120 3045 2790 2506 2126 1781 2157 2409 2608 2796 2850 2730 2449 2053 1746 1750 1767 2161 2432 2379 2273 2391 2695 2994 3416 3873 4178 6466 6711 7107 7388 7280 3287 3272 3123 2836 2665 2377 2105 2016 1980 2126 2300 2376 2275 2256 4388 4669 5301 5083 5135 5296 5365 5339 6944 6865 6862 6879 6927 7097 7157 7233 7378 7576 1440 1219 1433 1672 1731 1842 1691 1552 1100 731 498 277 1125 1285 1500 2432 5343 5388 5280 5063 5121 5317 5417 5628 5786 5939 
3210 3050 3124 3185 3270 3427 3075 2663 2470 2290 2168 1935 1774 1421 1268 1258 1104 980 955 642 481 522 0 372 637 1255 1434 1617 1756 1736 1791 1911 2233 2587 2874 3139 3425 3613 3860 3856 3707 3673 3756 3639 3698 4381 4812 5156 5580 5669 5829 6045 6323 6854 6974 6872 7079 7384 7762 7645 7635 7621 7695 7995 8233 8122 8466 8536 9047 8608 3517 3251 2956 2525 2155 2465 2743 2911 3053 3058 2894 2625 2167 1706 1594 1533 1684 1933 1868 1751 1872 2175 2474 2897 3353 3659 5948 6196 6590 6868 6758 3057 3057 2892 2587 2403 2080 1783 1681 1607 1726 1877 1938 1790 1757 3886 4161 4790 4563 4613 4774 4843 4818 6422 6343 6342 6361 6412 6588 6653 6733 6887 7095 1902 1708 1949 2193 2251 2356 2178 2031 1573 1200 975 765 647 857 1134 1933 4823 4866 4758 4541 4601 4797 4905 5116 5285 5444 
3581 3414 3465 3521 3596 3734 3376 2974 2771 2577 2445 2191 2042 1724 1525 1453 1229 1131 1192 937 819 893 372 0 475 959 1110 1266 1395 1363 1425 1549 1873 2229 2520 2789 3076 3266 3515 3504 3349 3310 3390 3267 3325 4008 4439 4783 5207 5296 5457 5674 5952 6483 6604 6503 6713 7017 7395 7273 7263 7248 7322 7622 7860 7749 8093 8164 8675 8236 3877 3606 3308 2857 2479 2755 3043 3194 3310 3288 3100 2843 2358 1817 1627 1508 1393 1609 1525 1386 1499 1802 2102 2524 2981 3286 5575 5823 6217 6495 6386 2895 2906 2731 2418 2228 1884 1576 1465 1359 1450 1577 1624 1438 1396 3549 3816 4439 4199 4245 4406 4472 4445 6051 5974 5977 6001 6057 6242 6311 6395 6558 6778 2262 2077 2322 2565 2618 2716 2518 2367 1911 1541 1324 1124 428 687 1010 1609 4450 4495 4390 4174 4238 4436 4554 4766 4947 5113 
3618 3403 3366 3406 3455 3549 3186 2810 2588 2375 2228 1946 1821 1581 1316 1165 882 823 986 868 856 1029 637 475 0 665 876 1115 1291 1372 1552 1687 2014 2368 2664 2946 3234 3426 3679 3644 3466 3404 3459 3281 3306 3984 4414 4759 5177 5253 5394 5596 5870 6398 6509 6389 6581 6890 7265 7191 7207 7207 7299 7597 7824 7693 8037 8104 8608 8159 4073 3820 3535 3135 2774 3099 3373 3546 3690 3692 3520 3255 2786 2277 2101 1982 1719 1868 1738 1516 1522 1813 2104 2517 2966 3268 5541 5764 6174 6478 6386 2441 2448 2277 1967 1780 1448 1148 1044 973 1103 1271 1347 1282 1292 3739 3979 4579 4284 4300 4456 4490 4439 6064 6013 6046 6093 6169 6387 6469 6568 6754 6999 2469 2245 2424 2636 2637 2696 2434 2276 1838 1497 1320 1170 883 1145 1473 1868 4437 4516 4441 4237 4324 4528 4691 4904 5125 5307 
4264 4033 3950 3979 4007 4064 3700 3353 3120 2894 2739 2439 2342 2172 1874 1661 1340 1339 1569 1519 1521 1693 1255 959 665 0 227 509 710 905 1205 1338 1636 1965 2252 2539 2820 3010 3262 3199 3000 2915 2944 2719 2718 3385 3812 4156 4568 4636 4767 4960 5232 5757 5864 5737 5924 6234 6608 6551 6579 6587 6688 6985 7206 7065 7408 7473 7972 7521 4738 4482 4195 3780 3411 3708 3992 4150 4269 4244 4048 3795 3303 2725 2478 2303 1649 1670 1487 1179 1050 1299 1563 1953 2387 2681 4929 5137 5554 5872 5792 2054 2084 1898 1582 1390 1029 727 613 450 496 622 685 656 710 3353 3554 4120 3771 3760 3910 3917 3849 5481 5448 5506 5572 5668 5918 6015 6129 6343 6617 3131 2910 3088 3295 3282 3328 3037 2878 2458 2136 1974 1834 1210 1432 1740 1670 3842 3947 3896 3704 3813 4020 4228 4439 4702 4904 
4486 4258 4178 4207 4235 4288 3924 3580 3346 3120 2964 2664 2568 2399 2101 1888 1565 1567 1797 1738 1731 1893 1434 1110 876 227 0 288 492 724 1057 1184 1464 1780 2062 2349 2627 2815 3065 2996 2792 2703 2727 2494 2491 3158 3584 3928 4340 4408 4540 4734 5007 5532 5641 5516 5706 6015 6390 6327 6353 6360 6461 6757 6978 6838 7182 7247 7747 7296 4937 4677 4386 3958 3584 3864 4153 4302 4408 4370 4164 3918 3418 2817 2546 2354 1582 1558 1362 1036 862 1091 1346 1730 2161 2454 4701 4910 5327 5644 5564 2058 2098 1909 1600 1412 1056 781 678 490 443 488 515 429 492 3164 3355 3913 3553 3538 3687 3691 3621 5254 5222 5283 5352 5450 5707 5806 5924 6142 6423 3326 3112 3300 3512 3504 3552 3265 3105 2684 2359 2193 2047 1299 1496 1786 1558 3615 3721 3673 3483 3595 3803 4019 4229 4502 4707 
4733 4515 4451 4483 4514 4573 4209 3861 3628 3403 3248 2949 2850 2669 2377 2170 1849 1845 2066 1983 1958 2103 1617 1266 1115 509 288 0 203 471 834 950 1206 1509 1786 2071 2346 2534 2783 2711 2505 2414 2438 2209 2212 2883 3311 3656 4070 4142 4280 4481 4755 5283 5395 5278 5476 5783 6159 6076 6094 6096 6192 6489 6714 6579 6923 6990 7493 7044 5134 4868 4572 4123 3743 3995 4290 4425 4511 4454 4235 3999 3491 2863 2564 2351 1447 1368 1161 820 595 805 1057 1444 1879 2175 4433 4650 5063 5374 5289 2191 2241 2052 1754 1576 1236 998 908 720 606 540 495 173 203 2886 3072 3625 3264 3251 3401 3410 3344 4975 4939 4997 5064 5162 5418 5518 5636 5857 6142 3519 3318 3526 3747 3752 3809 3532 3373 2944 2611 2435 2277 1370 1529 1787 1368 3339 3438 3387 3195 3306 3514 3731 3941 4217 4424 
4904 4694 4642 4675 4710 4772 4408 4057 3825 3601 3446 3148 3047 2858 2570 2368 2048 2040 2255 2158 2121 2255 1756 1395 1291 710 492 203 0 324 699 800 1030 1318 1591 1875 2148 2335 2584 2509 2302 2211 2235 2011 2021 2695 3124 3469 3886 3961 4105 4310 4586 5115 5229 5119 5323 5629 6006 5907 5917 5916 6008 6306 6533 6404 6748 6815 7320 6874 5271 5001 4702 4239 3856 4089 4387 4513 4585 4516 4288 4059 3546 2903 2586 2361 1371 1248 1036 693 418 603 854 1245 1685 1983 4250 4474 4883 5188 5100 2309 2365 2177 1889 1718 1391 1173 1091 906 772 662 582 154 1 2690 2871 3422 3062 3050 3201 3214 3153 4783 4743 4797 4862 4959 5215 5314 5433 5656 5942 3657 3464 3685 3911 3925 3988 3718 3560 3127 2788 2606 2441 1445 1575 1807 1248 3149 3243 3187 2994 3103 3311 3528 3738 4015 4224 
4934 4747 4738 4779 4827 4911 4547 4179 3954 3736 3586 3295 3181 2954 2685 2509 2198 2171 2358 2214 2148 2253 1736 1363 1372 905 724 471 324 0 375 480 740 1060 1347 1634 1916 2107 2359 2302 2111 2038 2087 1918 1964 2647 3078 3423 3846 3933 4094 4313 4591 5123 5246 5153 5372 5673 6052 5912 5899 5885 5964 6263 6499 6386 6730 6800 7311 6873 5216 4937 4633 4146 3758 3957 4260 4369 4420 4332 4093 3876 3360 2699 2363 2125 1066 924 711 370 151 445 742 1164 1620 1925 4213 4460 4854 5137 5035 2633 2689 2501 2210 2037 1704 1469 1379 1190 1076 984 907 479 325 2447 2653 3230 2913 2928 3085 3128 3089 4706 4645 4674 4721 4802 5034 5125 5234 5441 5712 3608 3436 3685 3924 3962 4043 3801 3644 3200 2846 2648 2465 1315 1398 1589 924 3092 3153 3069 2864 2953 3158 3340 3551 3802 4001 
4999 4839 4877 4927 4989 5098 4735 4351 4134 3925 3780 3498 3372 3108 2863 2715 2419 2373 2529 2339 2242 2313 1791 1425 1552 1205 1057 834 699 375 0 137 462 818 1113 1394 1682 1874 2127 2096 1929 1885 1965 1871 1960 2636 3062 3403 3829 3929 4109 4342 4622 5154 5285 5213 5447 5742 6121 5934 5896 5868 5929 6229 6475 6381 6724 6798 7315 6886 5182 4894 4586 4073 3683 3837 4144 4232 4256 4146 3894 3692 3175 2499 2141 1889 735 551 337 39 328 514 775 1175 1619 1920 4197 4469 4843 5100 4981 3009 3064 2876 2584 2408 2071 1826 1730 1540 1440 1358 1282 854 701 2190 2427 3033 2774 2822 2984 3063 3052 4638 4553 4551 4577 4638 4840 4919 5016 5204 5455 3592 3445 3725 3978 4043 4142 3932 3778 3325 2960 2748 2550 1262 1272 1395 551 3063 3083 2967 2750 2812 3011 3146 3358 3573 3757 
5116 4961 5006 5057 5121 5232 4869 4484 4268 4059 3915 3634 3507 3240 2997 2852 2556 2509 2662 2468 2368 2432 1911 1549 1687 1338 1184 950 800 480 137 0 328 685 979 1259 1547 1739 1992 1964 1801 1761 1848 1772 1873 2543 2966 3305 3731 3835 4020 4257 4537 5068 5202 5136 5375 5667 6046 5846 5800 5769 5825 6125 6373 6284 6627 6702 7220 6795 5276 4987 4677 4158 3768 3908 4215 4296 4310 4192 3934 3740 3224 2544 2177 1920 726 483 275 171 397 500 723 1102 1536 1833 4099 4377 4746 4996 4873 3107 3165 2978 2690 2517 2184 1946 1852 1663 1556 1462 1380 954 801 2053 2292 2901 2651 2706 2868 2955 2952 4528 4437 4430 4451 4510 4708 4785 4881 5067 5318 3693 3553 3839 4093 4163 4266 4061 3907 3453 3087 2873 2673 1364 1355 1450 483 2964 2975 2852 2632 2689 2887 3014 3227 3437 3621 
5432 5283 5334 5385 5449 5560 5197 4813 4596 4387 4242 3961 3834 3568 3325 3178 2879 2836 2991 2796 2693 2752 2233 1873 2014 1636 1464 1206 1030 740 462 328 0 357 651 931 1219 1411 1664 1636 1475 1442 1538 1500 1625 2279 2695 3029 3454 3564 3758 4003 4282 4812 4950 4897 5145 5432 5810 5583 5524 5485 5534 5834 6086 6006 6348 6424 6945 6525 5559 5266 4956 4426 4036 4151 4459 4527 4522 4387 4121 3940 3429 2744 2366 2103 875 542 429 499 612 536 617 906 1302 1585 3821 4111 4469 4705 4576 3296 3360 3175 2900 2736 2419 2201 2115 1927 1802 1681 1583 1173 1030 1731 1964 2573 2331 2396 2560 2660 2670 4226 4127 4111 4128 4183 4379 4457 4553 4742 4998 3987 3856 4150 4407 4483 4589 4388 4235 3780 3413 3198 2996 1667 1631 1682 542 2686 2677 2542 2319 2369 2565 2686 2898 3110 3296 
5780 5636 5690 5742 5806 5916 5553 5170 4952 4742 4597 4314 4189 3925 3681 3530 3229 3188 3347 3153 3049 3104 2587 2229 2368 1965 1780 1509 1318 1060 818 685 357 0 295 579 866 1058 1311 1279 1120 1096 1205 1223 1379 2001 2405 2731 3154 3271 3476 3728 4006 4532 4675 4637 4895 5175 5552 5294 5220 5174 5215 5514 5770 5701 6040 6119 6641 6228 5879 5584 5273 4734 4346 4439 4747 4802 4779 4629 4355 4189 3684 3001 2615 2350 1138 789 745 855 918 744 671 782 1088 1342 3519 3822 4166 4387 4250 3511 3581 3400 3139 2985 2684 2489 2409 2224 2084 1943 1834 1449 1319 1388 1610 2216 1983 2059 2224 2341 2366 3896 3787 3762 3774 3827 4022 4101 4199 4393 4655 4319 4196 4496 4755 4835 4943 4744 4592 4137 3770 3554 3351 2010 1956 1976 789 2387 2355 2206 1980 2020 2213 2329 2541 2758 2948 
6061 5922 5983 6035 6100 6211 5848 5464 5248 5038 4892 4609 4485 4219 3976 3825 3524 3484 3642 3446 3339 3390 2874 2520 2664 2252 2062 1786 1591 1347 1113 979 651 295 0 286 572 764 1016 985 837 832 963 1060 1250 1819 2204 2520 2938 3062 3277 3536 3812 4333 4481 4458 4725 4998 5372 5084 4995 4941 4972 5271 5531 5472 5810 5891 6414 6008 6131 5835 5523 4977 4591 4665 4972 5016 4979 4817 4537 4383 3884 3205 2816 2552 1370 1026 1017 1150 1202 999 860 826 1009 1216 3298 3615 3943 4146 4001 3728 3802 3624 3374 3226 2937 2754 2679 2496 2349 2197 2084 1715 1591 1101 1315 1922 1708 1802 1967 2106 2150 3642 3522 3485 3490 3537 3728 3806 3904 4099 4365 4584 4468 4774 5035 5120 5231 5036 4884 4429 4061 3844 3639 2288 2220 2216 1026 2177 2117 1949 1719 1744 1933 2036 2248 2463 2655 
6313 6182 6254 6308 6376 6491 6128 5742 5527 5318 5174 4892 4766 4496 4256 4109 3809 3767 3921 3719 3608 3652 3139 2789 2946 2539 2349 2071 1875 1634 1394 1259 931 579 286 0 288 480 732 718 606 648 814 1021 1239 1726 2082 2380 2788 2921 3149 3414 3686 4199 4352 4347 4624 4888 5258 4935 4827 4763 4781 5079 5344 5300 5635 5717 6242 5845 6348 6049 5738 5184 4800 4852 5158 5191 5138 4963 4679 4538 4048 3375 2986 2723 1584 1252 1272 1430 1489 1279 1116 1002 1068 1211 3142 3473 3780 3960 3805 3980 4056 3881 3637 3494 3211 3034 2961 2779 2629 2473 2357 1997 1875 815 1033 1650 1482 1605 1769 1938 2009 3440 3303 3247 3238 3275 3453 3527 3622 3813 4078 4816 4710 5023 5288 5379 5495 5307 5156 4700 4331 4111 3905 2541 2457 2428 1252 2042 1944 1750 1517 1515 1695 1765 1977 2179 2369 
6592 6465 6541 6596 6664 6779 6417 6031 5815 5607 5462 5180 5054 4784 4545 4397 4096 4055 4210 4007 3894 3936 3425 3076 3234 2820 2627 2346 2148 1916 1682 1547 1219 866 572 288 0 192 444 441 389 498 688 1000 1232 1616 1934 2211 2606 2747 2984 3255 3522 4025 4183 4194 4480 4735 5100 4746 4621 4547 4554 4850 5119 5088 5420 5504 6029 5641 6605 6305 5993 5436 5053 5091 5395 5419 5354 5171 4883 4752 4270 3604 3215 2955 1848 1524 1556 1719 1769 1548 1361 1181 1139 1212 2950 3295 3581 3739 3575 4205 4284 4112 3877 3739 3466 3299 3229 3049 2895 2732 2613 2265 2149 546 744 1365 1237 1388 1548 1746 1843 3205 3055 2982 2964 2994 3166 3238 3333 3527 3797 5084 4983 5301 5567 5662 5779 5594 5443 4987 4617 4397 4190 2822 2731 2688 1524 1883 1747 1529 1296 1267 1435 1480 1691 1891 2084 
6775 6651 6731 6786 6855 6971 6609 6222 6007 5799 5654 5372 5246 4975 4737 4589 4288 4247 4402 4198 4084 4123 3613 3266 3426 3010 2815 2534 2335 2107 1874 1739 1411 1058 764 480 192 0 252 278 328 486 674 1042 1275 1580 1866 2123 2506 2652 2896 3170 3432 3927 4088 4111 4402 4650 5012 4634 4497 4416 4415 4709 4982 4959 5289 5374 5899 5518 6772 6471 6160 5599 5219 5246 5549 5567 5495 5305 5015 4891 4414 3753 3366 3109 2023 1705 1744 1911 1960 1733 1537 1329 1232 1261 2842 3195 3464 3606 3434 4365 4445 4275 4045 3911 3643 3481 3413 3234 3078 2911 2792 2450 2335 377 552 1178 1094 1269 1424 1644 1760 3062 2900 2814 2787 2812 2976 3047 3141 3335 3608 5260 5162 5483 5750 5847 5966 5784 5633 5177 4807 4586 4378 3007 2911 2859 1705 1805 1640 1405 1174 1120 1277 1295 1504 1699 1893 
7015 6895 6980 7035 7106 7223 6861 6474 6259 6051 5907 5625 5499 5226 4989 4841 4541 4500 4654 4448 4332 4369 3860 3515 3679 3262 3065 2783 2584 2359 2127 1992 1664 1311 1016 732 444 252 0 195 409 583 742 1152 1378 1574 1809 2036 2397 2550 2802 3079 3333 3815 3979 4019 4318 4555 4911 4502 4347 4257 4243 4535 4811 4802 5127 5215 5739 5368 6991 6689 6378 5814 5435 5450 5751 5761 5680 5482 5190 5075 4606 3952 3567 3312 2256 1945 1991 2163 2211 1981 1776 1542 1391 1370 2719 3084 3327 3444 3262 4584 4665 4498 4274 4142 3880 3724 3658 3480 3322 3152 3031 2696 2584 215 301 939 938 1149 1292 1542 1686 2887 2709 2602 2562 2575 2728 2796 2889 3083 3358 5490 5397 5722 5989 6091 6212 6033 5882 5426 5055 4834 4625 3250 3147 3085 1945 1737 1532 1273 1053 958 1089 1056 1263 1446 1642 
7031 6901 6968 7020 7085 7193 6830 6448 6230 6019 5872 5587 5465 5204 4959 4802 4496 4461 4625 4431 4324 4370 3856 3504 3644 3199 2996 2711 2509 2302 2096 1964 1636 1279 985 718 441 278 195 0 240 406 552 967 1190 1383 1632 1872 2244 2393 2642 2918 3176 3665 3827 3859 4154 4396 4755 4365 4222 4140 4137 4431 4704 4683 5012 5098 5623 5244 7045 6745 6433 5874 5492 5523 5827 5845 5773 5583 5293 5170 4693 4032 3644 3386 2290 1965 1991 2134 2152 1905 1681 1413 1224 1184 2575 2933 3193 3329 3156 4451 4534 4369 4153 4027 3776 3632 3570 3395 3232 3055 2932 2614 2509 410 375 936 816 1000 1152 1384 1515 2783 2622 2542 2523 2557 2743 2825 2932 3146 3441 5526 5424 5741 6006 6098 6213 6022 5869 5414 5046 4828 4622 3259 3172 3129 1965 1564 1378 1133 905 842 999 1050 1262 1506 1721 
6898 6757 6807 6856 6916 7015 6652 6275 6055 5840 5692 5404 5286 5036 4783 4618 4309 4278 4451 4269 4168 4225 3707 3349 3466 3000 2792 2505 2302 2111 1929 1801 1475 1120 837 606 389 328 409 240 0 174 350 745 974 1252 1550 1822 2216 2357 2595 2867 3133 3636 3793 3806 4094 4347 4711 4357 4236 4165 4178 4475 4742 4704 5038 5121 5646 5255 6953 6655 6343 5791 5406 5457 5763 5792 5734 5554 5267 5133 4646 3977 3587 3326 2188 1852 1854 1968 1960 1701 1463 1178 986 964 2561 2905 3193 3360 3201 4213 4296 4132 3919 3795 3549 3412 3352 3180 3013 2833 2709 2402 2303 617 612 1120 877 1005 1167 1356 1454 2834 2697 2649 2654 2708 2923 3015 3131 3358 3664 5416 5304 5611 5873 5956 6064 5862 5708 5255 4888 4674 4471 3125 3054 3034 1852 1496 1358 1148 914 911 1096 1229 1440 1721 1944 
6874 6723 6757 6804 6859 6950 6585 6215 5991 5775 5625 5333 5219 4980 4721 4547 4235 4210 4391 4221 4127 4193 3673 3310 3404 2915 2703 2414 2211 2038 1885 1761 1442 1096 832 648 498 486 583 406 174 0 191 570 800 1118 1445 1734 2140 2274 2505 2773 3043 3553 3707 3709 3991 4250 4618 4287 4181 4119 4143 4442 4704 4654 4990 5072 5596 5197 6964 6667 6355 5809 5422 5489 5796 5833 5785 5612 5327 5185 4693 4019 3629 3366 2201 1858 1840 1924 1887 1615 1361 1045 819 789 2493 2826 3132 3320 3171 4066 4151 3990 3782 3663 3425 3299 3244 3075 2904 2719 2593 2302 2211 791 766 1217 889 970 1135 1290 1363 2811 2692 2669 2693 2764 3003 3104 3229 3470 3788 5413 5292 5591 5850 5924 6027 5814 5659 5208 4844 4633 4434 3106 3049 3048 1858 1399 1297 1117 887 928 1127 1319 1528 1840 2073 
6964 6803 6821 6864 6914 6995 6631 6267 6040 5821 5669 5375 5266 5040 4772 4590 4275 4255 4445 4288 4203 4278 3756 3390 3459 2944 2727 2438 2235 2087 1965 1848 1538 1205 963 814 688 674 742 552 350 191 0 421 638 929 1268 1567 1979 2109 2334 2600 2872 3386 3538 3533 3812 4074 4444 4128 4032 3977 4011 4310 4569 4509 4846 4927 5451 5046 7085 6789 6478 5937 5549 5628 5935 5979 5937 5769 5486 5339 4844 4166 3777 3513 2331 1984 1950 2004 1936 1652 1380 1023 721 634 2337 2662 2980 3184 3044 3999 4086 3929 3734 3622 3399 3289 3240 3077 2900 2708 2580 2316 2235 956 879 1241 827 858 1021 1142 1196 2690 2589 2590 2634 2724 2991 3102 3238 3496 3831 5523 5395 5686 5941 6008 6104 5881 5725 5276 4916 4708 4513 3205 3161 3176 1984 1228 1153 1004 784 869 1076 1334 1534 1886 2129 
6847 6665 6646 6683 6721 6783 6419 6068 5837 5613 5458 5158 5059 4860 4579 4379 4059 4052 4260 4132 4065 4160 3639 3267 3281 2719 2494 2209 2011 1918 1871 1772 1500 1223 1060 1021 1000 1042 1152 967 745 570 421 0 233 780 1196 1533 1959 2065 2259 2507 2786 3314 3455 3414 3674 3952 4329 4083 4029 3997 4059 4359 4604 4512 4855 4930 5449 5026 7048 6758 6449 5924 5534 5650 5958 6020 6002 5852 5577 5412 4907 4223 3838 3573 2355 2007 1928 1910 1773 1472 1177 766 352 219 2327 2611 2974 3231 3119 3620 3709 3557 3377 3276 3075 2991 2953 2801 2616 2414 2285 2070 2011 1362 1300 1613 1117 1051 1195 1210 1182 2787 2733 2789 2871 2991 3299 3425 3575 3852 4204 5463 5315 5586 5832 5879 5961 5714 5557 5116 4764 4566 4381 3133 3123 3181 2007 1192 1235 1182 1007 1160 1367 1695 1884 2269 2520 
6898 6704 6663 6695 6726 6775 6412 6071 5838 5610 5454 5152 5060 4879 4589 4379 4056 4057 4276 4167 4111 4217 3698 3325 3306 2718 2491 2212 2021 1964 1960 1873 1625 1379 1250 1239 1232 1275 1378 1190 974 800 638 233 0 682 1113 1458 1881 1973 2148 2384 2664 3195 3329 3272 3522 3807 4185 3974 3941 3922 3999 4298 4534 4427 4770 4843 5358 4926 7142 6855 6547 6031 5641 5774 6082 6152 6145 6003 5732 5560 5050 4366 3984 3720 2495 2150 2053 1998 1826 1523 1223 801 344 40 2249 2509 2892 3174 3079 3485 3576 3431 3266 3176 2996 2935 2905 2763 2574 2365 2237 2062 2020 1590 1510 1771 1237 1123 1248 1204 1132 2763 2735 2823 2928 3066 3399 3535 3694 3985 4350 5547 5389 5648 5889 5925 5999 5738 5580 5144 4799 4607 4429 3219 3228 3306 2150 1130 1237 1238 1098 1278 1478 1844 2023 2430 2686 
7580 7384 7334 7365 7391 7431 7069 6735 6500 6271 6114 5810 5723 5552 5259 5043 4719 4725 4949 4846 4793 4900 4381 4008 3984 3385 3158 2883 2695 2647 2636 2543 2279 2001 1819 1726 1616 1580 1574 1383 1252 1118 929 780 682 0 430 776 1198 1292 1479 1726 2005 2533 2674 2639 2906 3179 3554 3304 3260 3239 3317 3616 3851 3746 4089 4162 4679 4251 7818 7530 7221 6700 6310 6430 6738 6800 6781 6628 6352 6190 5685 5002 4617 4351 3136 2787 2708 2675 2509 2206 1906 1484 1027 722 1566 1834 2210 2494 2406 3960 4055 3927 3797 3727 3584 3553 3532 3401 3209 2997 2870 2728 2694 1784 1576 1568 976 742 789 613 473 2101 2101 2236 2380 2554 2940 3098 3281 3609 4010 6226 6071 6331 6572 6606 6678 6414 6255 5822 5479 5289 5111 3897 3898 3961 2787 458 654 789 778 1005 1149 1602 1730 2193 2459 
8011 7815 7762 7791 7815 7852 7490 7160 6924 6694 6536 6232 6147 5980 5686 5467 5143 5151 5377 5277 5223 5331 4812 4439 4414 3812 3584 3311 3124 3078 3062 2966 2695 2405 2204 2082 1934 1866 1809 1632 1550 1445 1268 1196 1113 430 0 345 768 869 1073 1333 1608 2129 2276 2264 2546 2806 3176 2889 2834 2809 2887 3185 3421 3319 3662 3736 4253 3830 8243 7954 7644 7120 6730 6842 7150 7207 7180 7021 6742 6586 6085 5403 5016 4751 3543 3194 3123 3100 2940 2636 2337 1914 1458 1153 1136 1417 1781 2064 1981 4299 4396 4276 4164 4104 3978 3960 3943 3817 3624 3410 3285 3155 3124 2005 1742 1566 1016 746 698 403 172 1686 1713 1886 2062 2262 2684 2856 3054 3404 3826 6653 6500 6762 7003 7037 7109 6843 6684 6252 5909 5719 5542 4324 4319 4375 3194 107 444 708 823 1030 1102 1568 1649 2127 2388 
8357 8160 8106 8135 8158 8192 7831 7502 7266 7036 6877 6573 6489 6325 6030 5810 5486 5495 5722 5622 5569 5676 5156 4783 4759 4156 3928 3656 3469 3423 3403 3305 3029 2731 2520 2380 2211 2123 2036 1872 1822 1734 1567 1533 1458 776 345 0 426 542 773 1047 1311 1819 1973 1988 2282 2526 2889 2564 2495 2466 2541 2840 3076 2979 3321 3396 3916 3496 8582 8292 7982 7455 7065 7171 7479 7532 7499 7335 7053 6903 6405 5724 5336 5071 3870 3521 3457 3441 3284 2981 2682 2259 1803 1498 794 1094 1441 1718 1640 4589 4686 4573 4471 4419 4303 4293 4279 4155 3962 3747 3622 3499 3469 2218 1927 1638 1159 902 794 500 371 1357 1412 1626 1831 2055 2503 2686 2895 3260 3697 6995 6843 7106 7348 7383 7454 7188 7029 6597 6255 6065 5887 4665 4656 4705 3521 344 520 810 994 1160 1172 1615 1652 2124 2374 
8778 8579 8518 8545 8565 8593 8233 7909 7672 7441 7282 6977 6897 6739 6441 6218 5894 5906 6136 6042 5990 6099 5580 5207 5177 4568 4340 4070 3886 3846 3829 3731 3454 3154 2938 2788 2606 2506 2397 2244 2216 2140 1979 1959 1881 1198 768 426 0 165 430 704 939 1421 1582 1631 1938 2160 2513 2148 2069 2041 2122 2420 2652 2553 2895 2970 3490 3073 9008 8718 8408 7880 7491 7594 7901 7952 7916 7749 7466 7319 6822 6143 5755 5490 4292 3943 3881 3867 3708 3405 3105 2683 2226 1921 368 689 1015 1305 1248 4914 5012 4907 4822 4779 4679 4682 4672 4554 4360 4145 4021 3912 3886 2567 2256 1876 1480 1248 1111 862 788 1010 1137 1425 1675 1928 2405 2600 2820 3202 3652 7421 7268 7530 7771 7803 7873 7603 7444 7014 6674 6485 6309 5091 5082 5129 3943 768 866 1130 1344 1473 1434 1830 1820 2267 2499 
8861 8656 8583 8608 8625 8646 8287 7969 7731 7499 7340 7034 6957 6808 6507 6279 5956 5971 6205 6119 6073 6186 5669 5296 5253 4636 4408 4142 3961 3933 3929 3835 3564 3271 3062 2921 2747 2652 2550 2393 2357 2274 2109 2065 1973 1292 869 542 165 0 265 540 783 1279 1436 1472 1778 2005 2361 2023 1968 1954 2054 2349 2571 2454 2797 2870 3386 2960 9111 8822 8513 7989 7599 7710 8018 8073 8041 7878 7596 7445 6947 6266 5878 5613 4409 4060 3992 3967 3798 3494 3195 2773 2317 2013 303 552 921 1254 1229 4913 5011 4912 4837 4800 4712 4726 4720 4606 4413 4197 4075 3981 3961 2722 2415 2041 1639 1402 1269 1009 913 1036 1205 1519 1781 2041 2523 2721 2943 3327 3780 7519 7362 7619 7857 7884 7950 7673 7514 7087 6750 6565 6392 5190 5188 5243 4060 885 1017 1287 1497 1632 1598 1995 1984 2429 2658 
