6
235
34 0 1 2 3 4 5 6 7 8 9 10 11 12 13 14 15 16 17 18 19 20 21 22 23 24 25 26 27 28 29 30 31 32 33
71 34 35 36 37 38 39 40 2 3 4 41 5 6 42 43 44 45 46 47 48 49 50 51 52 53 54 55 56 57 58 13 14 59 15 16 17 18 19 20 60 61 62 63 64 65 66 67 68 69 70 71 72 73 74 75 76 77 78 79 80 81 82 83 84 85 86 87 88 89 90 91
70 92 93 94 95 96 97 98 99 100 101 102 103 104 105 106 107 108 109 110 10 11 12 13 14 15 16 17 18 111 112 113 20 60 61 62 114 115 116 117 118 72 73 74 75 76 119 120 121 122 123 124 125 126 127 128 129 130 131 132 133 134 135 136 137 138 139 140 141 142 143
36 144 145 146 147 148 12 13 14 15 16 149 150 151 152 153 154 155 156 157 158 159 160 161 162 163 164 165 166 167 168 169 170 171 172 173 174
40 175 176 177 178 179 180 181 182 183 15 16 149 150 151 152 153 184 155 156 157 158 185 186 187 188 120 121 122 189 190 191 192 193 194 195 196 197 198 199 200
40 201 202 203 204 205 206 207 208 209 210 211 212 213 214 215 216 217 218 219 220 221 222 223 184 155 156 224 225 226 227 228 31 32 33 229 230 231 232 233 234
2400 3600 2400 1800 1800 1800 
0 432 460 345 398 550 942 1162 1460 1856 2193 2601 2685 2727 2819 2852 2766 3024 3319 3816 4053 4805 5145 5382 5735 5901 5863 5533 5485 5653 5742 5956 6103 6247 2424 2095 1784 1480 1155 973 736 365 975 1079 1380 1321 1547 1693 1533 1492 1503 1669 1869 1946 2074 2306 2254 2253 2458 3127 4289 4261 4240 4293 4518 4702 4855 4974 4944 4895 4729 4519 4276 4131 4288 4378 4523 4552 4400 4284 4218 3961 3698 3380 3247 3509 3791 3771 3774 3718 3201 2761 3988 4425 4081 4039 3794 4008 4042 3854 3556 3430 3201 2736 2491 2199 2242 2493 2570 2334 2278 3598 3760 3954 4253 4208 4258 4382 4463 5207 5467 5826 6230 6050 5999 5907 5625 5591 5787 6189 6498 6491 6499 6743 6951 7159 7534 7647 7955 8027 8063 8113 8373 8647 3488 3331 2881 2553 2755 3048 3206 3492 3775 3995 4265 4492 4679 4875 5221 6367 6707 7044 7692 8177 8368 8600 8697 8627 8434 8139 7953 8328 8801 9014 9254 5054 4771 4296 4253 3788 3678 3414 3380 3080 4279 6065 5863 5741 5534 6313 6448 6601 6826 7162 7307 7668 7687 7765 7555 7636 7662 2755 2838 2560 2259 2056 1899 1858 1907 1708 1900 2232 2637 2594 2383 2445 2771 2971 2994 3224 3520 3791 4033 4108 4875 5147 5632 5726 5811 6197 5993 5709 5648 5487 5572 
432 0 53 273 523 742 1171 1429 1745 2175 2529 2943 3038 3112 3207 3257 3191 3457 3751 4246 4482 5233 5573 5809 6161 6333 6294 5965 5917 6085 6173 6387 6535 6679 1993 1664 1352 1048 723 560 376 691 1146 1141 1352 1425 1671 1865 1761 1770 1825 2028 2234 2341 2461 2694 2655 2641 2841 3510 4719 4692 4672 4725 4949 5132 5283 5400 5364 5313 5144 4927 4672 4516 4663 4746 4882 4900 4736 4611 4537 4277 4012 3697 3550 3779 4052 4008 3992 3906 3409 2962 4026 4448 4143 4112 3889 4118 4181 4005 3708 3567 3310 2750 2548 2293 2385 2648 2753 2591 2570 4029 4191 4384 4685 4638 4684 4801 4873 5562 5838 6189 6582 6396 6336 6226 5945 5905 6095 6499 6807 6782 6779 7020 7225 7431 7804 7900 8201 8287 8332 8392 8671 8953 3748 3569 3131 2834 3072 3480 3636 3916 4191 4404 4666 4901 5094 5294 5634 6774 7111 7443 8088 8573 8767 8996 9086 9009 8811 8518 8320 8692 9152 9363 9599 5447 5167 4693 4657 4194 4092 3825 3786 3483 4677 6474 6263 6137 5918 6657 6782 6924 7139 7462 7606 7973 8002 8092 7888 7981 8011 3040 3157 2902 2598 2444 2299 2267 2333 2140 2331 2662 3066 3019 2790 2845 3166 3363 3373 3597 3887 4152 4413 4495 5294 5567 6057 6154 6241 6630 6425 6141 6080 5919 6004 
460 53 0 255 507 726 1154 1414 1732 2166 2522 2937 3035 3115 3211 3266 3207 3482 3775 4267 4502 5252 5592 5827 6178 6355 6316 5987 5942 6112 6202 6416 6563 6706 1963 1636 1326 1025 696 520 324 694 1121 1105 1307 1391 1638 1836 1740 1755 1817 2026 2233 2348 2465 2698 2662 2646 2843 3512 4739 4714 4696 4752 4978 5162 5314 5433 5400 5349 5181 4966 4714 4559 4708 4792 4929 4948 4785 4660 4587 4327 4063 3747 3601 3831 4105 4061 4045 3960 3463 3016 3982 4403 4101 4072 3850 4080 4146 3971 3675 3533 3273 2705 2507 2255 2353 2616 2725 2571 2556 4051 4212 4406 4712 4668 4717 4837 4912 5609 5884 6236 6629 6444 6385 6276 5995 5955 6146 6550 6858 6834 6832 7072 7278 7484 7857 7954 8254 8340 8385 8445 8723 9005 3728 3546 3110 2818 3061 3507 3666 3949 4227 4443 4707 4940 5131 5330 5672 6814 7151 7484 8130 8615 8808 9038 9129 9053 8856 8562 8367 8739 9200 9411 9647 5451 5172 4698 4665 4203 4103 3836 3794 3491 4718 6513 6304 6178 5962 6706 6831 6974 7190 7514 7658 8025 8053 8142 7938 8030 8059 3024 3146 2896 2592 2449 2306 2278 2352 2165 2359 2692 3097 3052 2829 2885 3208 3405 3417 3642 3932 4199 4458 4538 5330 5602 6091 6185 6271 6656 6451 6169 6107 5944 6027 
345 273 255 0 252 471 899 1159 1477 1912 2269 2685 2784 2872 2970 3033 2995 3299 3584 4064 4297 5045 5385 5616 5965 6157 6118 5791 5752 5930 6033 6245 6387 6526 2147 1828 1525 1238 901 681 417 460 873 885 1128 1163 1406 1594 1488 1500 1564 1778 1986 2113 2225 2458 2429 2406 2601 3269 4536 4517 4506 4572 4805 4995 5155 5280 5257 5213 5051 4848 4612 4470 4630 4722 4868 4897 4745 4629 4562 4304 4041 3723 3588 3843 4124 4096 4093 4026 3516 3073 3789 4217 3899 3865 3636 3861 3918 3740 3443 3304 3053 2519 2302 2037 2120 2381 2483 2318 2301 3854 4013 4207 4533 4501 4563 4699 4788 5552 5810 6170 6575 6395 6344 6251 5969 5934 6130 6532 6841 6831 6837 7080 7288 7495 7870 7979 8285 8361 8399 8452 8714 8990 3475 3295 2858 2563 2806 3326 3499 3802 4096 4322 4597 4820 5001 5192 5543 6695 7037 7376 8026 8511 8700 8934 9033 8967 8775 8479 8296 8672 9145 9359 9599 5210 4932 4459 4430 3970 3877 3609 3562 3257 4613 6392 6195 6076 5874 6658 6793 6946 7169 7504 7649 8011 8031 8110 7900 7981 8008 2769 2891 2644 2339 2209 2074 2052 2147 1983 2188 2528 2938 2904 2714 2780 3108 3309 3336 3567 3863 4135 4374 4447 5192 5461 5938 6025 6106 6471 6265 5991 5925 5754 5831 
398 523 507 252 0 219 648 907 1225 1661 2020 2437 2538 2637 2736 2810 2795 3131 3408 3873 4103 4848 5188 5414 5760 5969 5929 5605 5573 5760 5876 6084 6222 6357 2340 2030 1734 1459 1123 884 607 274 632 689 981 948 1184 1357 1239 1248 1315 1537 1746 1887 1993 2225 2205 2175 2365 3031 4343 4331 4328 4404 4644 4840 5009 5139 5129 5091 4935 4745 4527 4398 4570 4669 4823 4864 4722 4615 4556 4300 4040 3721 3597 3876 4162 4150 4158 4109 3589 3152 3603 4037 3703 3664 3426 3647 3694 3513 3215 3081 2838 2344 2108 1828 1893 2151 2246 2067 2049 3669 3826 4019 4366 4348 4424 4575 4681 5511 5751 6119 6535 6361 6318 6240 5958 5929 6129 6528 6837 6842 6856 7102 7311 7519 7896 8017 8327 8393 8424 8470 8717 8986 3225 3048 2608 2311 2554 3161 3347 3671 3981 4217 4504 4716 4886 5069 5428 6590 6935 7280 7934 8420 8603 8842 8949 8891 8706 8408 8238 8616 9102 9317 9561 4974 4698 4227 4203 3745 3658 3389 3337 3031 4525 6284 6100 5987 5800 6624 6769 6931 7162 7507 7653 8009 8021 8090 7874 7945 7969 2517 2640 2395 2091 1978 1851 1838 1959 1823 2039 2384 2799 2777 2622 2700 3032 3236 3278 3513 3815 4090 4308 4374 5069 5334 5797 5876 5953 6296 6090 5824 5754 5575 5646 
550 742 726 471 219 0 429 688 1006 1446 1806 2223 2327 2439 2539 2625 2635 3003 3269 3720 3946 4687 5026 5248 5591 5816 5775 5454 5429 5624 5752 5958 6091 6221 2510 2208 1919 1655 1321 1073 796 254 429 548 884 772 997 1153 1023 1029 1101 1334 1544 1703 1801 2032 2022 1982 2168 2830 4187 4183 4186 4273 4520 4720 4897 5033 5033 5001 4852 4674 4473 4356 4538 4644 4805 4856 4723 4624 4571 4319 4062 3742 3629 3926 4216 4218 4236 4202 3675 3244 3440 3880 3531 3489 3244 3460 3498 3314 3015 2886 2652 2197 1944 1649 1697 1951 2039 1849 1829 3522 3676 3868 4236 4230 4320 4486 4605 5494 5719 6092 6518 6349 6313 6249 5967 5942 6146 6542 6851 6868 6889 7137 7348 7557 7934 8065 8379 8437 8462 8502 8736 8999 3007 2832 2390 2092 2337 3035 3234 3576 3901 4146 4443 4644 4803 4978 5345 6514 6862 7211 7869 8354 8534 8776 8889 8841 8662 8361 8202 8584 9079 9297 9544 4774 4501 4031 4012 3557 3478 3208 3150 2843 4468 6207 6034 5926 5754 6612 6765 6935 7173 7527 7672 8024 8029 8089 7869 7930 7951 2298 2422 2182 1878 1787 1671 1668 1816 1710 1936 2284 2700 2690 2570 2658 2991 3196 3252 3490 3795 4074 4273 4331 4978 5239 5690 5761 5833 6156 5949 5691 5618 5431 5495 
942 1171 1154 899 648 429 0 271 589 1041 1408 1825 1937 2086 2190 2307 2381 2820 3061 3472 3688 4417 4753 4965 5299 5561 5518 5205 5195 5407 5562 5761 5883 6004 2841 2556 2282 2038 1710 1453 1184 583 161 450 799 497 659 757 596 606 714 983 1190 1401 1473 1696 1715 1650 1819 2467 3931 3942 3963 4074 4332 4543 4736 4883 4907 4888 4752 4601 4435 4344 4544 4662 4836 4906 4792 4709 4669 4424 4175 3858 3764 4094 4388 4415 4449 4441 3906 3489 3115 3563 3187 3137 2878 3084 3105 2915 2616 2496 2280 1916 1629 1308 1313 1556 1628 1419 1406 3292 3437 3627 4038 4061 4179 4375 4524 5524 5717 6102 6544 6385 6363 6326 6045 6030 6240 6629 6937 6976 7012 7262 7475 7684 8063 8212 8533 8575 8588 8618 8826 9077 2577 2404 1961 1664 1920 2858 3084 3463 3814 4077 4391 4569 4704 4861 5243 6422 6775 7134 7795 8280 8450 8699 8826 8795 8628 8324 8189 8574 9089 9310 9563 4409 4141 3676 3670 3225 3165 2895 2823 2515 4424 6112 5963 5869 5727 6648 6816 7002 7252 7621 7766 8108 8101 8143 7913 7957 7972 1870 2006 1784 1482 1462 1381 1407 1623 1596 1835 2178 2588 2603 2560 2666 2995 3200 3282 3523 3833 4114 4273 4317 4861 5113 5535 5590 5651 5928 5720 5482 5400 5198 5247 
1162 1429 1414 1159 907 688 271 0 319 770 1137 1553 1667 1825 1930 2060 2165 2638 2864 3253 3464 4186 4519 4726 5057 5334 5290 4981 4979 5198 5367 5562 5678 5794 3105 2824 2552 2310 1982 1724 1456 797 385 647 951 566 626 623 389 341 448 731 935 1170 1226 1445 1477 1401 1561 2203 3707 3726 3754 3877 4141 4357 4557 4710 4747 4735 4607 4472 4328 4253 4463 4588 4769 4850 4749 4676 4644 4405 4162 3849 3769 4117 4413 4456 4502 4512 3974 3569 3015 3467 3068 3009 2737 2930 2930 2734 2436 2329 2138 1871 1559 1221 1170 1392 1437 1174 1141 3083 3223 3410 3842 3881 4013 4225 4390 5454 5627 6017 6468 6317 6303 6282 6003 5994 6207 6591 6898 6952 6996 7248 7461 7671 8050 8211 8535 8567 8573 8595 8786 9030 2330 2169 1720 1406 1651 2679 2918 3316 3680 3952 4275 4438 4560 4707 5095 6278 6633 6996 7659 8143 8307 8560 8695 8673 8513 8208 8086 8474 9000 9222 9478 4142 3876 3412 3411 2970 2917 2648 2570 2263 4313 5967 5832 5745 5620 6578 6756 6950 7207 7586 7731 8065 8050 8082 7847 7879 7891 1611 1737 1513 1211 1218 1157 1200 1452 1475 1715 2049 2449 2480 2483 2599 2922 3125 3223 3464 3774 4055 4189 4225 4707 4952 5357 5404 5460 5714 5506 5277 5191 4981 5024 
1460 1745 1732 1477 1225 1006 589 319 0 458 826 1240 1359 1545 1652 1806 1965 2488 2688 3041 3242 3950 4280 4479 4802 5104 5059 4757 4765 4996 5183 5372 5481 5589 3404 3130 2862 2625 2299 2040 1773 1097 682 907 1155 739 686 552 272 47 202 502 680 963 986 1188 1248 1149 1288 1911 3484 3515 3556 3696 3967 4189 4400 4560 4614 4612 4496 4382 4267 4212 4434 4567 4755 4850 4765 4705 4682 4451 4217 3910 3845 4213 4509 4570 4629 4658 4118 3728 2880 3335 2910 2842 2556 2732 2707 2505 2211 2120 1963 1821 1488 1144 1023 1206 1212 879 825 2886 3018 3201 3663 3723 3875 4109 4294 5434 5583 5978 6439 6297 6294 6294 6017 6014 6232 6608 6913 6984 7038 7291 7505 7715 8094 8268 8596 8616 8613 8627 8798 9032 2028 1880 1425 1094 1331 2533 2788 3208 3589 3870 4203 4347 4450 4582 4978 6162 6519 6888 7552 8034 8191 8448 8592 8584 8433 8127 8022 8411 8950 9175 9435 3843 3581 3121 3128 2696 2658 2391 2303 1998 4248 5850 5735 5657 5556 6556 6745 6950 7216 7604 7749 8074 8050 8068 7827 7846 7853 1298 1417 1200 901 982 965 1039 1341 1437 1670 1981 2362 2413 2477 2603 2915 3114 3230 3469 3776 4056 4158 4182 4582 4819 5199 5233 5282 5502 5294 5079 4989 4768 4800 
1856 2175 2166 1912 1661 1446 1041 770 458 0 368 783 901 1109 1217 1400 1632 2214 2376 2676 2863 3551 3876 4065 4381 4708 4662 4368 4390 4633 4843 5024 5122 5222 3862 3588 3320 3080 2752 2495 2225 1503 1140 1358 1575 1159 1044 825 621 454 353 328 355 684 638 795 900 767 867 1461 3103 3148 3205 3365 3645 3873 4096 4265 4342 4353 4252 4169 4094 4068 4304 4448 4646 4760 4696 4655 4646 4428 4209 3914 3873 4265 4560 4646 4723 4781 4244 3880 2868 3318 2859 2776 2473 2614 2541 2330 2051 1997 1909 1968 1625 1303 1093 1183 1111 624 452 2543 2663 2839 3335 3423 3602 3862 4074 5312 5424 5826 6299 6170 6182 6210 5937 5945 6166 6531 6832 6927 6996 7250 7464 7673 8050 8244 8577 8578 8564 8565 8707 8927 1680 1577 1122 736 899 2264 2538 2983 3381 3672 4016 4132 4209 4320 4725 5906 6264 6638 7303 7780 7928 8190 8347 8355 8216 7909 7828 8219 8774 9001 9265 3386 3127 2670 2684 2261 2238 1976 1876 1577 4069 5594 5503 5440 5370 6426 6629 6848 7124 7525 7670 7981 7943 7942 7694 7694 7696 923 983 743 443 643 714 831 1179 1376 1582 1845 2183 2262 2411 2549 2837 3026 3166 3398 3699 3973 4029 4037 4320 4543 4891 4909 4947 5126 4919 4722 4625 4393 4412 
2193 2529 2522 2269 2020 1806 1408 1137 826 368 0 417 533 780 887 1107 1420 2046 2166 2408 2580 3244 3563 3743 4051 4402 4355 4069 4103 4358 4586 4760 4849 4940 4230 3956 3688 3446 3117 2861 2591 1848 1508 1722 1924 1512 1374 1132 968 821 705 545 401 637 511 561 719 556 575 1107 2816 2876 2947 3126 3411 3644 3877 4053 4149 4172 4087 4030 3992 3990 4237 4388 4593 4721 4677 4651 4654 4448 4242 3959 3938 4345 4636 4742 4832 4912 4380 4039 2907 3347 2867 2774 2463 2572 2458 2244 1988 1968 1941 2147 1810 1518 1270 1286 1159 617 353 2299 2406 2572 3099 3213 3413 3696 3930 5244 5326 5730 6212 6094 6119 6170 5902 5918 6142 6496 6792 6906 6987 7241 7454 7662 8037 8246 8582 8569 8545 8536 8654 8862 1443 1393 967 561 579 2099 2386 2846 3254 3552 3902 3993 4045 4137 4547 5720 6079 6457 7120 7593 7732 7999 8165 8188 8060 7752 7691 8083 8651 8879 9147 3021 2763 2310 2332 1920 1915 1661 1548 1259 3961 5410 5342 5291 5249 6346 6561 6790 7074 7486 7629 7929 7879 7863 7609 7594 7591 694 655 376 76 528 693 829 1173 1439 1609 1817 2105 2207 2424 2568 2831 3008 3165 3389 3680 3947 3964 3958 4137 4348 4664 4668 4697 4837 4631 4451 4349 4106 4113 
2601 2943 2937 2685 2437 2223 1825 1553 1240 783 417 0 151 535 623 904 1328 1983 2041 2193 2337 2956 3262 3425 3719 4107 4058 3787 3839 4109 4365 4527 4602 4680 4639 4369 4103 3863 3535 3278 3008 2260 1922 2128 2309 1904 1745 1491 1361 1233 1122 935 752 859 695 587 773 619 483 754 2564 2644 2737 2941 3230 3467 3712 3896 4018 4056 3990 3968 3974 4002 4258 4417 4627 4771 4748 4740 4756 4565 4374 4107 4105 4525 4811 4935 5038 5139 4616 4298 2948 3369 2874 2771 2458 2527 2369 2159 1938 1959 2001 2357 2035 1783 1512 1457 1288 792 565 2122 2206 2355 2918 3066 3295 3602 3862 5257 5302 5709 6198 6093 6133 6210 5950 5975 6200 6540 6830 6966 7059 7312 7524 7730 8102 8327 8666 8638 8602 8581 8672 8866 1199 1226 888 568 298 2039 2333 2803 3216 3517 3870 3930 3952 4018 4432 5589 5946 6328 6987 7453 7581 7852 8031 8071 7957 7649 7613 8005 8587 8816 9088 2621 2370 1927 1967 1585 1615 1381 1246 992 3938 5281 5242 5206 5199 6340 6567 6808 7101 7522 7663 7949 7887 7853 7592 7559 7550 566 333 41 345 719 924 1052 1350 1661 1788 1931 2152 2276 2561 2707 2939 3100 3274 3485 3762 4018 3991 3969 4018 4210 4483 4467 4483 4567 4364 4210 4100 3842 3831 
2685 3038 3035 2784 2538 2327 1937 1667 1359 901 533 151 0 401 481 770 1214 1871 1914 2048 2188 2804 3110 3274 3568 3955 3906 3636 3688 3959 4218 4378 4452 4529 4763 4489 4219 3974 3644 3389 3117 2351 2041 2255 2446 2038 1886 1634 1495 1354 1227 1015 818 868 703 548 726 590 414 604 2414 2497 2592 2800 3089 3326 3573 3758 3884 3925 3863 3850 3866 3902 4161 4321 4533 4681 4665 4662 4682 4496 4312 4050 4056 4479 4762 4894 5001 5111 4592 4286 3076 3492 2994 2889 2578 2637 2468 2260 2049 2080 2135 2507 2186 1935 1663 1606 1435 943 716 1984 2063 2210 2777 2931 3165 3477 3742 5156 5192 5598 6089 5988 6031 6116 5857 5885 6111 6447 6734 6877 6973 7226 7438 7643 8013 8243 8583 8550 8511 8487 8570 8760 1256 1312 1007 712 396 1927 2221 2691 3105 3406 3760 3811 3826 3887 4301 5454 5811 6193 6851 7316 7442 7714 7895 7938 7827 7519 7488 7879 8465 8694 8967 2489 2234 1786 1820 1434 1464 1231 1094 844 3829 5147 5114 5081 5081 6233 6463 6707 7001 7425 7566 7848 7782 7744 7482 7444 7434 686 400 179 457 726 933 1052 1324 1647 1756 1873 2069 2200 2506 2653 2872 3027 3206 3412 3684 3936 3896 3869 3887 4075 4340 4322 4336 4415 4213 4060 3950 3691 3679 
2727 3112 3115 2872 2637 2439 2086 1825 1545 1109 780 535 401 0 108 369 823 1478 1512 1663 1817 2465 2783 2963 3274 3622 3575 3292 3332 3594 3840 4006 4087 4172 4927 4638 4356 4094 3759 3512 3235 2421 2210 2452 2684 2268 2147 1911 1730 1552 1377 1107 897 790 652 422 524 476 271 400 2049 2120 2207 2407 2695 2932 3177 3361 3484 3524 3462 3451 3475 3519 3780 3943 4156 4310 4302 4307 4333 4157 3982 3732 3751 4181 4458 4603 4720 4847 4339 4057 3477 3893 3395 3290 2979 3034 2858 2652 2448 2481 2535 2877 2549 2278 2016 1983 1820 1308 1058 1587 1672 1826 2383 2531 2763 3076 3342 4770 4797 5204 5696 5598 5644 5737 5482 5513 5739 6069 6354 6504 6606 6858 7069 7273 7642 7878 8218 8179 8136 8108 8183 8370 1611 1695 1408 1103 795 1534 1828 2298 2711 3013 3366 3412 3425 3486 3899 5054 5411 5793 6452 6918 7046 7317 7496 7537 7425 7117 7087 7478 8064 8293 8566 2337 2062 1592 1585 1152 1135 881 768 480 3436 4747 4712 4679 4683 5841 6074 6321 6618 7044 7184 7461 7393 7350 7087 7046 7035 1088 789 545 710 671 845 928 1111 1449 1510 1568 1717 1857 2200 2346 2541 2684 2871 3068 3331 3576 3518 3486 3486 3675 3949 3936 3955 4064 3859 3692 3585 3335 3336 
2819 3207 3211 2970 2736 2539 2190 1930 1652 1217 887 623 481 108 0 297 781 1429 1443 1569 1718 2360 2676 2855 3166 3516 3469 3188 3229 3494 3743 3907 3986 4070 5031 4741 4457 4194 3858 3612 3336 2517 2315 2559 2792 2376 2255 2019 1838 1659 1483 1209 1000 876 746 513 592 566 371 318 1948 2023 2114 2318 2607 2845 3092 3277 3405 3448 3391 3389 3424 3476 3739 3903 4117 4275 4273 4283 4313 4141 3972 3728 3753 4185 4459 4609 4730 4863 4359 4086 3553 3965 3465 3359 3048 3096 2913 2709 2512 2552 2616 2974 2648 2381 2117 2078 1912 1405 1159 1502 1582 1732 2295 2451 2689 3007 3279 4725 4742 5148 5642 5547 5598 5697 5444 5477 5703 6029 6312 6468 6573 6824 7035 7238 7606 7846 8187 8143 8097 8067 8134 8318 1648 1748 1481 1191 867 1485 1777 2246 2658 2959 3312 3350 3355 3410 3824 4974 5331 5713 6371 6835 6961 7232 7414 7459 7350 7042 7017 7408 7997 8226 8499 2239 1962 1491 1480 1045 1028 776 661 375 3384 4668 4639 4610 4621 5789 6025 6275 6573 7001 7141 7414 7342 7296 7031 6986 6974 1164 852 638 817 763 928 1002 1159 1497 1543 1577 1700 1845 2204 2349 2532 2669 2860 3052 3309 3550 3479 3443 3410 3595 3859 3843 3860 3961 3756 3592 3485 3233 3231 
2852 3257 3266 3033 2810 2625 2307 2060 1806 1400 1107 904 770 369 297 0 500 1137 1147 1305 1472 2151 2477 2673 2998 3308 3262 2969 2996 3250 3484 3654 3741 3833 5133 4834 4543 4268 3932 3693 3416 2574 2443 2702 2960 2543 2444 2221 2017 1820 1621 1328 1128 922 834 617 604 659 536 476 1709 1769 1847 2041 2329 2565 2809 2992 3115 3155 3096 3092 3130 3186 3450 3615 3830 3991 3995 4011 4045 3879 3718 3483 3518 3952 4221 4381 4508 4653 4159 3906 3845 4259 3760 3654 3344 3393 3210 3006 2809 2847 2904 3234 2903 2623 2366 2345 2186 1667 1411 1218 1309 1469 2016 2162 2395 2711 2982 4433 4446 4852 5346 5253 5305 5408 5157 5192 5418 5741 6023 6182 6290 6540 6751 6953 7320 7563 7905 7858 7809 7777 7841 8023 1939 2044 1775 1471 1161 1193 1484 1951 2363 2664 3016 3052 3059 3117 3531 4685 5042 5424 6082 6549 6677 6948 7127 7168 7057 6749 6721 7112 7700 7929 8203 2215 1927 1452 1401 937 858 588 528 231 3089 4378 4344 4314 4324 5494 5731 5982 6281 6710 6850 7121 7048 7000 6735 6689 6677 1456 1149 913 1044 844 959 995 1059 1387 1389 1368 1442 1594 1980 2122 2283 2411 2606 2790 3039 3275 3192 3153 3117 3306 3583 3574 3597 3731 3525 3344 3241 2999 3012 
2766 3191 3207 2995 2795 2635 2381 2165 1965 1632 1420 1328 1214 823 781 500 0 656 747 1091 1311 2053 2392 2621 2971 3184 3142 2825 2814 3034 3219 3407 3517 3630 5135 4822 4520 4230 3896 3673 3399 2537 2532 2810 3107 2698 2642 2450 2210 1990 1765 1462 1299 1002 996 860 732 874 870 967 1553 1561 1592 1735 2013 2240 2466 2638 2729 2753 2674 2641 2652 2696 2958 3122 3336 3494 3495 3510 3544 3381 3223 2994 3037 3473 3737 3904 4037 4193 3711 3482 4272 4697 4202 4099 3786 3851 3681 3474 3263 3287 3317 3565 3226 2921 2685 2703 2564 2026 1761 921 1058 1246 1704 1795 1994 2284 2535 3947 3977 4383 4875 4775 4821 4916 4662 4696 4922 5248 5532 5687 5792 6043 6254 6457 6824 7065 7406 7362 7316 7286 7359 7547 2429 2519 2216 1876 1610 712 1007 1476 1890 2192 2545 2602 2634 2718 3129 4300 4659 5037 5700 6173 6313 6579 6745 6771 6647 6339 6292 6683 7262 7491 7762 2458 2163 1708 1601 1144 971 743 797 632 2614 3990 3929 3886 3871 5019 5251 5498 5794 6221 6361 6638 6569 6529 6267 6231 6222 1894 1611 1326 1373 994 1008 974 862 1129 1053 939 950 1106 1517 1655 1794 1915 2112 2292 2539 2774 2698 2663 2718 2927 3259 3278 3320 3549 3341 3115 3027 2817 2867 
3024 3457 3482 3299 3131 3003 2820 2638 2488 2214 2046 1983 1871 1478 1429 1137 656 0 324 887 1130 1859 2190 2448 2813 2892 2857 2521 2461 2631 2749 2955 3090 3227 5444 5119 4809 4505 4179 3980 3716 2860 2979 3266 3590 3196 3175 3007 2749 2519 2285 1994 1864 1541 1579 1486 1331 1490 1518 1571 1335 1266 1221 1273 1517 1723 1919 2074 2130 2138 2042 1989 1996 2049 2315 2481 2696 2863 2880 2910 2957 2814 2683 2487 2561 2997 3241 3433 3582 3771 3327 3164 4923 5350 4856 4754 4442 4508 4336 4130 3920 3942 3964 4175 3833 3517 3294 3332 3202 2660 2394 635 803 985 1234 1242 1390 1651 1886 3296 3320 3727 4218 4119 4168 4272 4022 4061 4286 4605 4886 5049 5161 5411 5620 5821 6187 6435 6777 6725 6674 6640 6705 6891 3076 3173 2871 2525 2266 56 350 820 1234 1535 1888 1951 2000 2105 2510 3691 4049 4424 5088 5566 5714 5976 6132 6145 6014 5706 5647 6038 6612 6841 7111 2676 2392 1996 1837 1458 1230 1119 1246 1206 1958 3379 3297 3244 3217 4363 4596 4845 5144 5573 5712 5985 5914 5873 5611 5575 5567 2550 2267 1980 2006 1572 1527 1449 1197 1317 1131 836 555 709 1179 1287 1318 1390 1599 1743 1957 2172 2060 2016 2105 2333 2718 2769 2833 3173 2968 2692 2625 2463 2559 
3319 3751 3775 3584 3408 3269 3061 2864 2688 2376 2166 2041 1914 1512 1443 1147 747 324 0 564 806 1536 1868 2125 2490 2585 2548 2215 2167 2354 2502 2699 2824 2951 5732 5409 5101 4800 4471 4266 3999 3139 3217 3502 3815 3412 3372 3188 2941 2716 2486 2187 2037 1726 1737 1607 1476 1621 1607 1521 1012 950 921 1012 1279 1501 1720 1890 1985 2015 1949 1951 2027 2122 2392 2563 2780 2962 3005 3055 3114 2993 2883 2711 2801 3233 3464 3668 3826 4028 3600 3456 4990 5406 4907 4802 4491 4539 4350 4148 3956 3994 4042 4312 3973 3669 3433 3447 3302 2768 2503 311 479 661 978 1048 1254 1564 1840 3340 3320 3724 4221 4139 4203 4336 4097 4144 4369 4669 4941 5125 5249 5496 5702 5900 6260 6523 6865 6798 6736 6692 6729 6900 3061 3185 2921 2602 2308 330 467 868 1261 1554 1901 1912 1912 1979 2391 3557 3915 4295 4957 5428 5566 5833 6002 6033 5915 5607 5574 5965 6553 6782 7056 2399 2120 1751 1578 1243 1009 962 1111 1152 1980 3247 3200 3167 3183 4374 4619 4879 5184 5621 5757 6014 5930 5870 5603 5548 5535 2601 2296 2045 2117 1734 1723 1664 1453 1611 1439 1157 871 1019 1486 1585 1580 1623 1834 1950 2133 2322 2154 2089 1979 2182 2516 2545 2596 2888 2682 2423 2348 2169 2254 
3816 4246 4267 4064 3873 3720 3472 3253 3041 2676 2408 2193 2048 1663 1569 1305 1091 887 564 0 245 992 1331 1579 1941 2096 2055 1735 1725 1957 2179 2351 2446 2548 6211 5893 5588 5292 4960 4745 4474 3610 3623 3900 4191 3779 3709 3501 3276 3063 2844 2541 2365 2085 2057 1881 1793 1909 1833 1529 472 473 544 767 1055 1293 1550 1743 1912 1984 1978 2076 2255 2408 2675 2848 3062 3262 3341 3417 3493 3402 3321 3180 3289 3713 3927 4145 4310 4527 4120 3997 5087 5482 4980 4868 4564 4581 4364 4173 4014 4078 4170 4539 4208 3927 3672 3646 3481 2970 2716 254 99 163 752 976 1270 1632 1957 3551 3458 3852 4350 4296 4385 4562 4342 4404 4625 4893 5147 5364 5506 5746 5947 6138 6486 6771 7113 7021 6943 6881 6872 7017 3049 3215 3023 2760 2418 894 964 1227 1541 1795 2110 2037 1953 1943 2349 3452 3805 4189 4838 5294 5409 5684 5877 5941 5850 5544 5559 5946 6555 6784 7063 1909 1647 1348 1152 953 746 858 1022 1206 2200 3153 3174 3177 3268 4514 4776 5052 5364 5810 5941 6169 6066 5975 5701 5614 5590 2716 2386 2207 2348 2060 2096 2065 1917 2120 1971 1710 1435 1580 2045 2137 2102 2119 2326 2412 2553 2706 2469 2377 1943 2085 2296 2273 2292 2461 2253 2046 1950 1728 1776 
4053 4482 4502 4297 4103 3946 3688 3464 3242 2863 2580 2337 2188 1817 1718 1472 1311 1130 806 245 0 751 1091 1335 1697 1873 1830 1517 1526 1778 2031 2190 2270 2360 6442 6126 5822 5527 5194 4977 4705 3842 3837 4111 4395 3981 3902 3688 3471 3262 3047 2745 2562 2294 2255 2068 1994 2100 2008 1637 243 314 459 728 996 1227 1491 1688 1886 1976 1996 2132 2351 2525 2787 2959 3170 3377 3470 3557 3640 3562 3495 3368 3485 3904 4110 4333 4503 4727 4330 4220 5191 5575 5073 4961 4660 4664 4437 4252 4107 4180 4289 4692 4366 4093 3833 3794 3623 3123 2875 495 328 185 726 1000 1309 1678 2013 3625 3501 3888 4383 4342 4442 4636 4426 4494 4712 4965 5211 5442 5591 5827 6025 6213 6555 6849 7190 7088 7003 6933 6904 7038 3120 3302 3140 2899 2544 1136 1184 1397 1673 1906 2200 2094 1976 1933 2327 3389 3737 4121 4761 5209 5315 5593 5794 5873 5793 5489 5524 5909 6525 6755 7034 1741 1497 1256 1051 957 788 964 1118 1345 2293 3098 3148 3167 3291 4552 4820 5101 5417 5865 5993 6208 6096 5992 5716 5614 5586 2841 2506 2354 2516 2259 2308 2285 2150 2361 2215 1955 1676 1817 2280 2368 2318 2324 2529 2600 2724 2860 2597 2495 1933 2044 2195 2149 2152 2263 2056 1874 1769 1529 1560 
4805 5233 5252 5045 4848 4687 4417 4186 3950 3551 3244 2956 2804 2465 2360 2151 2053 1859 1536 992 751 0 340 589 955 1157 1111 832 915 1223 1573 1675 1701 1747 7188 6874 6570 6277 5944 5725 5452 4589 4563 4833 5105 4689 4595 4370 4167 3967 3759 3459 3269 3017 2965 2764 2709 2801 2685 2213 524 615 745 932 1031 1170 1403 1582 1848 1980 2078 2313 2631 2857 3096 3260 3454 3674 3809 3927 4029 3993 3968 3888 4028 4426 4603 4843 5023 5269 4912 4845 5687 6045 5547 5431 5142 5115 4866 4696 4588 4683 4828 5305 4989 4737 4467 4402 4218 3748 3513 1230 1061 874 964 1257 1539 1870 2203 3794 3582 3935 4413 4411 4540 4788 4610 4696 4902 5105 5321 5591 5762 5984 6171 6346 6667 6987 7323 7189 7081 6988 6897 6994 3567 3782 3690 3499 3125 1856 1848 1934 2094 2253 2473 2281 2076 1938 2263 3148 3470 3844 4448 4865 4940 5223 5451 5571 5527 5232 5329 5701 6335 6561 6843 1539 1398 1406 1224 1407 1340 1584 1709 1985 2568 2890 3030 3097 3314 4591 4875 5169 5487 5938 6057 6229 6091 5949 5668 5525 5484 3412 3073 2979 3176 2971 3036 3021 2900 3113 2963 2693 2386 2516 2965 3039 2942 2912 3106 3136 3203 3288 2958 2831 1938 1944 1887 1764 1714 1619 1421 1342 1212 919 876 
5145 5573 5592 5385 5188 5026 4753 4519 4280 3876 3563 3262 3110 2783 2676 2477 2392 2190 1868 1331 1091 340 0 270 632 845 796 565 714 1038 1432 1493 1482 1498 7528 7214 6910 6618 6284 6065 5791 4929 4898 5166 5435 5019 4920 4692 4494 4296 4091 3792 3599 3352 3297 3093 3042 3130 3008 2513 860 931 1033 1169 1197 1280 1474 1631 1912 2057 2183 2451 2800 3042 3268 3426 3611 3834 3985 4114 4223 4204 4196 4134 4283 4671 4835 5081 5265 5519 5179 5130 5942 6288 5794 5677 5393 5355 5098 4935 4841 4944 5102 5602 5291 5045 4774 4699 4513 4053 3823 1566 1397 1207 1206 1475 1728 2029 2348 3899 3651 3985 4450 4465 4607 4876 4713 4805 5005 5185 5386 5672 5851 6067 6247 6416 6726 7057 7390 7242 7124 7021 6902 6982 3813 4039 3971 3798 3419 2185 2161 2208 2328 2456 2643 2422 2189 2016 2298 3075 3379 3744 4324 4723 4782 5066 5306 5445 5418 5129 5255 5619 6258 6482 6764 1580 1499 1604 1444 1692 1650 1902 2020 2304 2736 2839 3019 3106 3362 4631 4918 5216 5534 5983 6097 6250 6101 5941 5660 5499 5452 3702 3364 3287 3493 3303 3372 3359 3240 3452 3300 3026 2710 2836 3278 3346 3233 3192 3380 3394 3439 3503 3153 3018 2016 1974 1815 1656 1577 1351 1166 1166 1026 718 607 
5382 5809 5827 5616 5414 5248 4965 4726 4479 4065 3743 3425 3274 2963 2855 2673 2621 2448 2125 1579 1335 589 270 0 366 738 687 575 783 1096 1511 1532 1484 1464 7755 7443 7141 6851 6516 6294 6019 5158 5107 5372 5632 5215 5109 4875 4685 4493 4293 3996 3800 3564 3500 3290 3250 3330 3198 2671 1113 1196 1303 1437 1449 1513 1687 1831 2115 2265 2404 2684 3044 3291 3512 3667 3848 4072 4229 4362 4474 4460 4457 4400 4550 4936 5096 5344 5529 5784 5448 5400 6035 6370 5879 5762 5485 5434 5170 5015 4935 5046 5218 5748 5442 5207 4933 4846 4656 4211 3990 1819 1650 1463 1475 1738 1983 2272 2585 4112 3846 4169 4624 4650 4798 5078 4924 5019 5215 5382 5576 5869 6053 6265 6442 6606 6910 7247 7577 7422 7298 7189 7052 7121 3904 4140 4099 3948 3565 2445 2428 2478 2592 2713 2888 2657 2413 2226 2482 3182 3471 3827 4385 4767 4812 5096 5345 5501 5488 5205 5353 5709 6351 6573 6854 1522 1492 1674 1538 1842 1828 2089 2195 2488 2980 2963 3169 3270 3547 4807 5096 5395 5712 6160 6271 6411 6255 6085 5804 5631 5580 3841 3505 3452 3671 3508 3587 3580 3475 3696 3550 3282 2974 3101 3546 3615 3504 3462 3650 3662 3703 3762 3405 3268 2226 2160 1939 1756 1656 1298 1137 1224 1084 787 607 
5735 6161 6178 5965 5760 5591 5299 5057 4802 4381 4051 3719 3568 3274 3166 2998 2971 2813 2490 1941 1697 955 632 366 0 662 618 699 931 1195 1612 1581 1486 1416 8100 7790 7490 7201 6866 6642 6366 5506 5439 5700 5953 5536 5422 5184 5002 4815 4619 4325 4126 3900 3830 3616 3584 3657 3517 2964 1478 1562 1665 1786 1772 1807 1953 2077 2362 2516 2671 2968 3344 3599 3811 3961 4135 4359 4525 4666 4781 4779 4785 4738 4893 5273 5426 5677 5863 6123 5796 5756 6248 6567 6083 5965 5696 5631 5360 5214 5151 5271 5457 6018 5719 5495 5218 5120 4926 4498 4284 2184 2014 1828 1824 2076 2305 2574 2875 4359 4067 4372 4812 4852 5010 5305 5165 5265 5454 5602 5782 6088 6278 6483 6654 6813 7106 7451 7777 7610 7478 7360 7197 7249 4121 4367 4356 4227 3841 2811 2794 2833 2930 3034 3189 2944 2685 2480 2697 3285 3550 3889 4413 4770 4795 5078 5339 5517 5524 5249 5428 5773 6416 6635 6914 1596 1632 1894 1785 2134 2144 2411 2505 2805 3280 3092 3331 3448 3754 4995 5286 5587 5901 6346 6452 6574 6408 6222 5943 5753 5697 4110 3778 3747 3978 3839 3925 3923 3828 4055 3912 3647 3340 3467 3911 3979 3863 3817 4002 4007 4038 4085 3717 3576 2480 2381 2083 1874 1750 1233 1120 1315 1185 934 710 
5901 6333 6355 6157 5969 5816 5561 5334 5104 4708 4402 4107 3955 3622 3516 3308 3184 2892 2585 2096 1873 1157 845 738 662 0 51 371 503 626 1009 939 826 755 8305 7986 7679 7381 7050 6839 6568 5705 5709 5982 6259 5844 5752 5528 5324 5121 4912 4611 4423 4164 4118 3920 3859 3956 3842 3359 1630 1640 1672 1688 1568 1516 1580 1654 1926 2084 2267 2592 2998 3269 3452 3587 3741 3964 4153 4310 4435 4465 4506 4501 4672 5022 5145 5405 5597 5873 5594 5604 6768 7106 6615 6497 6218 6171 5908 5751 5668 5776 5940 6448 6136 5889 5618 5545 5358 4898 4667 2304 2144 1950 1730 1908 2063 2258 2515 3883 3553 3829 4248 4306 4475 4791 4672 4779 4958 5074 5236 5556 5755 5950 6112 6263 6543 6896 7217 7037 6896 6769 6585 6625 4638 4870 4813 4643 4264 2877 2791 2719 2722 2763 2852 2574 2291 2053 2195 2654 2905 3237 3752 4108 4134 4417 4677 4854 4863 4591 4778 5118 5762 5979 6258 2226 2223 2411 2267 2537 2492 2741 2862 3142 2936 2482 2750 2885 3223 4431 4723 5024 5335 5774 5874 5977 5804 5606 5328 5127 5067 4546 4209 4131 4333 4123 4180 4158 4011 4195 4022 3723 3369 3474 3883 3928 3761 3681 3847 3812 3793 3798 3401 3252 2053 1899 1506 1278 1136 576 460 722 618 504 336 
5863 6294 6316 6118 5929 5775 5518 5290 5059 4662 4355 4058 3906 3575 3469 3262 3142 2857 2548 2055 1830 1111 796 687 618 51 0 340 492 642 1035 974 868 803 8265 7946 7640 7342 7011 6799 6528 5665 5665 5938 6214 5799 5707 5481 5278 5076 4867 4566 4378 4120 4073 3874 3815 3910 3796 3310 1588 1602 1637 1661 1548 1503 1576 1656 1930 2088 2268 2592 2994 3265 3450 3587 3744 3967 4153 4309 4433 4461 4498 4490 4660 5012 5137 5397 5588 5863 5580 5586 6717 7055 6563 6446 6167 6119 5857 5700 5616 5724 5889 6398 6087 5841 5570 5495 5308 4849 4619 2265 2104 1911 1703 1887 2049 2251 2513 3894 3569 3848 4271 4326 4493 4807 4685 4792 4972 5092 5257 5575 5773 5969 6133 6284 6566 6918 7240 7061 6922 6796 6615 6658 4586 4819 4763 4594 4214 2842 2760 2696 2706 2753 2848 2573 2291 2057 2208 2688 2942 3276 3795 4153 4181 4464 4723 4898 4906 4632 4816 5158 5802 6019 6298 2176 2171 2359 2216 2488 2444 2694 2814 3095 2933 2511 2775 2907 3241 4454 4746 5047 5358 5798 5900 6005 5833 5637 5359 5160 5101 4497 4159 4082 4286 4079 4137 4115 3971 4157 3986 3689 3337 3444 3855 3902 3738 3661 3828 3797 3782 3790 3395 3247 2057 1909 1528 1303 1164 625 501 744 633 493 308 
5533 5965 5987 5791 5605 5454 5205 4981 4757 4368 4069 3787 3636 3292 3188 2969 2825 2521 2215 1735 1517 832 565 575 699 371 340 0 232 522 941 958 923 933 7939 7619 7312 7013 6683 6473 6203 5340 5354 5629 5911 5497 5411 5190 4981 4776 4563 4261 4076 3811 3770 3577 3510 3611 3505 3046 1274 1273 1300 1321 1218 1192 1294 1398 1681 1837 2004 2316 2708 2973 3170 3313 3478 3701 3879 4029 4150 4166 4193 4175 4341 4701 4834 5092 5282 5553 5259 5257 6503 6852 6357 6240 5955 5919 5663 5499 5402 5503 5655 6137 5821 5567 5299 5234 5051 4579 4343 1937 1779 1586 1363 1554 1729 1952 2230 3671 3371 3673 4113 4153 4311 4610 4473 4575 4762 4904 5083 5390 5581 5785 5955 6114 6407 6751 7078 6911 6781 6664 6509 6569 4376 4599 4519 4332 3957 2506 2421 2360 2382 2443 2558 2294 2023 1803 2000 2617 2900 3253 3809 4194 4242 4526 4773 4926 4913 4629 4782 5136 5778 6000 6280 2093 2044 2170 2009 2236 2172 2412 2541 2812 2646 2409 2636 2750 3055 4297 4588 4888 5203 5648 5754 5880 5718 5538 5258 5076 5023 4244 3905 3810 4002 3775 3826 3800 3646 3826 3652 3351 2998 3104 3515 3563 3402 3328 3498 3473 3468 3487 3100 2954 1803 1687 1391 1194 1085 790 601 650 511 235 43 
5485 5917 5942 5752 5573 5429 5195 4979 4765 4390 4103 3839 3688 3332 3229 2996 2814 2461 2167 1725 1526 915 714 783 931 503 492 232 0 324 729 779 786 841 7900 7577 7268 6966 6638 6434 6166 5305 5347 5625 5916 5504 5428 5214 4997 4786 4569 4266 4087 3811 3780 3595 3517 3626 3532 3108 1286 1253 1245 1219 1073 1012 1087 1179 1459 1616 1788 2106 2505 2774 2964 3103 3264 3487 3669 3822 3946 3969 4005 3998 4169 4520 4645 4904 5096 5371 5090 5102 6602 6960 6463 6347 6058 6030 5780 5611 5503 5598 5739 6195 5874 5611 5346 5293 5114 4630 4388 1906 1757 1568 1260 1415 1560 1758 2024 3444 3140 3441 3881 3921 4079 4379 4244 4347 4533 4673 4851 5158 5350 5553 5723 5882 6175 6519 6846 6679 6549 6433 6282 6344 4482 4698 4597 4392 4022 2441 2331 2230 2219 2260 2358 2086 1809 1583 1770 2399 2689 3047 3616 4011 4068 4352 4592 4735 4714 4428 4570 4928 5569 5792 6073 2282 2213 2302 2130 2317 2231 2457 2595 2854 2443 2184 2406 2519 2824 4065 4356 4656 4971 5416 5523 5650 5489 5311 5031 4852 4800 4314 3975 3859 4037 3783 3822 3787 3614 3776 3593 3281 2913 3010 3406 3446 3269 3183 3347 3310 3290 3297 2904 2756 1583 1458 1163 973 875 736 529 452 312 4 226 
5653 6085 6112 5930 5760 5624 5407 5198 4996 4633 4358 4109 3959 3594 3494 3250 3034 2631 2354 1957 1778 1223 1038 1096 1195 626 642 522 324 0 419 456 492 597 8074 7748 7437 7132 6808 6611 6346 5489 5561 5842 6142 5732 5666 5459 5234 5019 4798 4495 4322 4036 4014 3838 3750 3867 3784 3389 1545 1484 1444 1360 1156 1029 1022 1061 1321 1477 1670 2004 2419 2695 2862 2991 3137 3358 3554 3717 3846 3890 3947 3965 4145 4476 4582 4845 5039 5322 5071 5111 6901 7265 6766 6650 6359 6336 6089 5918 5804 5895 6029 6466 6142 5871 5611 5566 5390 4899 4652 2115 1977 1796 1400 1493 1577 1710 1936 3258 2927 3207 3632 3685 3851 4165 4045 4153 4331 4450 4616 4933 5130 5327 5491 5644 5928 6279 6602 6426 6290 6168 6001 6055 4787 4998 4884 4667 4302 2605 2463 2302 2233 2231 2279 1989 1698 1450 1570 2096 2377 2731 3293 3686 3744 4028 4268 4412 4394 4109 4259 4613 5256 5477 5758 2604 2537 2620 2445 2611 2512 2728 2872 3119 2359 1896 2141 2268 2599 3816 4108 4409 4721 5163 5266 5380 5213 5026 4747 4559 4505 4596 4257 4128 4294 4016 4043 4001 3807 3948 3754 3431 3046 3129 3500 3527 3324 3221 3370 3310 3261 3240 2832 2680 1450 1278 892 678 562 554 366 129 11 320 497 
5742 6173 6202 6033 5876 5752 5562 5367 5183 4843 4586 4365 4218 3840 3743 3484 3219 2749 2502 2179 2031 1573 1432 1511 1612 1009 1035 941 729 419 0 227 424 622 8166 7836 7523 7215 6896 6710 6451 5603 5719 6005 6317 5912 5862 5665 5430 5209 4982 4681 4518 4219 4212 4051 3947 4075 4011 3666 1816 1721 1639 1489 1232 1040 926 884 1089 1235 1444 1787 2210 2491 2628 2741 2868 3085 3294 3468 3603 3671 3752 3802 3991 4294 4376 4644 4839 5131 4916 4991 7207 7580 7080 6965 6669 6658 6417 6241 6115 6197 6317 6717 6387 6105 5851 5822 5653 5148 4895 2300 2181 2015 1524 1534 1533 1575 1739 2925 2568 2827 3239 3302 3474 3800 3695 3807 3977 4076 4231 4556 4758 4948 5108 5256 5534 5888 6208 6027 5887 5761 5586 5637 5107 5308 5168 4929 4575 2717 2536 2301 2157 2099 2085 1779 1481 1217 1244 1677 1960 2317 2892 3297 3366 3649 3881 4013 3987 3699 3842 4198 4840 5062 5343 3009 2929 2980 2796 2920 2798 2995 3146 3373 2155 1480 1740 1878 2230 3423 3714 4015 4325 4764 4865 4971 4801 4610 4331 4141 4086 4872 4535 4381 4527 4212 4220 4166 3945 4054 3845 3510 3109 3172 3503 3513 3279 3154 3284 3195 3108 3054 2634 2480 1217 992 502 268 145 702 613 296 430 725 917 
5956 6387 6416 6245 6084 5958 5761 5562 5372 5024 4760 4527 4378 4006 3907 3654 3407 2955 2699 2351 2190 1675 1493 1532 1581 939 974 958 779 456 227 0 209 410 8380 8051 7738 7430 7111 6922 6662 5812 5917 6202 6510 6104 6049 5848 5616 5397 5172 4870 4704 4409 4397 4230 4132 4256 4185 3817 1966 1886 1818 1687 1440 1257 1152 1110 1306 1448 1660 2002 2426 2707 2837 2945 3066 3280 3494 3670 3807 3881 3967 4022 4213 4511 4589 4857 5053 5346 5137 5216 7344 7711 7211 7096 6803 6784 6539 6366 6248 6336 6464 6882 6555 6278 6021 5985 5812 5313 5063 2486 2360 2188 1723 1750 1759 1801 1959 3091 2718 2956 3349 3425 3604 3941 3847 3962 4126 4208 4350 4683 4890 5073 5227 5370 5638 5998 6314 6123 5977 5845 5649 5686 5234 5441 5317 5089 4729 2923 2750 2524 2384 2325 2303 1996 1698 1433 1428 1715 1969 2309 2852 3237 3290 3574 3817 3968 3958 3677 3847 4193 4837 5056 5336 3050 2991 3076 2899 3053 2944 3150 3298 3535 2371 1553 1847 2000 2373 3532 3823 4123 4430 4864 4960 5049 4872 4669 4392 4187 4128 5024 4687 4544 4699 4398 4412 4361 4147 4263 4058 3724 3325 3392 3728 3738 3506 3382 3511 3421 3331 3272 2850 2697 1433 1196 660 418 253 523 493 333 467 775 925 
6103 6535 6563 6387 6222 6091 5883 5678 5481 5122 4849 4602 4452 4087 3986 3741 3517 3090 2824 2446 2270 1701 1482 1484 1486 826 868 923 786 492 424 209 0 201 8527 8199 7887 7580 7258 7066 6804 5950 6038 6321 6624 6216 6153 5948 5721 5504 5282 4979 4808 4519 4501 4327 4236 4355 4275 3881 2038 1974 1925 1817 1586 1419 1337 1308 1513 1656 1867 2209 2633 2914 3046 3155 3275 3489 3703 3880 4016 4090 4175 4226 4416 4718 4797 5065 5261 5553 5341 5415 7387 7746 7249 7132 6843 6816 6566 6397 6288 6382 6519 6959 6635 6364 6103 6059 5883 5391 5145 2596 2462 2283 1855 1908 1937 1997 2164 3294 2915 3144 3528 3610 3792 4133 4045 4161 4322 4396 4532 4869 5077 5258 5409 5549 5811 6174 6487 6292 6142 6005 5796 5823 5268 5483 5375 5160 4795 3061 2901 2696 2572 2522 2509 2203 1904 1639 1636 1857 2088 2413 2927 3291 3328 3612 3865 4033 4038 3764 3954 4293 4936 5153 5432 3006 2967 3083 2915 3099 3003 3221 3364 3612 2578 1718 2028 2187 2568 3710 4000 4300 4603 5035 5128 5208 5025 4814 4539 4325 4262 5088 4749 4621 4786 4502 4525 4479 4276 4404 4203 3874 3480 3552 3899 3914 3690 3569 3703 3618 3533 3478 3057 2903 1639 1405 866 626 462 332 366 401 501 782 885 
