3
99
40 0 1 2 3 4 5 6 7 8 9 10 11 12 13 14 15 16 17 18 19 20 21 22 23 24 25 26 27 28 29 30 31 32 33 34 35 36 37 38 39
23 40 41 42 43 44 45 46 47 48 49 50 51 52 53 54 55 56 57 58 59 60 61 62
40 63 64 65 66 67 68 69 70 71 72 73 74 75 76 77 78 23 24 25 79 80 58 81 82 83 84 85 86 87 88 89 90 91 92 93 94 95 96 97 98
1800 2400 1800 
0 339 572 675 1189 1375 1512 1843 2127 2283 2461 2706 2824 3083 3229 3475 3643 3811 4027 4310 4569 4553 4533 4504 4495 4513 4574 4759 5013 4986 4993 5024 5088 5154 5031 4832 4701 4586 4317 4288 8513 8205 8105 7759 7574 7558 7278 7203 6827 6636 6466 6455 6573 6394 6181 5948 5795 5814 5832 5216 5258 5279 5269 2858 2642 2245 2327 2009 2084 1876 1726 1510 1456 1894 2605 2900 3369 3783 4084 4574 4987 5801 5768 5764 5869 6275 6765 6906 7132 7372 7663 8083 8225 8513 8452 8419 8159 8125 8116 
339 0 360 602 1047 1250 1381 1683 1993 2122 2260 2469 2597 2892 3038 3265 3423 3600 3808 4082 4335 4296 4269 4225 4200 4208 4260 4440 4683 4652 4658 4687 4749 4815 4692 4493 4363 4248 3978 3949 8199 7891 7791 7438 7249 7229 6949 6876 6502 6311 6140 6125 6242 6061 5850 5619 5465 5491 5513 4906 4960 4989 4990 2563 2335 1924 1997 1671 1745 1541 1389 1183 1149 1611 2323 2617 3087 3501 3802 4260 4674 5490 5463 5472 5587 5993 6485 6630 6861 7107 7401 7825 7966 8247 8180 8140 7877 7836 7825 
572 360 0 304 687 891 1021 1324 1632 1763 1911 2138 2261 2540 2686 2921 3083 3256 3469 3747 4004 3981 3961 3933 3929 3954 4023 4217 4494 4480 4498 4544 4621 4701 4588 4385 4228 4119 3863 3854 7961 7653 7554 7218 7038 7033 6754 6673 6296 6101 5935 5933 6057 5883 5662 5427 5275 5278 5288 4661 4694 4711 4698 2658 2407 1962 1999 1613 1639 1402 1269 1009 913 1326 2036 2330 2799 3212 3514 4023 4436 5245 5208 5197 5298 5704 6193 6334 6560 6800 7092 7512 7654 7941 7880 7848 7588 7556 7548 
675 602 304 0 521 700 837 1173 1452 1612 1808 2084 2190 2421 2566 2823 2997 3158 3380 3668 3934 3943 3934 3931 3956 4004 4092 4299 4610 4611 4638 4699 4786 4875 4771 4566 4389 4286 4040 4045 8018 7710 7612 7295 7126 7135 6857 6767 6389 6190 6031 6040 6172 6004 5775 5536 5385 5367 5364 4718 4725 4725 4691 2945 2687 2234 2256 1847 1845 1592 1476 1190 1044 1373 2060 2349 2811 3221 3520 4092 4503 5300 5251 5215 5296 5701 6185 6320 6537 6768 7054 7467 7610 7908 7856 7837 7581 7563 7559 
1189 1047 687 521 0 206 333 654 947 1094 1289 1582 1680 1900 2044 2303 2479 2638 2861 3152 3419 3441 3439 3452 3500 3570 3677 3900 4250 4272 4314 4398 4502 4608 4519 4312 4101 4008 3786 3817 7580 7272 7176 6880 6721 6748 6473 6373 5993 5790 5639 5663 5804 5645 5405 5163 5015 4969 4951 4288 4269 4257 4207 3002 2723 2250 2224 1770 1702 1433 1364 1057 844 994 1622 1900 2351 2754 3049 3677 4083 4865 4805 4747 4814 5217 5697 5828 6039 6267 6549 6959 7102 7404 7357 7346 7093 7084 7083 
1375 1250 891 700 206 0 136 483 752 915 1142 1468 1551 1735 1878 2149 2331 2482 2710 3005 3276 3319 3324 3354 3423 3508 3629 3860 4234 4268 4317 4412 4525 4638 4557 4349 4123 4036 3824 3868 7509 7202 7107 6824 6673 6711 6437 6331 5952 5746 5601 5632 5779 5625 5380 5136 4990 4928 4901 4226 4190 4166 4103 3155 2872 2397 2358 1896 1807 1538 1488 1184 959 1008 1573 1838 2275 2669 2959 3629 4030 4799 4732 4657 4710 5111 5586 5713 5919 6140 6419 6825 6968 7276 7234 7230 6981 6980 6981 
1512 1381 1021 837 333 136 0 352 616 780 1015 1354 1431 1602 1743 2018 2202 2350 2579 2876 3148 3198 3206 3244 3322 3415 3543 3779 4165 4206 4260 4361 4479 4597 4520 4313 4077 3994 3790 3841 7409 7102 7008 6732 6585 6628 6356 6247 5867 5661 5519 5555 5704 5553 5305 5061 4916 4844 4812 4133 4087 4058 3989 3207 2920 2445 2396 1930 1825 1558 1522 1225 995 974 1493 1749 2177 2566 2853 3543 3941 4703 4632 4549 4596 4996 5468 5594 5797 6017 6294 6698 6842 7152 7112 7111 6863 6865 6868 
1843 1683 1324 1173 654 483 352 0 337 440 665 1022 1086 1252 1394 1666 1850 1998 2227 2524 2796 2851 2863 2912 3006 3114 3255 3500 3911 3967 4031 4147 4276 4405 4340 4133 3876 3801 3616 3686 7091 6785 6692 6429 6290 6344 6073 5958 5579 5371 5235 5280 5434 5290 5037 4792 4649 4559 4518 3829 3767 3729 3650 3257 2965 2494 2417 1948 1807 1554 1555 1286 1059 862 1235 1466 1870 2247 2529 3255 3646 4394 4316 4219 4257 4656 5126 5249 5450 5668 5944 6347 6491 6802 6764 6766 6519 6525 6530 
2127 1993 1632 1452 947 752 616 337 0 240 582 995 1008 1045 1177 1481 1678 1801 2038 2344 2622 2724 2753 2838 2972 3110 3275 3532 3979 4054 4130 4263 4404 4544 4490 4285 4008 3943 3778 3865 7039 6735 6644 6408 6282 6355 6089 5965 5588 5377 5251 5311 5473 5339 5078 4832 4694 4576 4518 3817 3719 3658 3552 3565 3272 2805 2717 2252 2096 1852 1867 1610 1387 1129 1343 1525 1873 2217 2481 3275 3650 4367 4274 4145 4155 4548 5005 5120 5308 5514 5782 6174 6319 6640 6613 6631 6390 6414 6423 
2283 2122 1763 1612 1094 915 780 440 240 0 347 763 768 829 967 1258 1451 1584 1818 2121 2398 2488 2515 2598 2734 2875 3043 3302 3758 3838 3918 4058 4203 4347 4300 4096 3809 3749 3594 3690 6799 6495 6404 6169 6045 6120 5855 5729 5352 5141 5017 5079 5243 5112 4849 4603 4466 4343 4282 3579 3479 3419 3314 3511 3217 2759 2655 2197 2023 1795 1831 1600 1389 1053 1151 1310 1641 1979 2242 3043 3416 4128 4035 3905 3917 4311 4770 4886 5077 5286 5556 5951 6096 6414 6384 6398 6157 6177 6186 
2461 2260 1911 1808 1289 1142 1015 665 582 347 0 415 432 633 780 1015 1191 1350 1572 1864 2134 2187 2204 2268 2392 2528 2695 2955 3413 3497 3580 3724 3874 4022 3980 3777 3482 3426 3283 3389 6464 6159 6068 5827 5700 5773 5508 5382 5006 4794 4669 4731 4895 4764 4501 4256 4118 3995 3935 3234 3142 3089 2996 3366 3073 2631 2507 2066 1870 1671 1736 1551 1368 939 846 974 1293 1636 1903 2695 3068 3786 3696 3577 3602 3999 4465 4587 4785 5002 5279 5682 5826 6136 6098 6102 5856 5868 5874 
2706 2469 2138 2084 1582 1468 1354 1022 995 763 415 0 164 628 745 844 969 1163 1351 1615 1866 1859 1857 1890 1990 2116 2279 2539 2999 3088 3174 3325 3480 3632 3598 3398 3092 3042 2915 3033 6071 5766 5673 5422 5291 5360 5094 4970 4593 4382 4255 4316 4479 4348 4086 3840 3703 3581 3524 2826 2747 2706 2634 3220 2932 2520 2371 1966 1748 1596 1697 1579 1442 950 541 583 877 1231 1508 2279 2655 3382 3298 3197 3241 3642 4117 4246 4457 4685 4969 5383 5526 5823 5775 5764 5513 5511 5513 
2824 2597 2261 2190 1680 1551 1431 1086 1008 768 432 164 0 469 582 689 827 1014 1212 1486 1745 1767 1776 1836 1965 2113 2291 2558 3038 3139 3232 3392 3552 3710 3683 3486 3170 3126 3011 3138 6033 5728 5637 5401 5278 5358 5095 4965 4590 4378 4258 4327 4494 4370 4104 3858 3724 3585 3518 2813 2711 2656 2566 3380 3093 2684 2534 2131 1912 1761 1860 1737 1594 1106 689 683 898 1213 1473 2291 2655 3360 3266 3144 3172 3570 4039 4163 4367 4589 4870 5279 5422 5726 5682 5680 5432 5439 5444 
3083 2892 2540 2421 1900 1735 1602 1252 1045 829 633 628 469 0 146 439 642 756 993 1299 1579 1713 1763 1902 2110 2308 2519 2797 3317 3442 3549 3728 3899 4067 4054 3862 3529 3498 3407 3547 6091 5791 5705 5512 5413 5522 5267 5123 4755 4540 4438 4529 4706 4598 4324 4081 3956 3776 3683 2969 2806 2710 2566 3848 3560 3144 2998 2587 2372 2208 2297 2147 1980 1517 1159 1117 1203 1411 1613 2519 2846 3481 3364 3184 3159 3541 3986 4094 4274 4474 4738 5129 5274 5597 5574 5599 5363 5399 5412 
3229 3038 2686 2566 2044 1878 1743 1394 1177 967 780 745 582 146 0 332 538 627 867 1175 1456 1615 1674 1833 2062 2274 2494 2774 3307 3440 3553 3738 3914 4086 4080 3891 3551 3525 3446 3594 6006 5707 5623 5443 5350 5467 5216 5068 4702 4487 4390 4488 4668 4566 4290 4049 3927 3733 3633 2919 2739 2632 2475 3962 3675 3266 3116 2711 2494 2337 2430 2286 2122 1655 1262 1192 1224 1390 1570 2494 2807 3419 3295 3099 3061 3440 3878 3982 4157 4352 4614 5001 5146 5472 5452 5482 5249 5291 5307 
3475 3265 2921 2823 2303 2149 2018 1666 1481 1258 1015 844 689 439 332 0 205 335 560 863 1141 1282 1342 1510 1756 1983 2214 2496 3043 3190 3310 3506 3690 3868 3873 3690 3339 3323 3269 3431 5674 5376 5292 5117 5028 5151 4902 4751 4387 4172 4081 4185 4368 4273 3994 3755 3637 3429 3321 2609 2415 2303 2142 3979 3699 3314 3151 2775 2549 2422 2533 2424 2283 1794 1282 1137 1042 1128 1273 2214 2509 3098 2970 2768 2729 3108 3549 3656 3834 4035 4301 4694 4838 5159 5135 5159 4924 4962 4977 
3643 3423 3083 2997 2479 2331 2202 1850 1678 1451 1191 969 827 642 538 205 0 210 385 673 947 1077 1138 1318 1580 1818 2057 2340 2896 3052 3177 3382 3569 3751 3766 3588 3229 3221 3184 3354 5470 5173 5089 4918 4833 4961 4714 4561 4199 3984 3897 4006 4191 4101 3821 3584 3469 3250 3136 2426 2220 2102 1938 4016 3741 3373 3202 2846 2616 2508 2627 2539 2411 1915 1348 1163 983 997 1108 2057 2336 2905 2774 2565 2523 2903 3344 3452 3633 3836 4104 4501 4645 4963 4935 4957 4721 4757 4772 
3811 3600 3256 3158 2638 2482 2350 1998 1801 1584 1350 1163 1014 756 627 335 210 0 241 550 832 1040 1127 1350 1647 1904 2153 2435 3002 3168 3299 3511 3703 3888 3910 3737 3372 3371 3347 3523 5440 5145 5064 4917 4844 4986 4745 4585 4229 4015 3938 4058 4246 4166 3885 3651 3542 3303 3177 2474 2238 2099 1906 4225 3951 3583 3412 3055 2825 2715 2833 2739 2606 2112 1557 1373 1172 1137 1203 2153 2404 2925 2783 2545 2474 2841 3267 3366 3534 3726 3987 4374 4519 4845 4826 4861 4630 4681 4699 
4027 3808 3469 3380 2861 2710 2579 2227 2038 1818 1572 1351 1212 993 867 560 385 241 0 309 590 823 925 1177 1501 1773 2031 2309 2885 3063 3201 3421 3618 3808 3841 3674 3303 3311 3309 3495 5213 4920 4841 4705 4640 4791 4554 4390 4039 3825 3756 3884 4075 4003 3721 3491 3388 3133 2997 2301 2044 1891 1684 4320 4052 3701 3524 3187 2955 2862 2987 2912 2790 2292 1697 1483 1211 1091 1096 2031 2252 2730 2580 2326 2243 2606 3028 3126 3293 3485 3747 4136 4281 4605 4586 4619 4389 4441 4460 
4310 4082 3747 3668 3152 3005 2876 2524 2344 2121 1864 1615 1486 1299 1175 863 673 550 309 0 281 574 704 999 1356 1646 1911 2179 2761 2955 3100 3331 3533 3728 3775 3620 3242 3263 3290 3487 4926 4635 4558 4439 4384 4548 4319 4148 3804 3592 3534 3674 3869 3809 3527 3304 3210 2931 2781 2103 1813 1640 1410 4460 4201 3872 3688 3376 3143 3070 3203 3148 3039 2539 1907 1667 1328 1111 1031 1911 2083 2493 2334 2054 1951 2306 2722 2818 2984 3176 3439 3830 3975 4298 4276 4310 4080 4135 4155 
4569 4335 4004 3934 3419 3276 3148 2796 2622 2398 2134 1866 1745 1579 1456 1141 947 832 590 281 0 425 577 901 1276 1573 1839 2093 2674 2881 3033 3272 3478 3676 3737 3592 3210 3243 3296 3503 4667 4379 4303 4202 4158 4335 4113 3936 3601 3391 3345 3496 3694 3646 3365 3149 3065 2764 2600 1948 1626 1432 1175 4602 4351 4042 3852 3562 3329 3273 3411 3373 3275 2774 2120 1864 1482 1200 1050 1839 1959 2293 2123 1818 1691 2037 2444 2538 2702 2895 3159 3553 3698 4018 3995 4029 3800 3856 3878 
4553 4296 3981 3943 3441 3319 3198 2851 2724 2488 2187 1859 1767 1713 1615 1282 1077 1040 823 574 425 0 153 479 854 1152 1417 1668 2248 2457 2610 2850 3057 3256 3320 3180 2797 2835 2902 3114 4401 4106 4024 3882 3819 3976 3745 3576 3230 3018 2959 3101 3296 3241 2958 2738 2649 2360 2206 1536 1238 1071 866 4333 4094 3818 3622 3371 3140 3116 3264 3264 3192 2698 2005 1724 1286 928 706 1417 1536 1919 1763 1505 1446 1828 2281 2399 2600 2825 3112 3530 3672 3964 3916 3914 3669 3690 3701 
4533 4269 3961 3934 3439 3324 3206 2863 2753 2515 2204 1857 1776 1763 1674 1342 1138 1127 925 704 577 153 0 325 701 999 1264 1515 2096 2304 2456 2697 2903 3102 3167 3027 2645 2684 2755 2967 4332 4034 3950 3790 3717 3865 3630 3465 3114 2901 2836 2972 3166 3105 2823 2600 2508 2227 2080 1399 1119 971 803 4224 3990 3726 3527 3291 3061 3050 3201 3214 3153 2663 1961 1673 1221 840 590 1264 1389 1805 1656 1426 1402 1795 2262 2389 2602 2839 3132 3558 3698 3979 3922 3907 3656 3664 3671 
4504 4225 3933 3931 3452 3354 3244 2912 2838 2598 2268 1890 1836 1902 1833 1510 1318 1350 1177 999 901 479 325 0 375 673 938 1192 1774 1979 2131 2371 2578 2777 2842 2704 2321 2363 2442 2657 4203 3900 3811 3610 3517 3643 3398 3243 2883 2668 2587 2709 2899 2826 2544 2315 2215 1956 1827 1125 905 820 765 4001 3778 3541 3339 3138 2913 2928 3085 3128 3089 2614 1902 1608 1138 726 426 938 1084 1587 1462 1308 1366 1771 2260 2405 2642 2898 3203 3641 3777 4035 3958 3915 3655 3632 3630 
4495 4200 3929 3956 3500 3423 3322 3006 2972 2734 2392 1990 1965 2110 2062 1756 1580 1647 1501 1356 1276 854 701 375 0 298 563 823 1405 1606 1757 1996 2203 2401 2467 2331 1948 1993 2085 2304 4087 3780 3686 3435 3316 3412 3157 3015 2645 2431 2328 2428 2612 2521 2242 2005 1895 1672 1573 859 769 796 887 3757 3550 3350 3145 2990 2774 2822 2984 3063 3052 2602 1897 1606 1149 758 498 563 757 1394 1310 1271 1423 1822 2321 2481 2740 3014 3328 3774 3905 4134 4037 3963 3693 3636 3624 
4513 4208 3954 4004 3570 3508 3415 3114 3110 2875 2528 2116 2113 2308 2274 1983 1818 1904 1773 1646 1573 1152 999 673 298 0 266 535 1115 1310 1460 1698 1904 2103 2170 2036 1653 1702 1807 2030 4014 3706 3608 3317 3176 3245 2982 2854 2477 2266 2145 2223 2398 2292 2017 1775 1654 1474 1407 718 778 893 1069 3583 3391 3225 3018 2905 2699 2775 2939 3047 3059 2634 1948 1670 1244 905 710 266 542 1296 1254 1316 1531 1912 2407 2576 2848 3133 3450 3900 4025 4232 4120 4023 3748 3664 3644 
4574 4260 4023 4092 3677 3629 3543 3255 3275 3043 2695 2279 2291 2519 2494 2214 2057 2153 2031 1911 1839 1417 1264 938 563 266 0 282 853 1044 1194 1433 1639 1839 1909 1781 1398 1455 1581 1806 3939 3631 3531 3204 3044 3088 2819 2704 2325 2118 1980 2036 2203 2083 1813 1568 1438 1304 1274 655 851 1023 1251 3467 3291 3160 2954 2881 2687 2788 2953 3086 3117 2718 2056 1793 1401 1107 951 0 413 1234 1235 1383 1643 2001 2485 2661 2941 3233 3551 4002 4123 4309 4183 4066 3788 3681 3653 
4759 4440 4217 4299 3900 3860 3779 3500 3532 3302 2955 2539 2558 2797 2774 2496 2340 2435 2309 2179 2093 1668 1515 1192 823 535 282 0 582 791 948 1196 1405 1606 1693 1583 1208 1285 1456 1684 3766 3459 3357 3001 2826 2850 2576 2473 2093 1891 1740 1781 1940 1812 1546 1301 1166 1069 1073 581 896 1113 1385 3484 3328 3236 3032 3001 2819 2941 3106 3259 3306 2927 2286 2034 1663 1385 1233 282 323 1109 1155 1388 1688 2011 2477 2657 2944 3241 3559 4009 4124 4286 4147 4008 3728 3598 3563 
5013 4683 4494 4610 4250 4234 4165 3911 3979 3758 3413 2999 3038 3317 3307 3043 2896 3002 2885 2761 2674 2248 2096 1774 1405 1115 853 582 0 243 407 660 866 1066 1182 1115 784 902 1160 1374 3643 3346 3240 2808 2591 2547 2266 2204 1838 1665 1476 1443 1563 1395 1168 936 782 897 1025 939 1336 1581 1884 3391 3280 3272 3078 3135 2983 3148 3307 3502 3583 3259 2678 2456 2142 1918 1798 853 771 1249 1378 1727 2067 2325 2742 2926 3217 3518 3830 4271 4374 4490 4326 4147 3867 3692 3642 
4986 4652 4480 4611 4272 4268 4206 3967 4054 3838 3497 3088 3139 3442 3440 3190 3052 3168 3063 2955 2881 2457 2304 1979 1606 1310 1044 791 243 0 165 418 626 827 939 874 561 689 969 1173 3767 3475 3369 2911 2678 2603 2323 2282 1929 1773 1573 1504 1598 1410 1218 1010 859 1060 1217 1182 1578 1823 2124 3237 3143 3166 2976 3068 2930 3111 3267 3479 3574 3278 2732 2529 2250 2062 1969 1044 1009 1472 1610 1968 2309 2561 2971 3154 3446 3747 4057 4496 4596 4704 4535 4348 4068 3882 3828 
4993 4658 4498 4638 4314 4317 4260 4031 4130 3918 3580 3174 3232 3549 3553 3310 3177 3299 3201 3100 3033 2610 2456 2131 1757 1460 1194 948 407 165 0 253 462 663 774 718 436 574 871 1060 3841 3553 3446 2973 2731 2634 2356 2330 1988 1845 1639 1549 1623 1425 1260 1072 927 1174 1346 1347 1743 1988 2289 3155 3074 3121 2936 3052 2925 3117 3270 3492 3597 3320 2799 2607 2351 2183 2105 1194 1174 1619 1763 2128 2471 2717 3120 3304 3595 3896 4204 4641 4740 4841 4668 4475 4196 4002 3946 
5024 4687 4544 4699 4398 4412 4361 4147 4263 4058 3724 3325 3392 3728 3738 3506 3382 3511 3421 3331 3272 2850 2697 2371 1996 1698 1433 1196 660 418 253 0 209 410 523 493 333 467 775 925 3958 3677 3570 3076 2821 2694 2421 2416 2094 1970 1759 1639 1685 1476 1354 1198 1067 1365 1553 1598 1996 2241 2543 3050 2991 3076 2899 3053 2944 3150 3298 3535 3654 3407 2923 2750 2524 2384 2325 1433 1428 1847 2000 2373 2718 2956 3349 3532 3823 4123 4430 4864 4960 5049 4872 4669 4392 4187 4128 
5088 4749 4621 4786 4502 4525 4479 4276 4404 4203 3874 3480 3552 3899 3914 3690 3569 3703 3618 3533 3478 3057 2903 2578 2203 1904 1639 1405 866 626 462 209 0 201 332 366 401 501 782 885 4038 3764 3658 3147 2882 2731 2464 2477 2174 2066 1854 1713 1735 1520 1435 1308 1190 1519 1718 1802 2202 2448 2750 3006 2967 3083 2915 3099 3003 3221 3364 3612 3741 3517 3061 2901 2696 2572 2522 1639 1636 2028 2187 2568 2915 3144 3528 3710 4000 4300 4603 5035 5128 5208 5025 4814 4539 4325 4262 
5154 4815 4701 4875 4608 4638 4597 4405 4544 4347 4022 3632 3710 4067 4086 3868 3751 3888 3808 3728 3676 3256 3102 2777 2401 2103 1839 1606 1066 827 663 410 201 0 186 331 540 604 838 891 4125 3858 3752 3228 2956 2783 2523 2553 2268 2175 1964 1805 1806 1590 1537 1435 1329 1679 1886 1999 2400 2647 2951 2975 2955 3102 2942 3154 3072 3299 3437 3694 3833 3630 3200 3051 2864 2755 2713 1839 1836 2207 2371 2758 3107 3328 3703 3885 4174 4473 4774 5202 5293 5364 5177 4960 4686 4464 4399 
5031 4692 4588 4771 4519 4557 4520 4340 4490 4300 3980 3598 3683 4054 4080 3873 3766 3910 3841 3775 3737 3320 3167 2842 2467 2170 1909 1693 1182 939 774 523 332 186 0 207 538 557 733 747 4311 4044 3938 3415 3142 2967 2708 2739 2454 2360 2149 1991 1993 1776 1723 1616 1507 1847 2049 2121 2517 2761 3058 2801 2789 2951 2796 3025 2954 3187 3321 3585 3731 3549 3149 3015 2856 2773 2752 1909 1943 2360 2518 2896 3242 3475 3860 4042 4332 4632 4935 5366 5458 5535 5351 5136 4861 4643 4578 
4832 4493 4385 4566 4312 4349 4313 4133 4285 4096 3777 3398 3486 3862 3891 3690 3588 3737 3674 3620 3592 3180 3027 2704 2331 2036 1781 1583 1115 874 718 493 366 331 207 0 383 367 526 559 4404 4130 4024 3512 3246 3089 2824 2842 2540 2431 2219 2079 2098 1883 1801 1669 1547 1858 2047 2049 2436 2674 2963 2655 2628 2771 2611 2828 2752 2983 3118 3380 3525 3341 2945 2815 2667 2599 2592 1781 1853 2335 2482 2842 3182 3435 3837 4021 4312 4612 4920 5355 5452 5543 5365 5161 4884 4677 4616 
4701 4363 4228 4389 4101 4123 4077 3876 4008 3809 3482 3092 3170 3529 3551 3339 3229 3372 3303 3242 3210 2797 2645 2321 1948 1653 1398 1208 784 561 436 333 401 540 538 383 0 141 448 624 4265 3980 3873 3389 3139 3021 2747 2736 2405 2270 2062 1956 2011 1804 1668 1496 1356 1610 1777 1697 2075 2309 2592 2734 2666 2743 2566 2724 2619 2830 2976 3218 3344 3115 2664 2511 2328 2235 2216 1398 1488 2031 2163 2503 2836 3107 3526 3710 4002 4303 4614 5054 5156 5265 5096 4907 4628 4438 4382 
4586 4248 4119 4286 4008 4036 3994 3801 3943 3749 3426 3042 3126 3498 3525 3323 3221 3371 3311 3263 3243 2835 2684 2363 1993 1702 1455 1285 902 689 574 467 501 604 557 367 141 0 308 486 4406 4121 4014 3530 3280 3160 2886 2876 2546 2411 2203 2097 2150 1942 1809 1637 1496 1745 1907 1796 2166 2394 2670 2593 2526 2609 2434 2601 2502 2719 2862 3110 3241 3027 2600 2459 2301 2233 2233 1455 1578 2151 2278 2608 2936 3216 3642 3826 4117 4419 4731 5173 5276 5391 5223 5037 4758 4571 4516 
4317 3978 3863 4040 3786 3824 3790 3616 3778 3594 3283 2915 3011 3407 3446 3269 3184 3347 3309 3290 3296 2902 2755 2442 2085 1807 1581 1456 1160 969 871 775 782 838 733 526 448 308 0 228 4710 4424 4317 3837 3588 3468 3194 3185 2853 2715 2508 2404 2459 2250 2117 1941 1798 2030 2181 2003 2352 2567 2825 2286 2217 2306 2134 2320 2234 2461 2599 2857 2999 2817 2443 2332 2230 2219 2260 1581 1767 2402 2515 2821 3137 3437 3878 4061 4352 4653 4967 5413 5519 5646 5485 5307 5027 4848 4796 
4288 3949 3854 4045 3817 3868 3841 3686 3865 3690 3389 3033 3138 3547 3594 3431 3354 3523 3495 3487 3503 3114 2967 2657 2304 2030 1806 1684 1374 1173 1060 925 885 891 747 559 624 486 228 0 4882 4600 4493 4002 3746 3610 3340 3341 3019 2890 2681 2565 2606 2394 2279 2116 1978 2230 2389 2230 2580 2796 3052 2127 2081 2211 2051 2280 2216 2455 2584 2856 3012 2867 2543 2455 2388 2404 2460 1806 1996 2622 2738 3048 3366 3664 4102 4285 4576 4877 5191 5636 5742 5865 5701 5519 5239 5055 5001 
8513 8199 7961 8018 7580 7509 7409 7091 7039 6799 6464 6071 6033 6091 6006 5674 5470 5440 5213 4926 4667 4401 4332 4203 4087 4014 3939 3766 3643 3767 3841 3958 4038 4125 4311 4404 4265 4406 4710 4882 0 308 408 901 1189 1461 1657 1579 1864 1996 2202 2325 2323 2538 2605 2769 2914 2757 2696 3300 3324 3384 3535 6996 6910 6916 6720 6748 6577 6707 6871 7022 7057 6647 5962 5680 5234 4844 4563 3939 3525 2718 2777 2907 2975 2650 2359 2361 2399 2470 2518 2642 2611 2366 2123 1786 1687 1362 1265 
8205 7891 7653 7710 7272 7202 7102 6785 6735 6495 6159 5766 5728 5791 5707 5376 5173 5145 4920 4635 4379 4106 4034 3900 3780 3706 3631 3459 3346 3475 3553 3677 3764 3858 4044 4130 3980 4121 4424 4600 308 0 107 668 964 1275 1436 1333 1590 1709 1918 2053 2065 2279 2329 2484 2626 2457 2391 2992 3018 3082 3239 6709 6618 6618 6422 6445 6272 6401 6565 6714 6749 6339 5654 5372 4926 4538 4258 3631 3218 2410 2470 2607 2688 2374 2110 2129 2194 2295 2377 2549 2534 2330 2084 1751 1607 1271 1170 
8105 7791 7554 7612 7176 7107 7008 6692 6644 6404 6068 5673 5637 5705 5623 5292 5089 5064 4841 4558 4303 4024 3950 3811 3686 3608 3531 3357 3240 3369 3446 3570 3658 3752 3938 4024 3873 4014 4317 4493 408 107 0 574 869 1189 1340 1231 1484 1602 1811 1947 1961 2175 2222 2377 2519 2351 2288 2894 2927 2995 3158 6602 6511 6512 6316 6341 6169 6298 6463 6613 6649 6241 5557 5276 4831 4444 4166 3531 3117 2312 2376 2523 2613 2308 2062 2089 2167 2282 2378 2568 2559 2369 2123 1793 1635 1299 1196 
7759 7438 7218 7295 6880 6824 6732 6429 6408 6169 5827 5422 5401 5512 5443 5117 4918 4917 4705 4439 4202 3882 3790 3610 3435 3317 3204 3001 2808 2911 2973 3076 3147 3228 3415 3512 3389 3530 3837 4002 901 668 574 0 295 625 768 678 985 1143 1338 1437 1423 1639 1722 1903 2052 1949 1931 2599 2706 2818 3030 6124 6048 6075 5883 5938 5777 5923 6086 6255 6307 5922 5257 4985 4559 4191 3929 3204 2796 2041 2148 2385 2549 2315 2188 2260 2403 2575 2727 2980 2992 2848 2607 2288 2094 1765 1666 
7574 7249 7038 7126 6721 6673 6585 6290 6282 6045 5700 5291 5278 5413 5350 5028 4833 4844 4640 4384 4158 3819 3717 3517 3316 3176 3044 2826 2591 2678 2731 2821 2882 2956 3142 3246 3139 3280 3588 3746 1189 964 869 295 0 357 472 404 752 937 1115 1183 1149 1365 1471 1668 1821 1760 1772 2465 2612 2748 2983 5871 5803 5845 5655 5726 5571 5726 5888 6066 6126 5754 5101 4835 4421 4065 3814 3044 2644 1931 2061 2344 2544 2352 2286 2379 2549 2744 2919 3198 3219 3097 2858 2546 2339 2017 1920 
7558 7229 7033 7135 6748 6711 6628 6344 6355 6120 5773 5360 5358 5522 5467 5151 4961 4986 4791 4548 4335 3976 3865 3643 3412 3245 3088 2850 2547 2603 2634 2694 2731 2783 2967 3089 3021 3160 3468 3610 1461 1275 1189 625 357 0 280 400 768 981 1109 1104 1011 1217 1385 1610 1764 1784 1841 2553 2748 2907 3164 5737 5685 5755 5570 5670 5527 5695 5854 6047 6120 5769 5137 4881 4484 4147 3911 3088 2704 2061 2214 2539 2771 2616 2594 2697 2880 3085 3269 3554 3576 3455 3215 2902 2696 2374 2276 
7278 6949 6754 6857 6473 6437 6356 6073 6089 5855 5508 5094 5095 5267 5216 4902 4714 4745 4554 4319 4113 3745 3630 3398 3157 2982 2819 2576 2266 2323 2356 2421 2464 2523 2708 2824 2747 2886 3194 3340 1657 1436 1340 768 472 280 0 213 516 730 839 823 735 945 1105 1330 1483 1514 1584 2297 2510 2681 2949 5467 5412 5477 5292 5390 5246 5414 5574 5767 5841 5492 4863 4609 4217 3885 3654 2819 2439 1825 1989 2336 2589 2467 2493 2611 2816 3041 3246 3560 3593 3501 3267 2966 2743 2433 2339 
7203 6876 6673 6767 6373 6331 6247 5958 5965 5729 5382 4970 4965 5123 5068 4751 4561 4585 4390 4148 3936 3576 3465 3243 3015 2854 2704 2473 2204 2282 2330 2416 2477 2553 2739 2842 2736 2876 3185 3341 1579 1333 1231 678 404 400 213 0 379 587 737 781 746 962 1070 1274 1427 1404 1447 2156 2347 2508 2768 5467 5401 5447 5259 5338 5188 5348 5509 5693 5759 5398 4757 4498 4095 3753 3514 2704 2314 1660 1814 2147 2390 2258 2279 2398 2604 2831 3041 3361 3397 3317 3085 2790 2560 2256 2165 
6827 6502 6296 6389 5993 5952 5867 5579 5588 5352 5006 4593 4590 4755 4702 4387 4199 4229 4039 3804 3601 3230 3114 2883 2645 2477 2325 2093 1838 1929 1988 2094 2174 2268 2454 2540 2405 2546 2853 3019 1864 1590 1484 985 752 768 516 379 0 214 363 462 512 709 740 919 1070 1024 1073 1785 1995 2168 2442 5139 5063 5095 4905 4973 4819 4975 5137 5318 5382 5019 4378 4118 3717 3378 3143 2325 1937 1311 1478 1839 2110 2029 2124 2263 2498 2750 2988 3344 3396 3359 3139 2867 2617 2338 2256 
6636 6311 6101 6190 5790 5746 5661 5371 5377 5141 4794 4382 4378 4540 4487 4172 3984 4015 3825 3592 3391 3018 2901 2668 2431 2266 2118 1891 1665 1773 1845 1970 2066 2175 2360 2431 2270 2411 2715 2890 1996 1709 1602 1143 937 981 730 587 214 0 211 406 536 691 638 774 918 823 860 1571 1781 1958 2236 5000 4915 4933 4741 4797 4638 4790 4952 5128 5188 4819 4173 3911 3507 3166 2929 2118 1727 1099 1270 1642 1924 1868 2003 2151 2399 2662 2915 3288 3349 3337 3124 2867 2607 2346 2270 
6466 6140 5935 6031 5639 5601 5519 5235 5251 5017 4669 4255 4258 4438 4390 4081 3897 3938 3756 3534 3345 2959 2836 2587 2328 2145 1980 1740 1476 1573 1639 1759 1854 1964 2149 2219 2062 2203 2508 2681 2202 1918 1811 1338 1115 1109 839 737 363 211 0 235 414 520 429 567 714 675 760 1471 1721 1917 2210 4794 4712 4737 4545 4610 4456 4613 4774 4956 5022 4663 4027 3771 3378 3049 2824 1980 1602 1058 1246 1647 1953 1940 2120 2276 2534 2806 3069 3453 3518 3520 3312 3060 2798 2544 2470 
6455 6125 5933 6040 5663 5632 5555 5280 5311 5079 4731 4316 4327 4529 4488 4185 4006 4058 3884 3674 3496 3101 2972 2709 2428 2223 2036 1781 1443 1504 1549 1639 1713 1805 1991 2079 1956 2097 2404 2565 2325 2053 1947 1437 1183 1104 823 781 462 406 235 0 201 287 288 506 660 755 895 1584 1870 2080 2382 4689 4620 4667 4480 4568 4423 4591 4750 4944 5020 4678 4061 3814 3438 3128 2918 2036 1682 1232 1429 1844 2161 2165 2355 2512 2770 3042 3303 3684 3748 3743 3531 3274 3014 2752 2675 
6573 6242 6057 6172 5804 5779 5704 5434 5473 5243 4895 4479 4494 4706 4668 4368 4191 4246 4075 3869 3694 3296 3166 2899 2612 2398 2203 1940 1563 1598 1623 1685 1735 1806 1993 2098 2011 2150 2459 2606 2323 2065 1961 1423 1149 1011 735 746 512 536 414 201 0 216 398 642 789 943 1093 1774 2068 2280 2583 4734 4677 4743 4559 4666 4528 4703 4861 5063 5146 4816 4210 3969 3602 3301 3098 2203 1861 1434 1631 2045 2359 2355 2527 2680 2932 3198 3452 3823 3882 3860 3643 3375 3122 2848 2767 
6394 6061 5883 6004 5645 5625 5553 5290 5339 5112 4764 4348 4370 4598 4566 4273 4101 4166 4003 3809 3646 3241 3105 2826 2521 2292 2083 1812 1395 1410 1425 1476 1520 1590 1776 1883 1804 1942 2250 2394 2538 2279 2175 1639 1365 1217 945 962 709 691 520 287 216 0 282 517 646 882 1067 1706 2029 2253 2565 4522 4467 4541 4359 4474 4341 4521 4678 4885 4974 4654 4061 3827 3474 3188 2999 2083 1764 1433 1636 2062 2392 2423 2632 2792 3053 3326 3589 3972 4035 4028 3815 3555 3297 3031 2952 
6181 5850 5662 5775 5405 5380 5305 5037 5078 4849 4501 4086 4104 4324 4290 3994 3821 3885 3721 3527 3365 2958 2823 2544 2242 2017 1813 1546 1168 1218 1260 1354 1435 1537 1723 1801 1668 1809 2117 2279 2605 2329 2222 1722 1471 1385 1105 1070 740 638 429 288 398 282 0 245 390 602 796 1423 1750 1977 2291 4402 4331 4379 4192 4284 4142 4313 4472 4670 4751 4417 3812 3572 3210 2916 2722 1813 1485 1171 1375 1806 2143 2201 2446 2612 2883 3165 3440 3837 3909 3927 3724 3480 3214 2967 2894 
5948 5619 5427 5536 5163 5136 5061 4792 4832 4603 4256 3840 3858 4081 4049 3755 3584 3651 3491 3304 3149 2738 2600 2315 2005 1775 1568 1301 936 1010 1072 1198 1308 1435 1616 1669 1496 1637 1941 2116 2769 2484 2377 1903 1668 1610 1330 1274 919 774 567 506 642 517 245 0 154 413 634 1202 1547 1783 2102 4227 4145 4176 3986 4065 3918 4084 4244 4437 4514 4176 3567 3326 2964 2672 2482 1568 1248 1020 1222 1657 2004 2103 2391 2564 2843 3133 3419 3830 3910 3953 3758 3530 3258 3030 2963 
5795 5465 5275 5385 5015 4990 4916 4649 4694 4466 4118 3703 3724 3956 3927 3637 3469 3542 3388 3210 3065 2649 2508 2215 1895 1654 1438 1166 782 859 927 1067 1190 1329 1507 1547 1356 1496 1798 1978 2914 2626 2519 2052 1821 1764 1483 1427 1070 918 714 660 789 646 390 154 0 403 633 1118 1483 1726 2047 4082 3997 4024 3834 3911 3764 3930 4090 4284 4362 4027 3422 3184 2828 2545 2364 1438 1137 1012 1210 1642 1994 2123 2437 2613 2896 3190 3482 3899 3983 4039 3850 3630 3356 3136 3072 
5814 5491 5278 5367 4969 4928 4844 4559 4576 4343 3995 3581 3585 3776 3733 3429 3250 3303 3133 2931 2764 2360 2227 1956 1672 1474 1304 1069 897 1060 1174 1365 1519 1679 1847 1858 1610 1745 2030 2230 2757 2457 2351 1949 1760 1784 1514 1404 1024 823 675 755 943 882 602 413 403 0 230 831 1147 1377 1693 4286 4177 4161 3964 3995 3830 3974 4137 4308 4365 3996 3354 3096 2703 2379 2163 1304 931 612 813 1247 1596 1720 2044 2223 2508 2804 3101 3525 3614 3689 3507 3304 3027 2828 2772 
5832 5513 5288 5364 4951 4901 4812 4518 4518 4282 3935 3524 3518 3683 3633 3321 3136 3177 2997 2781 2600 2206 2080 1827 1573 1407 1274 1073 1025 1217 1346 1553 1718 1886 2049 2047 1777 1907 2181 2389 2696 2391 2288 1931 1772 1841 1584 1447 1073 860 760 895 1093 1067 796 634 633 230 0 713 974 1189 1498 4410 4289 4250 4050 4055 3881 4011 4176 4332 4378 3990 3330 3063 2651 2305 2070 1274 872 385 588 1023 1369 1490 1823 2003 2291 2588 2888 3316 3409 3496 3322 3130 2851 2667 2616 
5216 4906 4661 4718 4288 4226 4133 3829 3817 3579 3234 2826 2813 2969 2919 2609 2426 2474 2301 2103 1948 1536 1399 1125 859 718 655 581 939 1182 1347 1598 1802 1999 2121 2049 1697 1796 2003 2230 3300 2992 2894 2599 2465 2553 2297 2156 1785 1571 1471 1584 1774 1706 1423 1202 1118 831 713 0 404 656 973 4064 3905 3799 3594 3535 3342 3443 3608 3736 3760 3347 2666 2389 1959 1600 1357 655 262 584 584 818 1140 1438 1896 2078 2366 2664 2981 3430 3544 3705 3566 3433 3153 3034 3003 
5258 4960 4694 4725 4269 4190 4087 3767 3719 3479 3142 2747 2711 2806 2739 2415 2220 2238 2044 1813 1626 1238 1119 905 769 778 851 896 1336 1578 1743 1996 2202 2400 2517 2436 2075 2166 2352 2580 3324 3018 2927 2706 2612 2748 2510 2347 1995 1781 1721 1870 2068 2029 1750 1547 1483 1147 974 404 0 252 572 4319 4140 3994 3788 3683 3477 3549 3713 3811 3811 3368 2665 2375 1918 1521 1239 851 588 686 558 539 797 1149 1637 1811 2089 2381 2699 3150 3271 3464 3345 3244 2969 2890 2872 
5279 4989 4711 4725 4257 4166 4058 3729 3658 3419 3089 2706 2656 2710 2632 2303 2102 2099 1891 1640 1432 1071 971 820 796 893 1023 1113 1581 1823 1988 2241 2448 2647 2761 2674 2309 2394 2567 2796 3384 3082 2995 2818 2748 2907 2681 2508 2168 1958 1917 2080 2280 2253 1977 1783 1726 1377 1189 656 252 0 322 4472 4283 4114 3908 3776 3563 3617 3779 3858 3843 3385 2675 2381 1914 1504 1208 1023 821 861 693 491 639 1030 1528 1692 1958 2241 2557 3007 3133 3348 3245 3167 2898 2846 2837 
5269 4990 4698 4691 4207 4103 3989 3650 3552 3314 2996 2634 2566 2566 2475 2142 1938 1906 1684 1410 1175 866 803 765 887 1069 1251 1385 1884 2124 2289 2543 2750 2951 3058 2963 2592 2670 2825 3052 3535 3239 3158 3030 2983 3164 2949 2768 2442 2236 2210 2382 2583 2565 2291 2102 2047 1693 1498 973 572 322 0 4638 4435 4236 4032 3864 3644 3675 3835 3888 3854 3379 2667 2373 1903 1490 1189 1251 1115 1152 966 644 607 1010 1495 1640 1881 2144 2453 2897 3030 3276 3194 3150 2891 2877 2879 
2858 2563 2658 2945 3002 3155 3207 3257 3565 3511 3366 3220 3380 3848 3962 3979 4016 4225 4320 4460 4602 4333 4224 4001 3757 3583 3467 3484 3391 3237 3155 3050 3006 2975 2801 2655 2734 2593 2286 2127 6996 6709 6602 6124 5871 5737 5467 5467 5139 5000 4794 4689 4734 4522 4402 4227 4082 4286 4410 4064 4319 4472 4638 0 294 763 859 1315 1495 1716 1702 1984 2215 2458 2706 2852 3132 3413 3633 3467 3803 4567 4636 4848 5106 5468 5949 6126 6408 6700 7018 7469 7590 7768 7631 7487 7207 7059 7016 
2642 2335 2407 2687 2723 2872 2920 2965 3272 3217 3073 2932 3093 3560 3675 3699 3741 3951 4052 4201 4351 4094 3990 3778 3550 3391 3291 3328 3280 3143 3074 2991 2967 2955 2789 2628 2666 2526 2217 2081 6910 6618 6511 6048 5803 5685 5412 5401 5063 4915 4712 4620 4677 4467 4331 4145 3997 4177 4289 3905 4140 4283 4435 294 0 475 565 1021 1202 1422 1410 1696 1927 2163 2423 2578 2874 3169 3400 3291 3642 4424 4483 4675 4920 5290 5776 5952 6230 6519 6837 7288 7411 7600 7469 7336 7056 6920 6880 
2245 1924 1962 2234 2250 2397 2445 2494 2805 2759 2631 2520 2684 3144 3266 3314 3373 3583 3701 3872 4042 3818 3726 3541 3350 3225 3160 3236 3272 3166 3121 3076 3083 3102 2951 2771 2743 2609 2306 2211 6916 6618 6512 6075 5845 5755 5477 5447 5095 4933 4737 4667 4743 4541 4379 4176 4024 4161 4250 3799 3994 4114 4236 763 475 0 206 565 772 965 939 1222 1452 1708 2032 2218 2559 2889 3143 3160 3538 4345 4383 4534 4754 5137 5631 5801 6072 6355 6671 7119 7247 7457 7339 7226 6948 6832 6799 
2327 1997 1999 2256 2224 2358 2396 2417 2717 2655 2507 2371 2534 2998 3116 3151 3202 3412 3524 3688 3852 3622 3527 3339 3145 3018 2954 3032 3078 2976 2936 2899 2915 2942 2796 2611 2566 2434 2134 2051 6720 6422 6316 5883 5655 5570 5292 5259 4905 4741 4545 4480 4559 4359 4192 3986 3834 3964 4050 3594 3788 3908 4032 859 565 206 0 468 636 865 873 1174 1401 1601 1870 2042 2370 2693 2943 2954 3333 4141 4178 4327 4548 4931 5425 5595 5866 6149 6465 6914 7041 7251 7133 7020 6742 6628 6595 
2009 1671 1613 1847 1770 1896 1930 1948 2252 2197 2066 1966 2131 2587 2711 2775 2846 3055 3187 3376 3562 3371 3291 3138 2990 2905 2881 3001 3135 3068 3052 3053 3099 3154 3025 2828 2724 2601 2320 2280 6748 6445 6341 5938 5726 5670 5390 5338 4973 4797 4610 4568 4666 4474 4284 4065 3911 3995 4055 3535 3683 3776 3864 1315 1021 565 468 0 233 401 408 714 937 1144 1498 1709 2090 2451 2723 2881 3281 4103 4117 4221 4411 4806 5303 5468 5730 6004 6316 6761 6893 7123 7020 6928 6652 6560 6534 
2084 1745 1639 1845 1702 1807 1825 1807 2096 2023 1870 1748 1912 2372 2494 2549 2616 2825 2955 3143 3329 3140 3061 2913 2774 2699 2687 2819 2983 2930 2925 2944 3003 3072 2954 2752 2619 2502 2234 2216 6577 6272 6169 5777 5571 5527 5246 5188 4819 4638 4456 4423 4528 4341 4142 3918 3764 3830 3881 3342 3477 3563 3644 1495 1202 772 636 233 0 269 370 661 858 971 1269 1476 1857 2221 2496 2687 3090 3915 3922 4013 4197 4593 5091 5254 5514 5786 6097 6541 6674 6908 6808 6721 6446 6360 6336 
1876 1541 1402 1592 1433 1538 1558 1554 1852 1795 1671 1596 1761 2208 2337 2422 2508 2715 2862 3070 3273 3116 3050 2928 2822 2775 2788 2941 3148 3111 3117 3150 3221 3299 3187 2983 2830 2719 2461 2455 6707 6401 6298 5923 5726 5695 5414 5348 4975 4790 4613 4591 4703 4521 4313 4084 3930 3974 4011 3443 3549 3617 3675 1716 1422 965 865 401 269 0 165 401 588 743 1166 1409 1830 2217 2504 2788 3198 4022 4016 4080 4244 4645 5143 5301 5554 5820 6128 6568 6703 6950 6858 6784 6512 6439 6419 
1726 1389 1269 1476 1364 1488 1522 1555 1867 1831 1736 1697 1860 2297 2430 2533 2627 2833 2987 3203 3411 3264 3201 3085 2984 2939 2953 3106 3307 3267 3270 3298 3364 3437 3321 3118 2976 2862 2599 2584 6871 6565 6463 6086 5888 5854 5574 5509 5137 4952 4774 4750 4861 4678 4472 4244 4090 4137 4176 3608 3713 3779 3835 1702 1410 939 873 408 370 165 0 307 528 797 1295 1549 1980 2371 2660 2953 3363 4187 4181 4244 4405 4806 5305 5462 5714 5979 6286 6726 6861 7110 7019 6946 6675 6603 6583 
1510 1183 1009 1190 1057 1184 1225 1286 1610 1600 1551 1579 1737 2147 2286 2424 2539 2739 2912 3148 3373 3264 3214 3128 3063 3047 3086 3259 3502 3479 3492 3535 3612 3694 3585 3380 3218 3110 2857 2856 7022 6714 6613 6255 6066 6047 5767 5693 5318 5128 4956 4944 5063 4885 4670 4437 4284 4308 4332 3736 3811 3858 3888 1984 1696 1222 1174 714 661 401 307 0 231 632 1260 1541 1997 2403 2701 3086 3499 4319 4299 4333 4472 4877 5373 5526 5769 6026 6329 6763 6901 7163 7082 7023 6756 6698 6683 
1456 1149 913 1044 844 959 995 1059 1387 1389 1368 1442 1594 1980 2122 2283 2411 2606 2790 3039 3275 3192 3153 3089 3052 3059 3117 3306 3583 3574 3597 3654 3741 3833 3731 3525 3344 3241 2999 3012 7057 6749 6649 6307 6126 6120 5841 5759 5382 5188 5022 5020 5146 4974 4751 4514 4362 4365 4378 3760 3811 3843 3854 2215 1927 1452 1401 937 858 588 528 231 0 500 1193 1484 1951 2363 2664 3117 3531 4344 4314 4324 4446 4852 5346 5494 5731 5982 6281 6710 6850 7121 7048 7000 6735 6689 6677 
1894 1611 1326 1373 994 1008 974 862 1129 1053 939 950 1106 1517 1655 1794 1915 2112 2292 2539 2774 2698 2663 2614 2602 2634 2718 2927 3259 3278 3320 3407 3517 3630 3549 3341 3115 3027 2817 2867 6647 6339 6241 5922 5754 5769 5492 5398 5019 4819 4663 4678 4816 4654 4417 4176 4027 3996 3990 3347 3368 3385 3379 2458 2163 1708 1601 1144 971 743 797 632 500 0 712 1007 1476 1890 2192 2718 3129 3929 3886 3871 3977 4383 4875 5019 5251 5498 5794 6221 6361 6638 6569 6529 6267 6231 6222 
2605 2323 2036 2060 1622 1573 1493 1235 1343 1151 846 541 689 1159 1262 1282 1348 1557 1697 1907 2120 2005 1961 1902 1897 1948 2056 2286 2678 2732 2799 2923 3061 3200 3149 2945 2664 2600 2443 2543 5962 5654 5557 5257 5101 5137 4863 4757 4378 4173 4027 4061 4210 4061 3812 3567 3422 3354 3330 2666 2665 2675 2667 2706 2423 2032 1870 1498 1269 1166 1295 1260 1193 712 0 294 764 1178 1479 2056 2460 3245 3191 3162 3264 3671 4162 4307 4540 4789 5088 5517 5657 5929 5858 5817 5555 5520 5512 
2900 2617 2330 2349 1900 1838 1749 1466 1525 1310 974 583 683 1117 1192 1137 1163 1373 1483 1667 1864 1724 1673 1608 1606 1670 1793 2034 2456 2529 2607 2750 2901 3051 3015 2815 2511 2459 2332 2455 5680 5372 5276 4985 4835 4881 4609 4498 4118 3911 3771 3814 3969 3827 3572 3326 3184 3096 3063 2389 2375 2381 2373 2852 2578 2218 2042 1709 1476 1409 1549 1541 1484 1007 294 0 469 883 1185 1793 2191 2965 2906 2869 2970 3376 3868 4013 4247 4497 4797 5228 5366 5636 5565 5522 5260 5226 5218 
3369 3087 2799 2811 2351 2275 2177 1870 1873 1641 1293 877 898 1203 1224 1042 983 1172 1211 1328 1482 1286 1221 1138 1149 1244 1401 1663 2142 2250 2351 2524 2696 2864 2856 2667 2328 2301 2230 2388 5234 4926 4831 4559 4421 4484 4217 4095 3717 3507 3378 3438 3602 3474 3210 2964 2828 2703 2651 1959 1918 1914 1903 3132 2874 2559 2370 2090 1857 1830 1980 1997 1951 1476 764 469 0 413 715 1401 1780 2526 2457 2403 2500 2906 3398 3543 3779 4032 4333 4766 4904 5170 5096 5052 4790 4757 4751 
3783 3501 3212 3221 2754 2669 2566 2247 2217 1979 1636 1231 1213 1411 1390 1128 997 1137 1091 1111 1200 928 840 726 758 905 1107 1385 1918 2062 2183 2384 2572 2755 2773 2599 2235 2233 2219 2404 4844 4538 4444 4191 4065 4147 3885 3753 3378 3166 3049 3128 3301 3188 2916 2672 2545 2379 2305 1600 1521 1504 1490 3413 3169 2889 2693 2451 2221 2217 2371 2403 2363 1890 1178 883 413 0 301 1107 1448 2151 2068 1995 2086 2493 2984 3130 3368 3623 3925 4361 4498 4760 4684 4639 4376 4345 4339 
4084 3802 3514 3520 3049 2959 2853 2529 2481 2242 1903 1508 1473 1613 1570 1273 1108 1203 1096 1031 1050 706 590 426 498 710 951 1233 1798 1969 2105 2325 2522 2713 2752 2592 2216 2233 2260 2460 4563 4258 4166 3929 3814 3911 3654 3514 3143 2929 2824 2918 3098 2999 2722 2482 2364 2163 2070 1357 1239 1208 1189 3633 3400 3143 2943 2723 2496 2504 2660 2701 2664 2192 1479 1185 715 301 0 951 1237 1888 1793 1698 1785 2191 2683 2829 3068 3325 3629 4066 4203 4461 4384 4337 4075 4044 4039 
4574 4260 4023 4092 3677 3629 3543 3255 3275 3043 2695 2279 2291 2519 2494 2214 2057 2153 2031 1911 1839 1417 1264 938 563 266 0 282 853 1044 1194 1433 1639 1839 1909 1781 1398 1455 1581 1806 3939 3631 3531 3204 3044 3088 2819 2704 2325 2118 1980 2036 2203 2083 1813 1568 1438 1304 1274 655 851 1023 1251 3467 3291 3160 2954 2881 2687 2788 2953 3086 3117 2718 2056 1793 1401 1107 951 0 413 1234 1235 1383 1643 2001 2485 2661 2941 3233 3551 4002 4123 4309 4183 4066 3788 3681 3653 
4987 4674 4436 4503 4083 4030 3941 3646 3650 3416 3068 2655 2655 2846 2807 2509 2336 2404 2252 2083 1959 1536 1389 1084 757 542 413 323 771 1009 1174 1428 1636 1836 1943 1853 1488 1578 1767 1996 3525 3218 3117 2796 2644 2704 2439 2314 1937 1727 1602 1682 1861 1764 1485 1248 1137 931 872 262 588 821 1115 3803 3642 3538 3333 3281 3090 3198 3363 3499 3531 3129 2460 2191 1780 1448 1237 413 0 824 845 1065 1370 1688 2154 2334 2621 2918 3236 3685 3800 3965 3828 3695 3415 3294 3262 
5801 5490 5245 5300 4865 4799 4703 4394 4367 4128 3786 3382 3360 3481 3419 3098 2905 2925 2730 2493 2293 1919 1805 1587 1394 1296 1234 1109 1249 1472 1619 1847 2028 2207 2360 2335 2031 2151 2402 2622 2718 2410 2312 2041 1931 2061 1825 1660 1311 1099 1058 1232 1434 1433 1171 1020 1012 612 385 584 686 861 1152 4567 4424 4345 4141 4103 3915 4022 4187 4319 4344 3929 3245 2965 2526 2151 1888 1234 824 0 204 638 984 1127 1502 1685 1976 2277 2585 3023 3125 3244 3085 2923 2642 2495 2457 
