7
276
33 0 1 2 3 4 5 6 7 8 9 10 11 12 13 14 15 16 17 18 19 20 21 22 23 24 25 26 27 28 29 30 31 32
70 33 34 35 36 37 38 39 40 41 42 43 44 45 46 47 48 49 50 51 52 53 54 55 56 57 58 59 60 61 62 63 13 14 15 16 17 18 64 65 19 66 67 68 69 70 71 72 73 74 75 76 77 78 79 80 81 82 26 27 83 28 29 30 84 85 86 87 88 89 90
70 91 92 93 94 95 96 97 98 99 100 101 102 103 104 105 106 107 108 109 110 111 112 113 114 115 48 49 50 51 52 53 116 117 118 119 60 61 62 63 13 120 121 122 15 16 17 18 19 20 21 123 124 125 126 127 128 129 130 131 132 133 134 135 136 137 138 139 140 141 142
71 90 143 144 145 146 147 148 149 150 151 152 153 154 155 80 81 156 157 158 159 160 161 162 163 164 165 67 68 69 166 167 168 169 170 171 172 173 174 175 176 177 178 179 180 181 182 183 184 185 186 187 188 189 190 191 192 193 194 195 196 197 198 199 200 201 202 203 204 205 206 33
40 207 208 21 22 70 209 210 211 212 213 214 215 216 217 218 219 220 221 222 223 224 225 226 52 53 54 227 228 229 230 231 232 233 234 235 236 237 4 5 238
29 55 239 240 241 242 243 244 193 194 195 196 197 198 245 246 247 248 249 250 251 252 253 254 255 256 61 62 63 257
29 12 176 177 178 258 259 260 261 262 263 264 265 266 267 268 269 42 43 44 45 46 47 270 271 272 273 274 275 55
1800 2700 1800 2700 1200 1200 1200 
0 201 411 624 596 834 920 793 782 1443 1464 1499 1780 2312 2615 3011 3233 3651 3940 4182 4542 4696 4870 5190 5560 5836 5981 6208 6360 6528 6682 6661 6238 5594 5527 5736 5450 5261 4983 4901 4619 4376 4354 4275 4168 4062 3843 3666 3471 3386 3209 3088 2763 2388 2090 1764 1710 1787 1856 1940 1996 2038 2077 2147 4100 3943 4384 4420 4336 4450 4602 4658 4918 5089 5494 5615 5837 6028 6248 6328 6432 6730 6141 6082 6945 7189 7368 7702 8002 8360 8660 5951 5948 6219 6305 6432 6648 6314 5887 5723 5566 5457 5241 5075 4695 4575 4551 4338 4239 4262 3945 3761 3680 3308 3108 3503 2296 2170 2102 2056 2400 2534 2725 4949 5226 5479 5956 6122 6166 6464 6701 7056 6623 6439 6329 6282 6563 6848 6877 7190 7280 7801 7456 8333 8022 7716 7393 7198 6934 6697 6518 6348 6078 6213 5996 6150 6320 6251 6041 5819 5605 5385 5082 4907 4624 4600 4363 4167 4065 3946 3827 3623 3218 2943 2542 2355 2118 2068 2033 1945 1727 1574 1507 1487 1698 1842 2052 2395 2818 3099 3233 3342 3463 3676 3891 4067 4204 4277 4360 4410 4598 4903 4984 5251 5447 5739 5523 5151 4812 4631 4590 4397 4535 4338 4012 3623 3700 4056 4075 3856 3739 3876 3795 3715 3663 3242 3089 1825 1592 1052 813 649 397 187 13 194 331 530 890 1823 1986 2386 2633 2937 3278 4377 4478 4323 3952 3633 3288 3119 2919 2763 2442 2229 2057 1786 2050 2254 2529 2829 2920 3162 3313 3585 3972 4350 4459 4366 3260 2876 2610 2328 2000 1825 
201 0 210 430 497 780 916 861 853 1512 1499 1482 1733 2223 2508 2878 3097 3539 3843 4095 4465 4616 4780 5090 5451 5717 5859 6077 6224 6389 6539 6516 6094 5402 5331 5537 5250 5061 4782 4703 4423 4179 4155 4075 3966 3860 3641 3465 3269 3185 3009 2889 2564 2189 1891 1566 1518 1609 1687 1781 1857 1922 1977 2068 4023 3874 4289 4321 4229 4349 4496 4546 4812 4979 5385 5507 5733 5929 6144 6216 6313 6617 6021 5947 6806 7048 7224 7556 7858 8215 8517 5814 5801 6060 6144 6268 6478 6142 5716 5549 5389 5278 5058 4894 4517 4391 4362 4146 4048 4076 3762 3580 3505 3123 2917 3307 2099 1981 1927 1898 2295 2420 2610 4865 5142 5399 5883 6047 6083 6377 6620 6978 6563 6390 6286 6248 6532 6815 6834 7151 7240 7762 7409 8189 7877 7570 7249 7057 6795 6553 6378 6213 5941 6082 5875 6030 6209 6147 5941 5714 5498 5275 4972 4802 4512 4494 4270 4082 3981 3877 3736 3510 3081 2816 2440 2264 2033 1968 1917 1809 1576 1409 1325 1294 1499 1642 1853 2196 2619 2900 3032 3141 3261 3475 3689 3866 4002 4076 4161 4213 4402 4704 4783 5051 5247 5539 5327 5084 4745 4517 4471 4268 4395 4194 3864 3470 3542 3888 3903 3678 3557 3690 3605 3520 3464 3043 2890 1626 1391 853 612 448 195 13 215 344 372 394 887 1622 1788 2188 2434 2736 3077 4182 4285 4135 3767 3448 3107 2943 2752 2599 2285 2079 1915 1744 1908 2103 2370 2664 2753 2985 3131 3402 3787 4161 4267 4170 3059 2676 2411 2129 1802 1624 
411 210 0 243 472 780 961 973 969 1611 1565 1496 1711 2150 2410 2750 2963 3433 3752 4016 4395 4543 4696 4995 5345 5601 5739 5946 6088 6248 6394 6370 5948 5203 5126 5328 5041 4852 4574 4496 4219 3975 3948 3865 3756 3650 3431 3255 3059 2974 2800 2682 2357 1982 1684 1359 1321 1429 1521 1627 1728 1820 1892 2006 3954 3815 4201 4227 4128 4253 4394 4438 4711 4873 5279 5403 5631 5832 6043 6106 6196 6505 5903 5812 6666 6906 7078 7408 7711 8069 8372 5674 5651 5895 5977 6097 6302 5964 5539 5368 5205 5092 4868 4705 4333 4200 4166 3945 3849 3883 3572 3393 3325 2932 2717 3102 1894 1787 1752 1744 2201 2316 2504 4788 5063 5324 5815 5977 6003 6294 6542 6904 6508 6347 6250 6221 6508 6789 6797 7118 7206 7730 7368 8043 7731 7422 7103 6915 6655 6409 6238 6078 5805 5952 5755 5912 6100 6045 5845 5612 5393 5168 4865 4700 4405 4393 4182 4004 3906 3816 3652 3403 2948 2694 2348 2188 1965 1883 1815 1681 1433 1249 1141 1097 1293 1434 1646 1988 2411 2693 2822 2931 3051 3265 3479 3656 3792 3867 3953 4009 4199 4497 4575 4842 5039 5331 5123 5024 4686 4407 4356 4141 4256 4050 3717 3317 3383 3718 3728 3495 3370 3499 3409 3318 3258 2836 2683 1419 1181 645 403 238 15 224 425 538 507 336 933 1412 1583 1981 2226 2527 2867 3979 4087 3940 3576 3259 2923 2765 2585 2435 2131 1934 1780 1726 1773 1956 2213 2498 2584 2804 2946 3215 3596 3966 4068 3967 2850 2467 2203 1922 1597 1414 
624 430 243 0 405 696 914 1008 1008 1606 1522 1395 1568 1957 2198 2519 2730 3213 3541 3812 4198 4343 4489 4780 5123 5374 5509 5712 5852 6010 6155 6130 5709 4971 4902 5115 4829 4640 4362 4278 3994 3751 3731 3658 3558 3454 3240 3069 2871 2776 2591 2465 2141 1765 1467 1142 1087 1186 1278 1387 1498 1606 1692 1823 3760 3627 3992 4013 3910 4038 4175 4216 4492 4651 5058 5182 5412 5616 5825 5882 5969 6280 5675 5577 6429 6667 6839 7168 7471 7829 8133 5661 5621 5840 5919 6032 6225 5881 5460 5282 5111 4993 4760 4601 4239 4091 4042 3809 3719 3768 3468 3296 3243 2826 2588 2953 1671 1550 1509 1504 1992 2100 2285 4586 4859 5123 5619 5780 5799 6086 6339 6702 6322 6170 6079 6058 6347 6626 6625 6948 7036 7560 7192 7803 7491 7182 6863 6676 6417 6169 6000 5842 5569 5718 5526 5683 5876 5826 5628 5393 5172 4946 4644 4481 4183 4175 3974 3802 3706 3628 3446 3183 2715 2466 2141 1993 1778 1683 1602 1453 1197 1008 899 864 1076 1223 1431 1774 2196 2477 2618 2733 2862 3079 3287 3460 3594 3660 3738 3785 3973 4279 4364 4631 4826 5117 4899 4834 4498 4184 4130 3909 4020 3812 3477 3076 3141 3474 3485 3253 3130 3260 3174 3090 3039 2620 2466 1204 985 513 286 178 253 443 638 708 610 275 891 1244 1439 1826 2065 2356 2689 3752 3855 3704 3337 3020 2681 2522 2342 2192 1891 1696 1548 1587 1541 1717 1971 2255 2341 2562 2705 2975 3357 3730 3836 3741 2671 2297 2042 1768 1452 1242 
596 497 472 405 0 308 510 625 628 1201 1119 1024 1245 1727 2021 2417 2641 3056 3351 3600 3968 4119 4286 4599 4965 5239 5384 5612 5765 5936 6092 6071 5648 5112 5079 5326 5045 4858 4583 4478 4168 3934 3939 3892 3815 3715 3514 3353 3153 3037 2828 2683 2363 1993 1702 1388 1268 1278 1314 1375 1406 1442 1485 1570 3526 3377 3796 3830 3742 3859 4008 4063 4325 4495 4900 5021 5245 5438 5656 5733 5836 6135 5544 5487 6352 6596 6778 7113 7413 7769 8069 6067 6024 6238 6315 6425 6613 6268 5848 5666 5492 5371 5132 4975 4621 4463 4401 4158 4073 4136 3844 3677 3632 3203 2948 3290 1882 1699 1571 1489 1806 1938 2129 4369 4645 4902 5385 5550 5586 5882 6123 6481 6066 5896 5794 5760 6045 6328 6342 6660 6749 7272 6916 7743 7432 7127 6803 6606 6341 6107 5925 5754 5484 5618 5400 5554 5725 5659 5451 5226 5011 4790 4487 4314 4029 4007 3776 3585 3485 3379 3241 3027 2625 2348 1950 1769 1536 1477 1437 1355 1153 1029 1024 1065 1326 1482 1674 2008 2423 2699 2867 2996 3142 3364 3559 3722 3851 3894 3950 3968 4147 4479 4585 4849 5043 5325 5073 4586 4248 4036 3994 3801 3943 3749 3426 3042 3126 3498 3525 3323 3221 3371 3311 3263 3243 2835 2684 1455 1285 902 689 574 467 501 604 557 367 141 486 1578 1796 2166 2394 2670 2990 3926 4001 3827 3444 3122 2767 2581 2361 2201 1870 1649 1471 1258 1464 1676 1961 2269 2364 2630 2795 3069 3465 3855 3985 3918 2971 2613 2371 2109 1807 1571 
834 780 780 696 308 0 241 491 503 948 832 716 954 1485 1807 2249 2479 2844 3117 3351 3709 3863 4040 4366 4745 5032 5183 5426 5588 5766 5929 5910 5487 5102 5098 5373 5097 4912 4641 4520 4190 3963 3989 3966 3909 3815 3625 3475 3274 3141 2913 2754 2442 2085 1807 1513 1351 1293 1285 1306 1273 1252 1263 1315 3266 3109 3557 3598 3519 3629 3786 3848 4100 4276 4680 4799 5018 5204 5427 5516 5628 5919 5339 5308 6180 6427 6614 6954 7250 7605 7902 6341 6289 6486 6561 6666 6844 6495 6078 5891 5711 5586 5339 5187 4843 4671 4596 4341 4262 4341 4061 3900 3868 3422 3149 3464 1963 1737 1549 1411 1592 1737 1929 4116 4394 4646 5121 5288 5334 5633 5868 6222 5791 5613 5507 5468 5751 6035 6055 6371 6461 6982 6631 7579 7270 6968 6640 6436 6168 5944 5754 5575 5307 5431 5198 5349 5507 5431 5217 5000 4789 4572 4269 4090 3814 3782 3536 3335 3233 3112 2999 2817 2463 2169 1728 1529 1289 1255 1248 1220 1073 1012 1085 1177 1457 1614 1787 2105 2504 2773 2962 3102 3262 3485 3668 3821 3944 3968 4004 3997 4168 4519 4644 4903 5095 5370 5090 4317 3978 3824 3790 3616 3778 3594 3283 2915 3011 3407 3446 3269 3184 3347 3309 3290 3296 2902 2755 1581 1456 1160 969 871 775 782 838 733 526 448 228 1767 2003 2352 2567 2825 3130 3949 4000 3809 3417 3094 2731 2529 2282 2117 1772 1540 1346 963 1340 1571 1869 2188 2289 2583 2762 3036 3439 3838 3986 3943 3111 2770 2545 2297 2012 1757 
920 916 961 914 510 241 0 326 342 707 609 578 884 1487 1839 2322 2554 2868 3112 3327 3668 3825 4018 4358 4751 5052 5208 5466 5636 5821 5990 5974 5551 5273 5284 5571 5298 5115 4845 4717 4379 4156 4191 4177 4128 4035 3850 3703 3502 3364 3131 2967 2659 2307 2034 1746 1576 1495 1467 1466 1392 1323 1299 1303 3226 3057 3544 3593 3527 3628 3792 3863 4103 4285 4686 4802 5016 5194 5422 5524 5646 5928 5361 5356 6232 6482 6675 7017 7311 7663 7957 6572 6524 6725 6800 6906 7085 6736 6320 6133 5953 5828 5580 5428 5084 4913 4836 4580 4503 4582 4302 4142 4108 3663 3390 3703 2182 1942 1730 1564 1626 1784 1973 4083 4362 4607 5070 5239 5298 5602 5828 6176 5721 5528 5414 5363 5643 5929 5962 6272 6363 6883 6542 7637 7330 7031 6701 6491 6221 6005 5809 5623 5358 5472 5222 5371 5513 5428 5207 4998 4792 4580 4278 4093 3828 3787 3521 3308 3204 3061 2985 2842 2539 2233 1752 1534 1291 1291 1318 1339 1234 1206 1307 1409 1691 1848 2016 2328 2721 2987 3183 3325 3490 3713 3892 4041 4163 4180 4208 4190 4357 4716 4849 5106 5296 5568 5275 4259 3920 3843 3817 3663 3844 3670 3369 3015 3121 3533 3580 3419 3344 3514 3489 3483 3501 3114 2967 1814 1696 1394 1195 1084 953 915 921 777 589 648 30 2008 2244 2592 2807 3061 3363 4138 4178 3978 3582 3261 2895 2684 2422 2256 1906 1669 1469 884 1463 1702 2005 2328 2431 2741 2927 3199 3605 4008 4166 4134 3344 3006 2784 2537 2254 1998 
793 861 973 1008 625 491 326 0 17 653 682 813 1158 1791 2153 2646 2878 3174 3404 3606 3934 4094 4296 4645 5046 5355 5513 5778 5950 6138 6309 6293 5870 5587 5588 5864 5589 5404 5132 5011 4681 4454 4481 4455 4395 4299 4105 3951 3750 3623 3400 3243 2929 2569 2287 1984 1835 1784 1772 1782 1718 1648 1616 1602 3494 3316 3830 3884 3825 3920 4088 4164 4397 4583 4982 5096 5306 5479 5710 5819 5947 6224 5663 5670 6547 6798 6993 7336 7628 7980 8273 6647 6618 6847 6926 7040 7232 6888 6467 6288 6115 5995 5757 5600 5243 5087 5026 4782 4698 4761 4468 4299 4251 3827 3573 3911 2449 2228 2036 1883 1942 2102 2290 4354 4632 4872 5325 5495 5565 5872 6091 6434 5957 5749 5627 5564 5838 6126 6174 6478 6571 7086 6758 7954 7647 7349 7019 6807 6536 6324 6125 5937 5673 5783 5527 5674 5808 5717 5491 5288 5086 4877 4576 4388 4129 4083 3806 3586 3480 3321 3272 3150 2863 2555 2063 1839 1596 1609 1643 1665 1550 1502 1573 1651 1925 2083 2264 2588 2991 3262 3447 3583 3739 3962 4149 4305 4430 4458 4496 4488 4659 5011 5135 5395 5587 5862 5580 4509 4171 4146 4124 3978 4164 3993 3694 3342 3448 3859 3905 3740 3662 3829 3797 3781 3788 3392 3244 2052 1902 1519 1293 1153 962 854 789 611 488 734 311 2201 2421 2789 3015 3284 3598 4439 4487 4292 3898 3576 3211 3003 2746 2580 2231 1994 1795 1150 1789 2027 2329 2651 2754 3059 3243 3516 3920 4322 4474 4434 3579 3228 2992 2732 2432 2194 
782 853 969 1008 628 503 342 17 0 662 696 831 1175 1809 2170 2663 2895 3192 3422 3624 3951 4111 4314 4663 5063 5373 5531 5795 5968 6155 6326 6310 5888 5600 5600 5876 5600 5415 5143 5023 4693 4466 4492 4466 4404 4308 4114 3959 3758 3632 3409 3253 2939 2578 2295 1992 1845 1796 1785 1796 1734 1665 1634 1620 3512 3334 3848 3902 3842 3938 4106 4182 4415 4601 5000 5113 5323 5496 5728 5837 5965 6242 5681 5688 6565 6815 7010 7353 7646 7997 8290 6643 6616 6846 6926 7040 7233 6889 6468 6289 6117 5997 5759 5602 5245 5090 5030 4786 4702 4764 4471 4301 4252 3829 3577 3917 2459 2239 2049 1898 1959 2120 2308 4372 4650 4890 5342 5512 5582 5889 6108 6451 5974 5766 5643 5580 5854 6142 6190 6494 6587 7102 6774 7971 7665 7367 7036 6825 6554 6341 6143 5954 5691 5801 5544 5692 5826 5734 5509 5306 5104 4895 4594 4406 4147 4100 3824 3603 3497 3339 3290 3168 2880 2572 2081 1857 1614 1626 1660 1680 1564 1514 1583 1659 1933 2090 2272 2597 3001 3272 3456 3592 3747 3970 4157 4314 4439 4468 4507 4500 4671 5022 5146 5406 5598 5873 5592 4526 4188 4164 4142 3996 4182 4010 3711 3358 3464 3874 3920 3755 3676 3843 3810 3793 3799 3403 3254 2059 1907 1520 1293 1152 958 847 778 599 481 735 326 2205 2424 2794 3020 3290 3605 4451 4500 4306 3911 3590 3225 3017 2761 2595 2246 2009 1810 1168 1804 2042 2344 2666 2769 3073 3256 3530 3934 4335 4487 4447 3586 3234 2997 2737 2436 2198 
1443 1512 1611 1606 1201 948 707 653 662 0 260 640 975 1639 2032 2590 2820 2977 3133 3283 3565 3729 3961 4337 4764 5103 5273 5571 5762 5965 6151 6140 5723 5754 5808 6131 5867 5687 5424 5276 4916 4706 4767 4780 4753 4665 4492 4355 4155 4004 3756 3581 3286 2951 2694 2423 2233 2106 2039 1991 1834 1664 1561 1446 3139 2939 3527 3600 3569 3642 3823 3919 4119 4317 4702 4808 5002 5153 5395 5534 5685 5937 5411 5483 6364 6619 6826 7175 7458 7802 8086 7267 7226 7433 7508 7614 7792 7443 7027 6839 6658 6532 6282 6131 5790 5615 5533 5272 5198 5284 5008 4848 4816 4369 4091 4392 2820 2551 2289 2068 1846 2020 2188 3994 4269 4491 4911 5084 5182 5496 5694 6022 5497 5262 5126 5042 5306 5597 5668 5961 6055 6564 6257 7777 7476 7188 6853 6628 6353 6166 5952 5747 5493 5577 5284 5424 5520 5405 5166 4986 4798 4604 4310 4111 3885 3814 3500 3257 3149 2946 2982 2958 2805 2482 1932 1687 1470 1556 1661 1785 1775 1813 1962 2087 2372 2526 2680 2976 3350 3604 3817 3967 4142 4366 4532 4671 4786 4783 4788 4740 4894 5274 5429 5679 5865 6124 5796 4090 3759 3911 3909 3816 4044 3902 3638 3333 3461 3906 3974 3860 3815 4001 4007 4040 4089 3722 3582 2490 2393 2099 1891 1768 1600 1506 1438 1255 1141 1333 725 2709 2949 3290 3498 3741 4031 4679 4687 4465 4062 3748 3381 3152 2860 2696 2349 2115 1914 945 1909 2150 2449 2768 2874 3215 3416 3680 4085 4495 4677 4679 4012 3688 3476 3236 2958 2698 
1464 1499 1565 1522 1119 832 609 682 696 260 0 383 715 1381 1773 2330 2560 2728 2897 3060 3355 3518 3742 4112 4533 4867 5035 5327 5516 5717 5901 5890 5472 5500 5560 5890 5628 5450 5188 5036 4671 4465 4531 4552 4533 4448 4281 4149 3950 3792 3539 3360 3071 2745 2497 2241 2039 1891 1812 1754 1584 1407 1300 1187 2924 2730 3299 3368 3331 3408 3588 3680 3887 4082 4471 4578 4776 4934 5173 5305 5451 5709 5175 5236 6118 6372 6578 6926 7211 7555 7841 7173 7118 7305 7378 7478 7647 7295 6882 6690 6504 6375 6119 5972 5640 5455 5363 5095 5025 5121 4855 4701 4680 4220 3930 4213 2612 2332 2057 1826 1586 1760 1929 3782 4059 4286 4718 4890 4979 5291 5496 5830 5324 5102 4972 4900 5171 5460 5517 5817 5910 6423 6104 7530 7229 6939 6604 6381 6106 5916 5704 5501 5245 5333 5046 5188 5292 5182 4946 4760 4569 4371 4075 3878 3645 3580 3273 3035 2927 2736 2750 2708 2545 2222 1673 1429 1210 1295 1403 1536 1544 1601 1769 1908 2193 2344 2487 2771 3135 3384 3603 3757 3937 4160 4319 4454 4566 4555 4553 4498 4649 5034 5193 5442 5626 5883 5548 3899 3564 3670 3665 3565 3789 3644 3379 3072 3201 3646 3715 3604 3562 3750 3761 3801 3857 3498 3360 2306 2231 1990 1800 1693 1557 1495 1461 1289 1140 1258 634 2552 2800 3124 3324 3555 3836 4436 4438 4213 3810 3497 3131 2900 2605 2442 2097 1864 1664 686 1660 1899 2196 2514 2620 2963 3167 3429 3833 4244 4429 4436 3817 3504 3302 3072 2808 2539 
1499 1482 1496 1395 1024 716 578 813 831 640 383 0 363 1032 1418 1962 2193 2404 2606 2797 3120 3280 3486 3841 4249 4568 4731 5011 5192 5388 5567 5554 5134 5117 5179 5514 5253 5076 4817 4661 4292 4088 4160 4189 4178 4095 3935 3811 3613 3448 3188 3005 2724 2410 2177 1943 1726 1552 1456 1385 1203 1023 924 837 2681 2503 3025 3084 3033 3122 3294 3378 3600 3790 4185 4297 4503 4672 4905 5022 5158 5427 4877 4912 5793 6046 6247 6594 6882 7229 7518 6975 6902 7063 7131 7224 7381 7025 6618 6419 6228 6094 5832 5689 5370 5172 5067 4790 4726 4837 4583 4438 4431 3956 3650 3908 2276 1984 1693 1451 1221 1394 1569 3541 3820 4059 4512 4681 4751 5058 5277 5621 5151 4952 4836 4785 5064 5350 5384 5694 5785 6304 5965 7204 6900 6607 6274 6055 5781 5582 5375 5178 4919 5016 4744 4889 5010 4913 4684 4486 4287 4082 3783 3591 3343 3288 3001 2776 2669 2507 2469 2382 2178 1857 1320 1080 849 918 1020 1156 1184 1268 1463 1621 1901 2046 2172 2439 2788 3030 3256 3414 3599 3822 3972 4102 4211 4192 4183 4122 4270 4658 4822 5068 5252 5506 5167 3697 3358 3363 3350 3230 3441 3288 3014 2698 2824 3266 3334 3221 3179 3367 3381 3426 3491 3140 3005 2006 1965 1809 1651 1573 1491 1482 1499 1354 1168 1163 608 2288 2544 2844 3029 3244 3511 4058 4056 3830 3426 3115 2749 2517 2222 2058 1714 1481 1282 346 1279 1517 1813 2130 2236 2581 2785 3046 3450 3861 4047 4059 3492 3195 3009 2794 2551 2272 
1780 1733 1711 1568 1245 954 884 1158 1175 975 715 363 0 670 1060 1615 1845 2040 2248 2449 2784 2942 3139 3487 3891 4207 4369 4647 4829 5024 5204 5191 4771 4826 4911 5266 5013 4839 4586 4417 4036 3843 3932 3983 3993 3917 3773 3663 3469 3290 3019 2827 2567 2284 2082 1891 1656 1435 1305 1196 963 732 597 475 2343 2173 2672 2728 2673 2764 2935 3016 3242 3430 3827 3940 4148 4320 4552 4664 4797 5069 4516 4548 5429 5682 5884 6231 6518 6865 7154 7012 6919 7047 7109 7193 7332 6973 6574 6368 6169 6031 5759 5623 5324 5108 4984 4696 4642 4771 4537 4404 4416 3924 3599 3819 2147 1834 1510 1239 871 1045 1214 3201 3479 3723 4186 4354 4414 4719 4944 5292 4843 4659 4553 4515 4800 5083 5101 5417 5507 6028 5677 6840 6536 6244 5910 5691 5417 5219 5012 4814 4555 4653 4382 4527 4653 4559 4333 4131 3930 3723 3423 3233 2981 2929 2648 2429 2323 2177 2114 2018 1830 1507 961 719 495 593 730 925 1034 1179 1415 1597 1860 1991 2085 2316 2630 2854 3095 3259 3454 3673 3807 3923 4024 3986 3958 3875 4014 4414 4592 4832 5011 5256 4896 3376 3037 3001 2986 2866 3081 2932 2664 2360 2491 2941 3016 2922 2895 3089 3122 3192 3280 2954 2827 1948 1959 1912 1792 1744 1708 1735 1783 1655 1457 1375 913 2278 2540 2800 2964 3149 3391 3806 3785 3549 3145 2841 2479 2240 1935 1776 1443 1224 1038 41 1036 1259 1539 1846 1951 2307 2516 2769 3169 3580 3778 3810 3372 3105 2944 2754 2545 2259 
2312 2223 2150 1957 1727 1485 1487 1791 1809 1639 1381 1032 670 0 393 967 1190 1383 1632 1872 2244 2393 2558 2881 3265 3565 3722 3988 4165 4358 4536 4523 4102 4258 4382 4772 4534 4369 4131 3938 3538 3367 3489 3581 3632 3570 3460 3380 3199 2996 2711 2509 2302 2096 1972 1881 1637 1357 1178 1010 718 441 278 195 1804 1671 2072 2113 2040 2145 2305 2375 2618 2798 3200 3317 3534 3719 3943 4037 4158 4441 3873 3885 4765 5017 5217 5563 5852 6200 6490 7031 6901 6968 7020 7085 7193 6830 6448 6230 6019 5872 5587 5465 5204 4959 4802 4496 4461 4625 4431 4324 4370 3856 3504 3644 1964 1636 1279 985 240 406 552 2642 2918 3176 3665 3827 3859 4154 4396 4755 4365 4222 4140 4137 4431 4704 4683 5012 5098 5623 5244 6174 5870 5576 5243 5026 4753 4551 4346 4151 3890 3994 3736 3884 4027 3947 3732 3516 3307 3093 2791 2608 2341 2301 2051 1858 1758 1672 1515 1359 1176 852 292 48 196 286 444 718 979 1207 1472 1669 1873 1965 1991 2134 2361 2539 2801 2972 3182 3390 3487 3576 3660 3585 3521 3398 3517 3934 4138 4363 4533 4759 4365 2877 2541 2356 2332 2199 2410 2263 2002 1720 1860 2322 2409 2355 2358 2562 2630 2749 2882 2614 2509 1922 2027 2167 2116 2117 2151 2229 2317 2218 2011 1834 1513 2314 2571 2746 2860 2983 3169 3320 3261 3007 2608 2324 1980 1735 1418 1279 1007 856 753 695 756 884 1084 1341 1439 1805 2018 2248 2633 3039 3258 3328 3150 2949 2844 2710 2572 2290 
2615 2508 2410 2198 2021 1807 1839 2153 2170 2032 1773 1418 1060 393 0 581 799 1037 1342 1623 2024 2161 2292 2584 2944 3225 3375 3627 3797 3985 4159 4144 3722 3901 4046 4455 4226 4067 3838 3633 3225 3067 3209 3325 3400 3347 3259 3199 3029 2816 2527 2323 2157 2010 1940 1914 1682 1392 1206 1026 768 592 543 586 1598 1508 1793 1816 1721 1842 1988 2043 2304 2474 2879 3000 3225 3422 3636 3712 3821 4115 3532 3517 4394 4645 4841 5186 5477 5827 6120 7001 6849 6881 6927 6981 7069 6705 6336 6112 5894 5744 5452 5339 5103 4841 4666 4353 4329 4512 4344 4253 4320 3799 3436 3526 1887 1569 1223 959 215 127 160 2395 2665 2933 3440 3596 3603 3888 4144 4510 4170 4059 3996 4018 4316 4579 4532 4867 4949 5474 5077 5801 5496 5199 4868 4654 4383 4173 3973 3784 3520 3632 3390 3542 3704 3639 3434 3206 2990 2769 2466 2294 2009 1986 1775 1616 1525 1505 1253 1010 785 462 101 346 568 552 596 794 1084 1322 1574 1764 1920 1985 1968 2049 2212 2355 2623 2796 3011 3209 3281 3353 3426 3329 3244 3097 3203 3628 3846 4061 4225 4440 4028 2680 2353 2018 1983 1825 2024 1871 1609 1334 1479 1945 2039 2009 2030 2238 2329 2478 2637 2412 2323 1944 2098 2334 2321 2346 2414 2514 2622 2539 2331 2113 1863 2354 2599 2718 2800 2882 3029 3014 2933 2671 2279 2010 1685 1443 1129 1015 827 767 762 1087 768 782 876 1066 1153 1513 1724 1933 2303 2703 2933 3025 3011 2855 2786 2690 2598 2328 
3011 2878 2750 2519 2417 2249 2322 2646 2663 2590 2330 1962 1615 967 581 0 233 780 1196 1533 1959 2065 2120 2336 2631 2859 2991 3199 3348 3520 3679 3660 3237 3333 3498 3926 3709 3557 3342 3123 2705 2568 2734 2883 2991 2953 2898 2868 2719 2494 2209 2011 1918 1871 1889 1961 1765 1494 1326 1168 1021 1000 1042 1152 1595 1587 1624 1604 1463 1614 1715 1728 2025 2163 2566 2694 2932 3151 3343 3376 3452 3770 3158 3070 3935 4180 4365 4704 5001 5356 5654 6847 6665 6646 6683 6721 6783 6419 6068 5837 5613 5458 5158 5059 4860 4579 4379 4059 4052 4260 4132 4065 4160 3639 3267 3281 1772 1500 1223 1060 745 570 421 2259 2507 2786 3314 3455 3414 3674 3952 4329 4083 4029 3997 4059 4359 4604 4512 4855 4930 5449 5026 5330 5020 4718 4391 4190 3924 3694 3508 3337 3066 3204 3008 3166 3372 3340 3163 2911 2684 2452 2156 2014 1697 1720 1616 1541 1479 1579 1182 746 217 122 682 922 1121 1049 1005 1069 1323 1538 1745 1909 1986 2007 1928 1910 1962 2044 2313 2483 2700 2877 2913 2958 3014 2888 2773 2596 2684 3117 3350 3552 3708 3908 3478 2627 2329 1689 1621 1391 1529 1347 1054 753 898 1365 1463 1459 1506 1717 1838 2027 2223 2070 2011 1972 2186 2545 2584 2642 2756 2887 3019 2962 2757 2487 2342 2382 2600 2631 2661 2679 2764 2507 2399 2128 1748 1508 1224 1001 728 691 731 845 970 1646 977 834 709 707 755 1066 1262 1429 1771 2160 2401 2522 2748 2663 2652 2614 2595 2355 
3233 3097 2963 2730 2641 2479 2554 2878 2895 2820 2560 2193 1845 1190 799 233 0 682 1113 1458 1881 1973 1997 2181 2452 2661 2787 2983 3127 3295 3452 3432 3009 3154 3339 3783 3576 3431 3226 2997 2576 2456 2638 2807 2935 2905 2870 2856 2718 2491 2212 2021 1964 1960 2011 2112 1930 1670 1510 1361 1239 1232 1275 1378 1553 1578 1514 1476 1321 1480 1560 1557 1864 1988 2386 2516 2757 2983 3165 3185 3252 3576 2957 2850 3711 3955 4138 4476 4773 5129 5428 6898 6704 6663 6695 6726 6775 6412 6071 5838 5610 5454 5152 5060 4879 4589 4379 4056 4057 4276 4167 4111 4217 3698 3325 3306 1873 1625 1379 1250 974 800 638 2148 2384 2664 3195 3329 3272 3522 3807 4185 3974 3941 3922 3999 4298 4534 4427 4770 4843 5358 4926 5103 4793 4490 4163 3964 3700 3467 3284 3116 2845 2988 2805 2964 3182 3161 2995 2736 2506 2272 1981 1852 1528 1568 1509 1472 1424 1569 1132 650 15 338 901 1144 1350 1282 1236 1288 1532 1738 1933 2087 2142 2150 2053 1998 2002 2053 2318 2484 2699 2865 2881 2910 2956 2812 2679 2482 2555 2991 3236 3427 3576 3764 3319 2542 2261 1514 1436 1182 1302 1116 821 543 698 1168 1276 1311 1385 1594 1739 1956 2172 2062 2020 2117 2346 2732 2784 2848 2970 3105 3242 3188 2983 2708 2574 2522 2728 2728 2738 2729 2785 2389 2259 1981 1616 1406 1164 967 749 764 892 1040 1183 1875 1190 1025 849 757 774 1025 1200 1328 1639 2012 2263 2406 2770 2718 2730 2716 2722 2495 
3651 3539 3433 3213 3056 2844 2868 3174 3192 2977 2728 2404 2040 1383 1037 780 682 0 430 776 1198 1292 1339 1576 1911 2188 2341 2606 2789 2988 3174 3164 2749 3494 3751 4234 4055 3927 3748 3501 3076 2993 3202 3401 3553 3532 3516 3516 3385 3158 2883 2695 2647 2636 2668 2740 2539 2261 2086 1919 1726 1616 1580 1574 888 954 844 826 700 841 963 1006 1279 1440 1846 1969 2199 2406 2611 2677 2783 3079 2495 2508 3390 3644 3849 4198 4482 4827 5114 7580 7384 7334 7365 7391 7431 7069 6735 6500 6271 6114 5810 5723 5552 5259 5043 4719 4725 4949 4846 4793 4900 4381 4008 3984 2543 2279 2001 1819 1252 1118 929 1479 1726 2005 2533 2674 2639 2906 3179 3554 3304 3260 3239 3317 3616 3851 3746 4089 4162 4679 4251 4801 4500 4211 3876 3653 3378 3189 2975 2774 2517 2612 2355 2505 2669 2612 2418 2179 1959 1735 1432 1268 973 964 836 791 751 943 473 34 689 780 1117 1335 1578 1588 1621 1767 2045 2273 2499 2671 2763 2787 2708 2675 2685 2727 2990 3153 3366 3524 3524 3538 3571 3406 3247 3016 3057 3493 3758 3923 4055 4210 3726 1860 1578 980 949 847 1120 1052 949 973 1127 1534 1672 1816 1939 2136 2317 2566 2802 2728 2694 2752 2961 3291 3310 3351 3437 3546 3658 3576 3368 3145 2892 3163 3381 3402 3418 3412 3462 2918 2740 2456 2139 1989 1805 1631 1432 1441 1510 1601 1692 2059 1698 1596 1489 1439 1456 1683 1837 1917 2160 2484 2751 2939 3447 3401 3410 3387 3375 3136 
3940 3843 3752 3541 3351 3117 3112 3404 3422 3133 2897 2606 2248 1632 1342 1196 1113 430 0 345 768 869 953 1249 1642 1970 2141 2456 2662 2880 3082 3080 2681 3771 4060 4560 4396 4276 4111 3857 3434 3369 3587 3798 3960 3943 3935 3939 3812 3584 3311 3124 3078 3062 3085 3142 2933 2650 2471 2298 2082 1934 1866 1809 485 613 451 481 440 516 690 792 993 1185 1578 1691 1903 2088 2311 2415 2554 2820 2278 2388 3262 3519 3738 4090 4361 4695 4971 8011 7815 7762 7791 7815 7852 7490 7160 6924 6694 6536 6232 6147 5980 5686 5467 5143 5151 5377 5277 5223 5331 4812 4439 4414 2966 2695 2405 2204 1550 1445 1268 1073 1333 1608 2129 2276 2264 2546 2806 3176 2889 2834 2809 2887 3185 3421 3319 3662 3736 4253 3830 4670 4378 4102 3765 3528 3251 3097 2866 2644 2406 2462 2152 2291 2404 2316 2100 1885 1682 1476 1178 984 758 682 436 362 338 600 172 463 1120 1178 1403 1587 1828 1874 1939 2117 2403 2637 2874 3053 3161 3194 3123 3100 3115 3156 3418 3580 3793 3947 3941 3948 3976 3803 3634 3390 3416 3849 4121 4274 4397 4534 4034 1433 1147 793 824 893 1224 1239 1246 1362 1506 1869 2014 2193 2331 2521 2714 2973 3216 3155 3124 3157 3356 3657 3658 3688 3755 3849 3946 3850 3643 3449 3138 3570 3793 3826 3847 3843 3891 3289 3094 2810 2518 2391 2226 2059 1862 1868 1918 1987 2057 2260 2063 1986 1904 1868 1887 2109 2257 2321 2537 2837 3107 3313 3877 3832 3838 3810 3788 3543 
4182 4095 4016 3812 3600 3351 3327 3606 3624 3283 3060 2797 2449 1872 1623 1533 1458 776 345 0 426 542 690 1053 1492 1861 2045 2396 2620 2850 3062 3067 2688 4020 4331 4840 4686 4573 4416 4159 3738 3683 3907 4125 4293 4279 4275 4282 4156 3928 3656 3469 3423 3403 3419 3466 3252 2966 2784 2609 2380 2211 2123 2036 235 453 264 382 483 436 631 778 868 1078 1434 1531 1718 1875 2113 2255 2421 2656 2162 2355 3210 3467 3695 4046 4304 4627 4892 8357 8160 8106 8135 8158 8192 7831 7502 7266 7036 6877 6573 6489 6325 6030 5810 5486 5495 5722 5622 5569 5676 5156 4783 4759 3305 3029 2731 2520 1822 1734 1567 773 1047 1311 1819 1973 1988 2282 2526 2889 2564 2495 2466 2541 2840 3076 2979 3321 3396 3916 3496 4603 4320 4057 3722 3475 3199 3077 2835 2600 2383 2402 2052 2177 2240 2122 1888 1702 1522 1344 1071 862 750 613 234 40 138 440 371 808 1465 1507 1672 1830 2064 2132 2215 2412 2700 2936 3180 3363 3483 3521 3457 3441 3461 3502 3762 3924 4137 4290 4280 4284 4308 4130 3954 3703 3720 4150 4427 4571 4687 4813 4303 1094 802 805 887 1072 1410 1473 1537 1692 1831 2169 2315 2513 2658 2844 3042 3307 3553 3499 3469 3483 3675 3954 3944 3964 4018 4101 4187 4081 3876 3705 3355 3897 4124 4165 4189 4188 4237 3602 3396 3113 2836 2723 2568 2404 2208 2211 2248 2305 2360 2456 2367 2305 2239 2212 2232 2453 2598 2654 2855 3140 3410 3626 4222 4177 4181 4148 4119 3870 
4542 4465 4395 4198 3968 3709 3668 3934 3951 3565 3355 3120 2784 2244 2024 1959 1881 1198 768 426 0 165 449 865 1332 1736 1928 2315 2554 2795 3017 3029 2682 4295 4631 5151 5012 4907 4763 4501 4085 4045 4277 4505 4682 4672 4677 4690 4568 4340 4070 3886 3846 3829 3844 3887 3670 3383 3201 3024 2788 2606 2506 2397 442 625 441 558 738 599 732 888 817 1017 1285 1353 1496 1609 1859 2047 2245 2435 2017 2310 3121 3374 3610 3957 4197 4504 4754 8778 8579 8518 8545 8565 8593 8233 7909 7672 7441 7282 6977 6897 6739 6441 6218 5894 5906 6136 6042 5990 6099 5580 5207 5177 3731 3454 3154 2938 2216 2140 1979 430 704 939 1421 1582 1631 1938 2160 2513 2148 2069 2041 2122 2420 2652 2553 2895 2970 3490 3073 4481 4212 3967 3637 3382 3110 3030 2779 2532 2348 2322 1930 2033 2028 1874 1621 1484 1346 1221 1012 817 874 709 427 419 499 619 788 1231 1888 1932 2066 2206 2432 2514 2610 2818 3107 3344 3591 3776 3903 3943 3881 3867 3883 3918 4177 4338 4549 4697 4680 4677 4697 4511 4325 4064 4068 4492 4775 4906 5013 5122 4603 668 384 938 1059 1334 1656 1766 1886 2085 2215 2519 2666 2886 3041 3220 3427 3699 3951 3912 3886 3905 4093 4358 4340 4354 4396 4469 4547 4432 4230 4078 3696 4319 4547 4591 4615 4611 4654 3962 3741 3462 3207 3114 2976 2819 2631 2636 2673 2723 2772 2787 2778 2725 2664 2637 2655 2867 3005 3047 3225 3487 3758 3988 4640 4600 4606 4574 4543 4292 
4696 4616 4543 4343 4119 3863 3825 4094 4111 3729 3518 3280 2942 2393 2161 2065 1973 1292 869 542 165 0 304 716 1182 1591 1783 2176 2418 2659 2883 2897 2560 4268 4617 5141 5011 4912 4776 4511 4099 4069 4306 4542 4726 4720 4733 4752 4636 4408 4142 3961 3933 3929 3954 4006 3793 3508 3327 3151 2921 2747 2652 2550 599 790 476 566 753 595 687 835 711 898 1138 1200 1336 1444 1695 1886 2089 2272 1866 2180 2978 3229 3467 3813 4049 4352 4600 8861 8656 8583 8608 8625 8646 8287 7969 7731 7499 7340 7034 6957 6808 6507 6279 5956 5971 6205 6119 6073 6186 5669 5296 5253 3835 3564 3271 3062 2357 2274 2109 265 540 783 1279 1436 1472 1778 2005 2361 2023 1968 1954 2054 2349 2571 2454 2797 2870 3386 2960 4329 4063 3822 3494 3237 2967 2896 2644 2395 2219 2182 1784 1882 1867 1710 1456 1324 1193 1080 895 713 827 664 472 545 638 783 913 1326 1980 2045 2207 2354 2582 2660 2751 2953 3241 3478 3722 3905 4024 4060 3992 3967 3968 3993 4249 4407 4617 4760 4735 4725 4739 4547 4355 4086 4083 4502 4788 4911 5012 5112 4588 572 360 891 1021 1324 1632 1763 1911 2138 2261 2540 2686 2921 3083 3256 3469 3747 4004 3981 3961 4023 4217 4494 4480 4498 4544 4621 4701 4588 4385 4228 3854 4436 4661 4694 4711 4698 4730 3984 3755 3479 3239 3161 3041 2894 2719 2733 2786 2847 2902 2946 2909 2847 2773 2730 2743 2939 3069 3097 3256 3503 3773 4011 4716 4688 4703 4679 4657 4409 
4870 4780 4696 4489 4286 4040 4018 4296 4314 3961 3742 3486 3139 2558 2292 2120 1997 1339 953 690 449 304 0 416 883 1288 1480 1872 2114 2355 2579 2593 2259 4064 4430 4961 4844 4753 4631 4363 3958 3946 4191 4438 4635 4637 4665 4697 4592 4365 4108 3935 3931 3956 4004 4080 3876 3596 3419 3248 3035 2883 2805 2725 825 1041 502 520 689 522 521 639 435 605 836 904 1058 1192 1436 1606 1799 1999 1567 1876 2675 2927 3164 3510 3748 4054 4305 8839 8623 8528 8549 8558 8567 8210 7902 7662 7429 7269 6963 6893 6761 6455 6219 5896 5918 6160 6091 6055 6178 5665 5293 5223 3870 3615 3341 3152 2497 2397 2221 190 387 667 1198 1334 1311 1597 1853 2223 1981 1988 2009 2146 2431 2628 2473 2816 2881 3385 2942 4032 3763 3520 3191 2935 2664 2592 2339 2091 1916 1878 1482 1584 1588 1448 1205 1044 897 776 601 440 641 502 517 710 817 1031 1044 1373 2006 2117 2348 2516 2752 2814 2888 3070 3356 3590 3825 4002 4102 4127 4044 3994 3962 3966 4215 4367 4573 4704 4664 4641 4647 4444 4240 3961 3943 4353 4643 4753 4845 4930 4400 675 602 700 837 1173 1452 1612 1808 2084 2190 2421 2566 2823 2997 3158 3380 3668 3934 3943 3934 4092 4299 4610 4611 4638 4699 4786 4875 4771 4566 4389 4045 4503 4718 4725 4725 4691 4701 3858 3616 3345 3134 3085 2999 2873 2728 2760 2850 2934 3009 3146 3016 2931 2827 2749 2750 2912 3024 3026 3149 3368 3635 3886 4688 4686 4719 4713 4713 4475 
5190 5090 4995 4780 4599 4366 4358 4645 4663 4337 4112 3841 3487 2881 2584 2336 2181 1576 1249 1053 865 716 416 0 466 874 1067 1464 1709 1952 2177 2194 1877 3883 4276 4815 4720 4643 4544 4272 3882 3896 4151 4415 4629 4641 4691 4741 4651 4428 4185 4023 4052 4113 4189 4292 4101 3829 3658 3493 3302 3175 3114 3056 1221 1443 815 769 876 742 621 643 325 325 421 490 665 838 1064 1204 1386 1603 1151 1481 2262 2513 2751 3096 3332 3638 3890 8914 8682 8557 8572 8571 8562 8209 7917 7676 7441 7280 6974 6914 6807 6494 6247 5927 5958 6211 6165 6142 6278 5773 5404 5298 4038 3805 3555 3391 2795 2680 2496 508 436 634 1121 1214 1101 1340 1629 2007 1910 2003 2069 2250 2514 2676 2471 2807 2861 3340 2880 3615 3347 3106 2778 2521 2251 2190 1936 1686 1525 1470 1068 1167 1188 1072 851 649 482 374 327 337 666 616 840 1081 1189 1433 1373 1608 2193 2352 2650 2837 3077 3122 3180 3341 3620 3849 4073 4242 4320 4331 4232 4150 4078 4053 4290 4434 4633 4747 4685 4645 4638 4421 4202 3908 3868 4262 4556 4644 4722 4782 4245 909 961 698 817 1167 1369 1572 1832 2167 2248 2402 2540 2827 3014 3156 3388 3688 3962 4015 4022 4298 4521 4867 4885 4922 4998 5096 5196 5099 4893 4696 4385 4704 4907 4882 4862 4801 4781 3806 3545 3287 3122 3116 3079 2982 2877 2932 3064 3173 3268 3497 3275 3166 3029 2911 2898 3013 3100 3064 3134 3307 3567 3836 4769 4801 4857 4875 4900 4676 
5560 5451 5345 5123 4965 4745 4751 5046 5063 4764 4533 4249 3891 3265 2944 2631 2452 1911 1642 1492 1332 1182 883 466 0 414 606 1013 1261 1506 1733 1753 1468 3720 4141 4684 4616 4557 4484 4211 3843 3887 4150 4430 4661 4685 4759 4827 4755 4537 4311 4164 4227 4326 4428 4559 4382 4121 3957 3799 3630 3528 3483 3447 1675 1901 1238 1165 1225 1126 959 908 648 472 65 70 313 561 714 773 929 1178 685 1055 1800 2049 2288 2632 2866 3171 3424 9015 8766 8608 8616 8603 8574 8227 7954 7712 7476 7315 7010 6961 6882 6563 6306 5990 6032 6294 6274 6266 6415 5921 5557 5413 4262 4053 3831 3692 3159 3030 2841 960 807 879 1217 1248 1033 1173 1486 1856 1943 2125 2235 2453 2689 2807 2558 2875 2916 3358 2887 3148 2880 2642 2315 2057 1789 1745 1490 1238 1106 1019 604 701 762 709 571 292 62 179 479 657 940 963 1266 1523 1630 1890 1783 1941 2465 2665 3018 3219 3461 3492 3533 3672 3944 4166 4377 4538 4592 4590 4474 4360 4246 4192 4414 4548 4737 4832 4747 4688 4666 4435 4201 3895 3831 4200 4497 4558 4618 4649 4109 1288 1403 942 1017 1320 1418 1650 1961 2341 2393 2459 2585 2897 3095 3212 3451 3759 4038 4139 4163 4560 4796 5176 5210 5258 5349 5458 5566 5478 5271 5056 4776 4956 5146 5087 5046 4958 4905 3795 3517 3278 3168 3209 3224 3160 3098 3173 3344 3477 3589 3903 3596 3466 3299 3144 3116 3182 3240 3166 3177 3294 3541 3827 4895 4963 5043 5085 5138 4929 
5836 5717 5601 5374 5239 5032 5052 5355 5373 5103 4867 4568 4207 3565 3225 2859 2661 2188 1970 1861 1736 1591 1288 874 414 0 192 601 850 1094 1322 1345 1085 3526 3967 4509 4465 4422 4373 4102 3757 3827 4094 4385 4630 4663 4757 4842 4786 4576 4367 4234 4327 4459 4585 4740 4578 4327 4172 4023 3875 3797 3768 3752 2058 2287 1600 1510 1536 1465 1280 1191 995 789 452 417 465 667 665 545 596 916 308 664 1387 1638 1876 2221 2461 2773 3033 9026 8762 8575 8577 8555 8508 8166 7911 7668 7433 7272 6969 6930 6877 6553 6289 5977 6029 6297 6301 6306 6466 5984 5628 5450 4406 4221 4025 3911 3440 3301 3110 1374 1215 1254 1501 1491 1227 1264 1572 1911 2150 2386 2522 2759 2973 3062 2785 3084 3113 3520 3048 2750 2476 2231 1903 1646 1377 1334 1078 826 720 607 193 320 550 642 669 455 421 521 796 1002 1225 1289 1630 1895 2000 2275 2123 2215 2676 2907 3305 3518 3761 3777 3802 3920 4183 4397 4594 4745 4777 4763 4632 4492 4341 4260 4467 4590 4769 4847 4742 4666 4631 4390 4146 3832 3747 4090 4386 4424 4468 4473 3935 1691 1817 1209 1246 1484 1490 1730 2067 2471 2497 2485 2598 2923 3127 3220 3462 3771 4053 4194 4233 4735 4983 5394 5443 5501 5606 5725 5843 5764 5556 5323 5077 5122 5297 5208 5148 5035 4954 3735 3445 3227 3168 3250 3311 3277 3253 3345 3549 3700 3828 4222 3835 3686 3494 3308 3268 3290 3322 3215 3174 3239 3472 3768 4945 5045 5147 5211 5288 5095 
5981 5859 5739 5509 5384 5183 5208 5513 5531 5273 5035 4731 4369 3722 3375 2991 2787 2341 2141 2045 1928 1783 1480 1067 606 192 0 415 664 908 1135 1160 926 3465 3915 4454 4422 4387 4350 4081 3748 3831 4099 4394 4644 4682 4786 4877 4829 4622 4422 4295 4402 4547 4683 4848 4692 4447 4295 4149 4011 3942 3919 3910 2245 2473 1782 1687 1703 1641 1452 1354 1177 968 645 606 614 776 711 506 471 822 180 505 1194 1446 1683 2029 2270 2585 2847 9054 8784 8583 8582 8555 8500 8161 7914 7672 7437 7277 6975 6941 6899 6574 6306 5997 6053 6325 6339 6351 6515 6040 5686 5495 4499 4325 4140 4037 3591 3448 3256 1566 1404 1430 1642 1617 1339 1334 1631 1951 2252 2510 2656 2900 3104 3180 2892 3181 3205 3594 3124 2561 2285 2039 1710 1454 1184 1147 892 640 566 421 24 182 522 682 776 609 610 710 974 1183 1389 1463 1812 2079 2183 2462 2297 2366 2802 3044 3458 3674 3917 3928 3947 4057 4315 4525 4717 4864 4887 4867 4731 4579 4413 4321 4521 4639 4812 4882 4768 4685 4644 4399 4150 3833 3740 4069 4364 4390 4425 4417 3882 1877 2009 1368 1392 1605 1574 1813 2156 2567 2581 2536 2642 2971 3176 3258 3499 3809 4090 4250 4294 4841 5093 5516 5572 5633 5744 5867 5988 5913 5705 5465 5233 5222 5391 5290 5221 5098 5004 3738 3444 3237 3202 3302 3383 3362 3354 3453 3669 3828 3962 4384 3969 3812 3611 3413 3368 3371 3392 3272 3207 3248 3472 3772 4996 5110 5221 5294 5382 5195 
6208 6077 5946 5712 5612 5426 5466 5778 5795 5571 5327 5011 4647 3988 3627 3199 2983 2606 2456 2396 2315 2176 1872 1464 1013 601 415 0 249 493 720 745 553 3244 3709 4241 4233 4214 4202 3938 3634 3742 4010 4312 4573 4620 4743 4850 4818 4621 4441 4329 4464 4640 4799 4986 4845 4614 4472 4335 4220 4176 4169 4180 2607 2836 2131 2026 2015 1976 1781 1663 1533 1322 1046 1019 1021 1151 1027 742 547 884 441 199 813 1070 1300 1650 1909 2239 2516 8998 8715 8486 8479 8442 8370 8038 7809 7567 7333 7174 6876 6852 6836 6509 6234 5933 5997 6274 6311 6336 6511 6051 5707 5483 4604 4455 4299 4221 3840 3689 3497 1969 1816 1844 2031 1990 1701 1646 1920 2202 2592 2876 3033 3284 3477 3535 3234 3508 3525 3884 3420 2215 1925 1661 1327 1079 802 732 477 225 254 6 423 424 769 994 1149 1017 1023 1095 1328 1538 1697 1795 2162 2432 2533 2824 2619 2629 2998 3264 3714 3940 4181 4177 4181 4268 4514 4715 4892 5028 5029 4997 4848 4670 4469 4353 4535 4641 4802 4853 4721 4622 4569 4317 4060 3741 3628 3926 4216 4218 4236 4203 3675 2292 2416 1665 1662 1811 1706 1932 2280 2695 2685 2567 2655 2988 3193 3249 3487 3793 4071 4269 4328 4973 5235 5685 5756 5828 5953 6086 6216 6151 5943 5686 5490 5341 5495 5364 5277 5130 5009 3651 3351 3169 3186 3324 3448 3456 3486 3599 3843 4018 4166 4665 4173 4000 3777 3552 3497 3458 3453 3303 3187 3175 3380 3685 5003 5147 5279 5373 5484 5315 
