3
102
40 0 1 2 3 4 5 6 7 8 9 10 11 12 13 14 15 16 17 18 19 20 21 22 23 24 25 26 27 28 29 30 31 32 33 34 35 36 37 38 39
36 40 41 42 43 44 45 46 47 48 49 50 51 52 53 54 55 24 25 56 57 58 59 60 61 62 63 64 65 66 67 68 69 70 71 72 73
40 74 75 76 77 78 79 80 81 82 48 49 50 51 52 53 54 23 24 25 56 57 83 84 85 86 87 88 89 90 91 92 93 94 95 96 97 98 99 100 101
1200 1200 1200 
0 339 572 675 1189 1375 1512 1843 2127 2283 2461 2706 2824 3083 3229 3475 3643 3811 4027 4310 4569 4553 4533 4504 4495 4513 4574 4759 5013 4986 4993 5024 5088 5154 5031 4832 4701 4586 4317 4288 760 701 321 206 298 686 1088 1164 1456 1894 2605 2900 3369 3783 4084 4437 4574 4987 6138 6495 6877 7534 7998 8121 8394 8577 8623 8513 8205 8175 8566 9151 9380 9652 2858 2642 2245 2327 2009 2084 1876 1726 1510 5832 5801 5768 5764 5869 6275 6765 6906 7132 7372 7663 8083 8225 8513 8452 8419 8159 8125 8116 
339 0 360 602 1047 1250 1381 1683 1993 2122 2260 2469 2597 2892 3038 3265 3423 3600 3808 4082 4335 4296 4269 4225 4200 4208 4260 4440 4683 4652 4658 4687 4749 4815 4692 4493 4363 4248 3978 3949 867 911 637 459 86 400 789 852 1149 1611 2323 2617 3087 3501 3802 4155 4260 4674 5818 6174 6557 7212 7674 7794 8068 8255 8305 8199 7891 7869 8260 8849 9079 9352 2563 2335 1924 1997 1671 1745 1541 1389 1183 5513 5490 5463 5472 5587 5993 6485 6630 6861 7107 7401 7825 7966 8247 8180 8140 7877 7836 7825 
572 360 0 304 687 891 1021 1324 1632 1763 1911 2138 2261 2540 2686 2921 3083 3256 3469 3747 4004 3981 3961 3933 3929 3954 4023 4217 4494 4480 4498 4544 4621 4701 4588 4385 4228 4119 3863 3854 1224 1242 892 558 317 179 545 638 913 1326 2036 2330 2799 3212 3514 3866 4023 4436 5595 5953 6334 6994 7461 7590 7861 8039 8077 7961 7653 7615 8006 8588 8816 9088 2658 2407 1962 1999 1613 1639 1402 1269 1009 5288 5245 5208 5197 5298 5704 6193 6334 6560 6800 7092 7512 7654 7941 7880 7848 7588 7556 7548 
675 602 304 0 521 700 837 1173 1452 1612 1808 2084 2190 2421 2566 2823 2997 3158 3380 3668 3934 3943 3934 3931 3956 4004 4092 4299 4610 4611 4638 4699 4786 4875 4771 4566 4389 4286 4040 4045 1413 1376 962 562 530 457 710 817 1044 1373 2060 2349 2811 3221 3520 3870 4092 4503 5674 6032 6411 7074 7546 7683 7950 8119 8144 8018 7710 7654 8045 8616 8844 9113 2945 2687 2234 2256 1847 1845 1592 1476 1190 5364 5300 5251 5215 5296 5701 6185 6320 6537 6768 7054 7467 7610 7908 7856 7837 7581 7563 7559 
1189 1047 687 521 0 206 333 654 947 1094 1289 1582 1680 1900 2044 2303 2479 2638 2861 3152 3419 3441 3439 3452 3500 3570 3677 3900 4250 4272 4314 4398 4502 4608 4519 4312 4101 4008 3786 3817 1902 1889 1484 1083 995 726 671 763 844 994 1622 1900 2351 2754 3049 3396 3677 4083 5263 5621 5996 6661 7138 7284 7547 7705 7716 7580 7272 7199 7590 8152 8379 8645 3002 2723 2250 2224 1770 1702 1433 1364 1057 4951 4865 4805 4747 4814 5217 5697 5828 6039 6267 6549 6959 7102 7404 7357 7346 7093 7084 7083 
1375 1250 891 700 206 0 136 483 752 915 1142 1468 1551 1735 1878 2149 2331 2482 2710 3005 3276 3319 3324 3354 3423 3508 3629 3860 4234 4268 4317 4412 4525 4638 4557 4349 4123 4036 3824 3868 2100 2077 1660 1255 1195 933 845 928 959 1008 1573 1838 2275 2669 2959 3302 3629 4030 5213 5571 5942 6607 7087 7239 7499 7650 7651 7509 7202 7116 7506 8060 8286 8551 3155 2872 2397 2358 1896 1807 1538 1488 1184 4901 4799 4732 4657 4710 5111 5586 5713 5919 6140 6419 6825 6968 7276 7234 7230 6981 6980 6981 
1512 1381 1021 837 333 136 0 352 616 780 1015 1354 1431 1602 1743 2018 2202 2350 2579 2876 3148 3198 3206 3244 3322 3415 3543 3779 4165 4206 4260 4361 4479 4597 4520 4313 4077 3994 3790 3841 2234 2213 1796 1391 1328 1052 928 1002 995 974 1493 1749 2177 2566 2853 3193 3543 3941 5125 5482 5851 6516 6997 7152 7411 7558 7555 7409 7102 7010 7401 7951 8177 8440 3207 2920 2445 2396 1930 1825 1558 1522 1225 4812 4703 4632 4549 4596 4996 5468 5594 5797 6017 6294 6698 6842 7152 7112 7111 6863 6865 6868 
1843 1683 1324 1173 654 483 352 0 337 440 665 1022 1086 1252 1394 1666 1850 1998 2227 2524 2796 2851 2863 2912 3006 3114 3255 3500 3911 3967 4031 4147 4276 4405 4340 4133 3876 3801 3616 3686 2547 2543 2136 1734 1639 1324 1111 1159 1059 862 1235 1466 1870 2247 2529 2864 3255 3646 4829 5185 5551 6215 6698 6859 7114 7254 7243 7091 6785 6684 7073 7618 7843 8105 3257 2965 2494 2417 1948 1807 1554 1555 1286 4518 4394 4316 4219 4257 4656 5126 5249 5450 5668 5944 6347 6491 6802 6764 6766 6519 6525 6530 
2127 1993 1632 1452 947 752 616 337 0 240 582 995 1008 1045 1177 1481 1678 1801 2038 2344 2622 2724 2753 2838 2972 3110 3275 3532 3979 4054 4130 4263 4404 4544 4490 4285 4008 3943 3778 3865 2850 2828 2407 2000 1942 1647 1449 1497 1387 1129 1343 1525 1873 2217 2481 2800 3275 3650 4828 5180 5537 6199 6684 6855 7103 7230 7202 7039 6735 6610 6998 7527 7750 8007 3565 3272 2805 2717 2252 2096 1852 1867 1610 4518 4367 4274 4145 4155 4548 5005 5120 5308 5514 5782 6174 6319 6640 6613 6631 6390 6414 6423 
2283 2122 1763 1612 1094 915 780 440 240 0 347 763 768 829 967 1258 1451 1584 1818 2121 2398 2488 2515 2598 2734 2875 3043 3302 3758 3838 3918 4058 4203 4347 4300 4096 3809 3749 3594 3690 2987 2983 2574 2170 2078 1756 1510 1543 1389 1053 1151 1310 1641 1979 2242 2560 3043 3416 4591 4943 5299 5961 6446 6617 6865 6991 6962 6799 6495 6371 6758 7288 7511 7770 3511 3217 2759 2655 2197 2023 1795 1831 1600 4282 4128 4035 3905 3917 4311 4770 4886 5077 5286 5556 5951 6096 6414 6384 6398 6157 6177 6186 
2461 2260 1911 1808 1289 1142 1015 665 582 347 0 415 432 633 780 1015 1191 1350 1572 1864 2134 2187 2204 2268 2392 2528 2695 2955 3413 3497 3580 3724 3874 4022 3980 3777 3482 3426 3283 3389 3126 3151 2766 2371 2228 1873 1568 1577 1368 939 846 974 1293 1636 1903 2227 2695 3068 4245 4597 4955 5617 6102 6272 6521 6649 6624 6464 6159 6043 6432 6969 7193 7453 3366 3073 2631 2507 2066 1870 1671 1736 1551 3935 3786 3696 3577 3602 3999 4465 4587 4785 5002 5279 5682 5826 6136 6098 6102 5856 5868 5874 
2706 2469 2138 2084 1582 1468 1354 1022 995 763 415 0 164 628 745 844 969 1163 1351 1615 1866 1859 1857 1890 1990 2116 2279 2539 2999 3088 3174 3325 3480 3632 3598 3398 3092 3042 2915 3033 3321 3377 3021 2640 2449 2069 1717 1700 1442 950 541 583 877 1231 1508 1842 2279 2655 3834 4187 4548 5211 5695 5862 6113 6245 6226 6071 5766 5661 6051 6597 6822 7085 3220 2932 2520 2371 1966 1748 1596 1697 1579 3524 3382 3298 3197 3241 3642 4117 4246 4457 4685 4969 5383 5526 5823 5775 5764 5513 5511 5513 
2824 2597 2261 2190 1680 1551 1431 1086 1008 768 432 164 0 469 582 689 827 1014 1212 1486 1745 1767 1776 1836 1965 2113 2291 2558 3038 3139 3232 3392 3552 3710 3683 3486 3170 3126 3011 3138 3455 3502 3137 2750 2574 2200 1857 1845 1594 1106 689 683 898 1213 1473 1795 2291 2655 3827 4177 4532 5193 5678 5851 6097 6223 6194 6033 5728 5611 5999 6537 6761 7022 3380 3093 2684 2534 2131 1912 1761 1860 1737 3518 3360 3266 3144 3172 3570 4039 4163 4367 4589 4870 5279 5422 5726 5682 5680 5432 5439 5444 
3083 2892 2540 2421 1900 1735 1602 1252 1045 829 633 628 469 0 146 439 642 756 993 1299 1579 1713 1763 1902 2110 2308 2519 2797 3317 3442 3549 3728 3899 4067 4054 3862 3529 3498 3407 3547 3759 3778 3383 2983 2858 2506 2200 2204 1980 1517 1159 1117 1203 1411 1613 1884 2519 2846 3984 4323 4662 5313 5799 5986 6221 6326 6271 6091 5791 5636 6020 6529 6749 7002 3848 3560 3144 2998 2587 2372 2208 2297 2147 3683 3481 3364 3184 3159 3541 3986 4094 4274 4474 4738 5129 5274 5597 5574 5599 5363 5399 5412 
3229 3038 2686 2566 2044 1878 1743 1394 1177 967 780 745 582 146 0 332 538 627 867 1175 1456 1615 1674 1833 2062 2274 2494 2774 3307 3440 3553 3738 3914 4086 4080 3891 3551 3525 3446 3594 3905 3923 3528 3127 3004 2653 2346 2349 2122 1655 1262 1192 1224 1390 1570 1821 2494 2807 3931 4266 4599 5246 5731 5923 6154 6253 6191 6006 5707 5544 5925 6428 6647 6898 3962 3675 3266 3116 2711 2494 2337 2430 2286 3633 3419 3295 3099 3061 3440 3878 3982 4157 4352 4614 5001 5146 5472 5452 5482 5249 5291 5307 
3475 3265 2921 2823 2303 2149 2018 1666 1481 1258 1015 844 689 439 332 0 205 335 560 863 1141 1282 1342 1510 1756 1983 2214 2496 3043 3190 3310 3506 3690 3868 3873 3690 3339 3323 3269 3431 4128 4163 3782 3386 3237 2872 2541 2532 2283 1794 1282 1137 1042 1128 1273 1504 2214 2509 3616 3948 4277 4921 5406 5600 5830 5925 5860 5674 5376 5211 5593 6096 6316 6568 3979 3699 3314 3151 2775 2549 2422 2533 2424 3321 3098 2970 2768 2729 3108 3549 3656 3834 4035 4301 4694 4838 5159 5135 5159 4924 4962 4977 
3643 3423 3083 2997 2479 2331 2202 1850 1678 1451 1191 969 827 642 538 205 0 210 385 673 947 1077 1138 1318 1580 1818 2057 2340 2896 3052 3177 3382 3569 3751 3766 3588 3229 3221 3184 3354 4282 4325 3952 3559 3398 3027 2684 2669 2411 1915 1348 1163 983 997 1108 1316 2057 2336 3429 3757 4082 4725 5209 5405 5632 5725 5658 5470 5173 5006 5387 5891 6110 6362 4016 3741 3373 3202 2846 2616 2508 2627 2539 3136 2905 2774 2565 2523 2903 3344 3452 3633 3836 4104 4501 4645 4963 4935 4957 4721 4757 4772 
3811 3600 3256 3158 2638 2482 2350 1998 1801 1584 1350 1163 1014 756 627 335 210 0 241 550 832 1040 1127 1350 1647 1904 2153 2435 3002 3168 3299 3511 3703 3888 3910 3737 3372 3371 3347 3523 4462 4498 4117 3721 3572 3206 2871 2860 2606 2112 1557 1373 1172 1137 1203 1363 2153 2404 3462 3782 4095 4729 5211 5413 5634 5716 5636 5440 5145 4961 5338 5827 6044 6292 4225 3951 3583 3412 3055 2825 2715 2833 2739 3177 2925 2783 2545 2474 2841 3267 3366 3534 3726 3987 4374 4519 4845 4826 4861 4630 4681 4699 
4027 3808 3469 3380 2861 2710 2579 2227 2038 1818 1572 1351 1212 993 867 560 385 241 0 309 590 823 925 1177 1501 1773 2031 2309 2885 3063 3201 3421 3618 3808 3841 3674 3303 3311 3309 3495 4667 4711 4336 3942 3783 3412 3068 3052 2790 2292 1697 1483 1211 1091 1096 1203 2031 2252 3275 3588 3893 4520 5001 5207 5424 5499 5413 5213 4920 4729 5105 5590 5807 6053 4320 4052 3701 3524 3187 2955 2862 2987 2912 2997 2730 2580 2326 2243 2606 3028 3126 3293 3485 3747 4136 4281 4605 4586 4619 4389 4441 4460 
4310 4082 3747 3668 3152 3005 2876 2524 2344 2121 1864 1615 1486 1299 1175 863 673 550 309 0 281 574 704 999 1356 1646 1911 2179 2761 2955 3100 3331 3533 3728 3775 3620 3242 3263 3290 3487 4937 4988 4621 4230 4060 3684 3331 3309 3039 2539 1907 1667 1328 1111 1031 1046 1911 2083 3048 3349 3642 4259 4738 4948 5159 5226 5130 4926 4635 4434 4808 5287 5503 5748 4460 4201 3872 3688 3376 3143 3070 3203 3148 2781 2493 2334 2054 1951 2306 2722 2818 2984 3176 3439 3830 3975 4298 4276 4310 4080 4135 4155 
4569 4335 4004 3934 3419 3276 3148 2796 2622 2398 2134 1866 1745 1579 1456 1141 947 832 590 281 0 425 577 901 1276 1573 1839 2093 2674 2881 3033 3272 3478 3676 3737 3592 3210 3243 3296 3503 5185 5244 4882 4494 4316 3936 3576 3550 3275 2774 2120 1864 1482 1200 1050 969 1839 1959 2855 3143 3422 4028 4503 4718 4923 4981 4877 4667 4379 4168 4540 5012 5227 5471 4602 4351 4042 3852 3562 3329 3273 3411 3373 2600 2293 2123 1818 1691 2037 2444 2538 2702 2895 3159 3553 3698 4018 3995 4029 3800 3856 3878 
4553 4296 3981 3943 3441 3319 3198 2851 2724 2488 2187 1859 1767 1713 1615 1282 1077 1040 823 574 425 0 153 479 854 1152 1417 1668 2248 2457 2610 2850 3057 3256 3320 3180 2797 2835 2902 3114 5127 5208 4871 4496 4285 3896 3518 3479 3192 2698 2005 1724 1286 928 706 552 1417 1536 2473 2776 3074 3698 4178 4385 4601 4677 4595 4401 4106 3930 4311 4816 5036 5290 4333 4094 3818 3622 3371 3140 3116 3264 3264 2206 1919 1763 1505 1446 1828 2281 2399 2600 2825 3112 3530 3672 3964 3916 3914 3669 3690 3701 
4533 4269 3961 3934 3439 3324 3206 2863 2753 2515 2204 1857 1776 1763 1674 1342 1138 1127 925 704 577 153 0 325 701 999 1264 1515 2096 2304 2456 2697 2903 3102 3167 3027 2645 2684 2755 2967 5091 5180 4852 4483 4261 3869 3486 3443 3153 2663 1961 1673 1221 840 590 400 1264 1389 2352 2663 2969 3601 4084 4286 4507 4591 4519 4332 4034 3873 4257 4775 4997 5254 4224 3990 3726 3527 3291 3061 3050 3201 3214 2080 1805 1656 1426 1402 1795 2262 2389 2602 2839 3132 3558 3698 3979 3922 3907 3656 3664 3671 
4504 4225 3933 3931 3452 3354 3244 2912 2838 2598 2268 1890 1836 1902 1833 1510 1318 1350 1177 999 901 479 325 0 375 673 938 1192 1774 1979 2131 2371 2578 2777 2842 2704 2321 2363 2442 2657 5027 5131 4826 4469 4224 3829 3436 3384 3089 2614 1902 1608 1138 726 426 95 938 1084 2113 2439 2766 3413 3898 4089 4321 4423 4374 4203 3900 3775 4163 4707 4932 5196 4001 3778 3541 3339 3138 2913 2928 3085 3128 1827 1587 1462 1308 1366 1771 2260 2405 2642 2898 3203 3641 3777 4035 3958 3915 3655 3632 3630 
4495 4200 3929 3956 3500 3423 3322 3006 2972 2734 2392 1990 1965 2110 2062 1756 1580 1647 1501 1356 1276 854 701 375 0 298 563 823 1405 1606 1757 1996 2203 2401 2467 2331 1948 1993 2085 2304 4972 5096 4816 4477 4207 3811 3412 3350 3052 2602 1897 1606 1149 758 498 310 563 757 1875 2218 2568 3227 3713 3889 4133 4257 4237 4087 3780 3699 4090 4661 4889 5159 3757 3550 3350 3145 2990 2774 2822 2984 3063 1573 1394 1310 1271 1423 1822 2321 2481 2740 3014 3328 3774 3905 4134 4037 3963 3693 3636 3624 
4513 4208 3954 4004 3570 3508 3415 3114 3110 2875 2528 2116 2113 2308 2274 1983 1818 1904 1773 1646 1573 1152 999 673 298 0 266 535 1115 1310 1460 1698 1904 2103 2170 2036 1653 1702 1807 2030 4952 5090 4833 4509 4220 3826 3425 3355 3059 2634 1948 1670 1244 905 710 606 266 542 1718 2072 2437 3102 3584 3747 4000 4142 4146 4014 3706 3662 4053 4642 4872 5146 3583 3391 3225 3018 2905 2699 2775 2939 3047 1407 1296 1254 1316 1531 1912 2407 2576 2848 3133 3450 3900 4025 4232 4120 4023 3748 3664 3644 
4574 4260 4023 4092 3677 3629 3543 3255 3275 3043 2695 2279 2291 2519 2494 2214 2057 2153 2031 1911 1839 1417 1264 938 563 266 0 282 853 1044 1194 1433 1639 1839 1909 1781 1398 1455 1581 1806 4978 5128 4892 4581 4278 3887 3486 3410 3117 2718 2056 1793 1401 1107 951 872 0 413 1585 1944 2320 2984 3460 3610 3870 4029 4054 3939 3631 3620 4009 4613 4843 5121 3467 3291 3160 2954 2881 2687 2788 2953 3086 1274 1234 1235 1383 1643 2001 2485 2661 2941 3233 3551 4002 4123 4309 4183 4066 3788 3681 3653 
4759 4440 4217 4299 3900 3860 3779 3500 3532 3302 2955 2539 2558 2797 2774 2496 2340 2435 2309 2179 2093 1668 1515 1192 823 535 282 0 582 791 948 1196 1405 1606 1693 1583 1208 1285 1456 1684 5133 5294 5075 4776 4462 4075 3675 3595 3306 2927 2286 2034 1663 1385 1233 1134 282 323 1378 1736 2118 2777 3246 3385 3651 3822 3865 3766 3459 3480 3865 4481 4710 4990 3484 3328 3236 3032 3001 2819 2941 3106 3259 1073 1109 1155 1388 1688 2011 2477 2657 2944 3241 3559 4009 4124 4286 4147 4008 3728 3598 3563 
5013 4683 4494 4610 4250 4234 4165 3911 3979 3758 3413 2999 3038 3317 3307 3043 2896 3002 2885 2761 2674 2248 2096 1774 1405 1115 853 582 0 243 407 660 866 1066 1182 1115 784 902 1160 1374 5314 5497 5320 5051 4714 4340 3949 3859 3583 3259 2678 2456 2142 1918 1798 1716 853 771 1263 1583 1960 2580 3018 3119 3397 3604 3699 3643 3346 3446 3815 4451 4676 4958 3391 3280 3272 3078 3135 2983 3148 3307 3502 1025 1249 1378 1727 2067 2325 2742 2926 3217 3518 3830 4271 4374 4490 4326 4147 3867 3692 3642 
4986 4652 4480 4611 4272 4268 4206 3967 4054 3838 3497 3088 3139 3442 3440 3190 3052 3168 3063 2955 2881 2457 2304 1979 1606 1310 1044 791 243 0 165 418 626 827 939 874 561 689 969 1173 5254 5447 5288 5034 4688 4322 3936 3843 3574 3278 2732 2529 2250 2062 1969 1916 1044 1009 1426 1723 2089 2683 3104 3187 3469 3690 3806 3767 3475 3601 3962 4602 4826 5107 3237 3143 3166 2976 3068 2930 3111 3267 3479 1217 1472 1610 1968 2309 2561 2971 3154 3446 3747 4057 4496 4596 4704 4535 4348 4068 3882 3828 
4993 4658 4498 4638 4314 4317 4260 4031 4130 3918 3580 3174 3232 3549 3553 3310 3177 3299 3201 3100 3033 2610 2456 2131 1757 1460 1194 948 407 165 0 253 462 663 774 718 436 574 871 1060 5239 5437 5292 5048 4696 4336 3955 3860 3597 3320 2799 2607 2351 2183 2105 2066 1194 1174 1535 1815 2172 2747 3153 3225 3508 3738 3868 3841 3553 3697 4053 4694 4916 5197 3155 3074 3121 2936 3052 2925 3117 3270 3492 1346 1619 1763 2128 2471 2717 3120 3304 3595 3896 4204 4641 4740 4841 4668 4475 4196 4002 3946 
5024 4687 4544 4699 4398 4412 4361 4147 4263 4058 3724 3325 3392 3728 3738 3506 3382 3511 3421 3331 3272 2850 2697 2371 1996 1698 1433 1196 660 418 253 0 209 410 523 493 333 467 775 925 5234 5441 5317 5089 4729 4378 4006 3907 3654 3407 2923 2750 2524 2384 2325 2303 1433 1428 1715 1969 2309 2852 3237 3290 3574 3817 3968 3958 3677 3847 4193 4837 5056 5336 3050 2991 3076 2899 3053 2944 3150 3298 3535 1553 1847 2000 2373 2718 2956 3349 3532 3823 4123 4430 4864 4960 5049 4872 4669 4392 4187 4128 
5088 4749 4621 4786 4502 4525 4479 4276 4404 4203 3874 3480 3552 3899 3914 3690 3569 3703 3618 3533 3478 3057 2903 2578 2203 1904 1639 1405 866 626 462 209 0 201 332 366 401 501 782 885 5268 5483 5375 5160 4795 4452 4087 3986 3741 3517 3061 2901 2696 2572 2522 2509 1639 1636 1857 2088 2413 2927 3291 3328 3612 3865 4033 4038 3764 3954 4293 4936 5153 5432 3006 2967 3083 2915 3099 3003 3221 3364 3612 1718 2028 2187 2568 2915 3144 3528 3710 4000 4300 4603 5035 5128 5208 5025 4814 4539 4325 4262 
5154 4815 4701 4875 4608 4638 4597 4405 4544 4347 4022 3632 3710 4067 4086 3868 3751 3888 3808 3728 3676 3256 3102 2777 2401 2103 1839 1606 1066 827 663 410 201 0 186 331 540 604 838 891 5307 5528 5436 5233 4864 4529 4172 4070 3833 3630 3200 3051 2864 2755 2713 2707 1839 1836 2006 2216 2527 3012 3357 3379 3662 3923 4106 4125 3858 4067 4397 5040 5254 5531 2975 2955 3102 2942 3154 3072 3299 3437 3694 1886 2207 2371 2758 3107 3328 3703 3885 4174 4473 4774 5202 5293 5364 5177 4960 4686 4464 4399 
5031 4692 4588 4771 4519 4557 4520 4340 4490 4300 3980 3598 3683 4054 4080 3873 3766 3910 3841 3775 3737 3320 3167 2842 2467 2170 1909 1693 1182 939 774 523 332 186 0 207 538 557 733 747 5165 5390 5309 5116 4743 4415 4064 3961 3731 3549 3149 3015 2856 2773 2752 2769 1909 1943 2180 2398 2711 3199 3542 3562 3845 4108 4292 4311 4044 4252 4583 5226 5440 5717 2801 2789 2951 2796 3025 2954 3187 3321 3585 2049 2360 2518 2896 3242 3475 3860 4042 4332 4632 4935 5366 5458 5535 5351 5136 4861 4643 4578 
4832 4493 4385 4566 4312 4349 4313 4133 4285 4096 3777 3398 3486 3862 3891 3690 3588 3737 3674 3620 3592 3180 3027 2704 2331 2036 1781 1583 1115 874 718 493 366 331 207 0 383 367 526 559 4977 5199 5111 4914 4543 4213 3859 3756 3525 3341 2945 2815 2667 2599 2592 2627 1781 1853 2205 2448 2777 3293 3653 3686 3970 4226 4397 4404 4130 4318 4658 5302 5518 5797 2655 2628 2771 2611 2828 2752 2983 3118 3380 2047 2335 2482 2842 3182 3435 3837 4021 4312 4612 4920 5355 5452 5543 5365 5161 4884 4677 4616 
4701 4363 4228 4389 4101 4123 4077 3876 4008 3809 3482 3092 3170 3529 3551 3339 3229 3372 3303 3242 3210 2797 2645 2321 1948 1653 1398 1208 784 561 436 333 401 540 538 383 0 141 448 624 4902 5111 4992 4769 4407 4060 3692 3592 3344 3115 2664 2511 2328 2235 2216 2244 1398 1488 1972 2249 2602 3164 3558 3616 3900 4140 4283 4265 3980 4131 4485 5128 5349 5630 2734 2666 2743 2566 2724 2619 2830 2976 3218 1777 2031 2163 2503 2836 3107 3526 3710 4002 4303 4614 5054 5156 5265 5096 4907 4628 4438 4382 
4586 4248 4119 4286 4008 4036 3994 3801 3943 3749 3426 3042 3126 3498 3525 3323 3221 3371 3311 3263 3243 2835 2684 2363 1993 1702 1455 1285 902 689 574 467 501 604 557 367 141 0 308 486 4776 4987 4874 4658 4293 3950 3585 3485 3241 3027 2600 2459 2301 2233 2233 2283 1455 1578 2108 2389 2743 3305 3698 3755 4040 4280 4424 4406 4121 4271 4625 5267 5489 5770 2593 2526 2609 2434 2601 2502 2719 2862 3110 1907 2151 2278 2608 2936 3216 3642 3826 4117 4419 4731 5173 5276 5391 5223 5037 4758 4571 4516 
4317 3978 3863 4040 3786 3824 3790 3616 3778 3594 3283 2915 3011 3407 3446 3269 3184 3347 3309 3290 3296 2902 2755 2442 2085 1807 1581 1456 1160 969 871 775 782 838 733 526 448 308 0 228 4486 4701 4600 4395 4026 3691 3335 3233 2999 2817 2443 2332 2230 2219 2260 2356 1581 1767 2395 2685 3043 3612 4007 4064 4348 4588 4731 4710 4424 4566 4924 5565 5788 6069 2286 2217 2306 2134 2320 2234 2461 2599 2857 2181 2402 2515 2821 3137 3437 3878 4061 4352 4653 4967 5413 5519 5646 5485 5307 5027 4848 4796 
4288 3949 3854 4045 3817 3868 3841 3686 3865 3690 3389 3033 3138 3547 3594 3431 3354 3523 3495 3487 3503 3114 2967 2657 2304 2030 1806 1684 1374 1173 1060 925 885 891 747 559 624 486 228 0 4419 4642 4563 4376 4001 3679 3336 3231 3012 2867 2543 2455 2388 2404 2460 2570 1806 1996 2594 2874 3225 3778 4160 4207 4491 4739 4893 4882 4600 4756 5109 5751 5972 6253 2127 2081 2211 2051 2280 2216 2455 2584 2856 2389 2622 2738 3048 3366 3664 4102 4285 4576 4877 5191 5636 5742 5865 5701 5519 5239 5055 5001 
760 867 1224 1413 1902 2100 2234 2547 2850 2987 3126 3321 3455 3759 3905 4128 4282 4462 4667 4937 5185 5127 5091 5027 4972 4952 4978 5133 5314 5254 5239 5234 5268 5307 5165 4977 4902 4776 4486 4419 0 278 620 946 908 1256 1611 1648 1939 2429 3132 3423 3890 4301 4601 4952 4978 5389 6500 6851 7235 7880 8330 8433 8712 8914 8988 8899 8593 8599 8988 9590 9819 10096 2680 2528 2232 2371 2187 2331 2192 2027 1909 6202 6213 6201 6242 6379 6784 7279 7430 7669 7921 8220 8649 8789 9060 8985 8931 8664 8607 8591 
701 911 1242 1376 1889 2077 2213 2543 2828 2983 3151 3377 3502 3778 3923 4163 4325 4498 4711 4988 5244 5208 5180 5131 5096 5090 5128 5294 5497 5447 5437 5441 5483 5528 5390 5199 5111 4987 4701 4642 278 0 457 848 927 1312 1695 1748 2044 2519 3229 3523 3993 4406 4707 5060 5128 5541 6667 7020 7404 8053 8508 8617 8894 9091 9156 9060 8753 8747 9136 9732 9962 10237 2947 2787 2473 2603 2388 2516 2356 2193 2043 6366 6362 6343 6367 6490 6897 7390 7536 7770 8016 8312 8737 8877 9157 9088 9044 8780 8733 8719 
321 637 892 962 1484 1660 1796 2136 2407 2574 2766 3021 3137 3383 3528 3782 3952 4117 4336 4621 4882 4871 4852 4826 4816 4833 4892 5075 5320 5288 5292 5317 5375 5436 5309 5111 4992 4874 4600 4563 620 457 0 406 613 1007 1408 1481 1775 2216 2927 3221 3691 4104 4406 4759 4892 5305 6453 6810 7192 7848 8311 8431 8705 8891 8940 8831 8523 8495 8886 9472 9701 9973 3039 2842 2472 2570 2283 2373 2176 2022 1820 6148 6120 6088 6086 6191 6597 7086 7227 7453 7692 7982 8401 8543 8832 8772 8741 8480 8447 8438 
206 459 558 562 1083 1255 1391 1734 2000 2170 2371 2640 2750 2983 3127 3386 3559 3721 3942 4230 4494 4496 4483 4469 4477 4509 4581 4776 5051 5034 5048 5089 5160 5233 5116 4914 4769 4658 4395 4376 946 848 406 0 387 712 1103 1191 1471 1876 2580 2873 3340 3752 4053 4405 4581 4994 6154 6512 6893 7553 8020 8149 8420 8597 8635 8518 8210 8168 8559 9137 9366 9637 3019 2794 2382 2451 2107 2162 1939 1796 1556 5846 5801 5761 5742 5835 6241 6727 6865 7085 7320 7608 8023 8166 8460 8405 8381 8123 8098 8091 
298 86 317 530 995 1195 1328 1639 1942 2078 2228 2449 2574 2858 3004 3237 3398 3572 3783 4060 4316 4285 4261 4224 4207 4220 4278 4462 4714 4688 4696 4729 4795 4864 4743 4543 4407 4293 4026 4001 908 927 613 387 0 396 795 867 1161 1610 2322 2617 3087 3500 3802 4155 4278 4691 5840 6197 6580 7236 7700 7822 8095 8279 8326 8217 7909 7882 8273 8860 9089 9362 2642 2411 1995 2064 1727 1792 1580 1431 1212 5535 5506 5475 5477 5587 5994 6484 6628 6857 7100 7393 7816 7957 8240 8176 8139 7877 7840 7830 
686 400 179 457 726 933 1052 1324 1647 1756 1873 2069 2200 2506 2653 2872 3027 3206 3412 3684 3936 3896 3869 3829 3811 3826 3887 4075 4340 4322 4336 4378 4452 4529 4415 4213 4060 3950 3691 3679 1256 1312 1007 712 396 0 401 481 770 1214 1927 2221 2691 3105 3406 3760 3887 4301 5454 5811 6193 6851 7316 7442 7714 7895 7938 7827 7519 7488 7879 8465 8694 8967 2489 2234 1786 1820 1434 1464 1231 1094 844 5147 5114 5081 5081 5192 5598 6089 6233 6463 6707 7001 7425 7566 7848 7782 7744 7482 7444 7434 
1088 789 545 710 671 845 928 1111 1449 1510 1568 1717 1857 2200 2346 2541 2684 2871 3068 3331 3576 3518 3486 3436 3412 3425 3486 3675 3949 3936 3955 4006 4087 4172 4064 3859 3692 3585 3335 3336 1611 1695 1408 1103 795 401 0 108 369 823 1534 1828 2298 2711 3013 3366 3486 3899 5054 5411 5793 6452 6918 7046 7317 7496 7537 7425 7117 7087 7478 8064 8293 8566 2337 2062 1592 1585 1152 1135 881 768 480 4747 4712 4679 4683 4797 5204 5696 5841 6074 6321 6618 7044 7184 7461 7393 7350 7087 7046 7035 
1164 852 638 817 763 928 1002 1159 1497 1543 1577 1700 1845 2204 2349 2532 2669 2860 3052 3309 3550 3479 3443 3384 3350 3355 3410 3595 3859 3843 3860 3907 3986 4070 3961 3756 3592 3485 3233 3231 1648 1748 1481 1191 867 481 108 0 297 781 1485 1777 2246 2658 2959 3312 3410 3824 4974 5331 5713 6371 6835 6961 7232 7414 7459 7350 7042 7017 7408 7997 8226 8499 2239 1962 1491 1480 1045 1028 776 661 375 4668 4639 4610 4621 4742 5148 5642 5789 6025 6275 6573 7001 7141 7414 7342 7296 7031 6986 6974 
1456 1149 913 1044 844 959 995 1059 1387 1389 1368 1442 1594 1980 2122 2283 2411 2606 2790 3039 3275 3192 3153 3089 3052 3059 3117 3306 3583 3574 3597 3654 3741 3833 3731 3525 3344 3241 2999 3012 1939 2044 1775 1471 1161 770 369 297 0 500 1193 1484 1951 2363 2664 3016 3117 3531 4685 5042 5424 6082 6549 6677 6948 7127 7168 7057 6749 6721 7112 7700 7929 8203 2215 1927 1452 1401 937 858 588 528 231 4378 4344 4314 4324 4446 4852 5346 5494 5731 5982 6281 6710 6850 7121 7048 7000 6735 6689 6677 
1894 1611 1326 1373 994 1008 974 862 1129 1053 939 950 1106 1517 1655 1794 1915 2112 2292 2539 2774 2698 2663 2614 2602 2634 2718 2927 3259 3278 3320 3407 3517 3630 3549 3341 3115 3027 2817 2867 2429 2519 2216 1876 1610 1214 823 781 500 0 712 1007 1476 1890 2192 2545 2718 3129 4300 4659 5037 5700 6173 6313 6579 6745 6771 6647 6339 6292 6683 7262 7491 7762 2458 2163 1708 1601 1144 971 743 797 632 3990 3929 3886 3871 3977 4383 4875 5019 5251 5498 5794 6221 6361 6638 6569 6529 6267 6231 6222 
2605 2323 2036 2060 1622 1573 1493 1235 1343 1151 846 541 689 1159 1262 1282 1348 1557 1697 1907 2120 2005 1961 1902 1897 1948 2056 2286 2678 2732 2799 2923 3061 3200 3149 2945 2664 2600 2443 2543 3132 3229 2927 2580 2322 1927 1534 1485 1193 712 0 294 764 1178 1479 1832 2056 2460 3642 4000 4374 5038 5516 5666 5927 6082 6094 5962 5654 5593 5985 6558 6786 7056 2706 2423 2032 1870 1498 1269 1166 1295 1260 3330 3245 3191 3162 3264 3671 4162 4307 4540 4789 5088 5517 5657 5929 5858 5817 5555 5520 5512 
2900 2617 2330 2349 1900 1838 1749 1466 1525 1310 974 583 683 1117 1192 1137 1163 1373 1483 1667 1864 1724 1673 1608 1606 1670 1793 2034 2456 2529 2607 2750 2901 3051 3015 2815 2511 2459 2332 2455 3423 3523 3221 2873 2617 2221 1828 1777 1484 1007 294 0 469 883 1185 1538 1793 2191 3375 3732 4103 4768 5248 5403 5661 5811 5816 5680 5372 5305 5696 6267 6495 6765 2852 2578 2218 2042 1709 1476 1409 1549 1541 3063 2965 2906 2869 2970 3376 3868 4013 4247 4497 4797 5228 5366 5636 5565 5522 5260 5226 5218 
3369 3087 2799 2811 2351 2275 2177 1870 1873 1641 1293 877 898 1203 1224 1042 983 1172 1211 1328 1482 1286 1221 1138 1149 1244 1401 1663 2142 2250 2351 2524 2696 2864 2856 2667 2328 2301 2230 2388 3890 3993 3691 3340 3087 2691 2298 2246 1951 1476 764 469 0 413 715 1068 1401 1780 2962 3317 3681 4345 4828 4991 5244 5384 5377 5234 4926 4848 5239 5805 6032 6301 3132 2874 2559 2370 2090 1857 1830 1980 1997 2651 2526 2457 2403 2500 2906 3398 3543 3779 4032 4333 4766 4904 5170 5096 5052 4790 4757 4751 
3783 3501 3212 3221 2754 2669 2566 2247 2217 1979 1636 1231 1213 1411 1390 1128 997 1137 1091 1111 1200 928 840 726 758 905 1107 1385 1918 2062 2183 2384 2572 2755 2773 2599 2235 2233 2219 2404 4301 4406 4104 3752 3500 3105 2711 2658 2363 1890 1178 883 413 0 301 654 1107 1448 2614 2963 3319 3981 4466 4638 4885 5014 4996 4844 4538 4447 4838 5398 5625 5893 3413 3169 2889 2693 2451 2221 2217 2371 2403 2305 2151 2068 1995 2086 2493 2984 3130 3368 3623 3925 4361 4498 4760 4684 4639 4376 4345 4339 
4084 3802 3514 3520 3049 2959 2853 2529 2481 2242 1903 1508 1473 1613 1570 1273 1108 1203 1096 1031 1050 706 590 426 498 710 951 1233 1798 1969 2105 2325 2522 2713 2752 2592 2216 2233 2260 2460 4601 4707 4406 4053 3802 3406 3013 2959 2664 2192 1479 1185 715 301 0 353 951 1237 2373 2717 3065 3723 4208 4387 4629 4750 4721 4563 4258 4157 4547 5103 5330 5596 3633 3400 3143 2943 2723 2496 2504 2660 2701 2070 1888 1793 1698 1785 2191 2683 2829 3068 3325 3629 4066 4203 4461 4384 4337 4075 4044 4039 
4437 4155 3866 3870 3396 3302 3193 2864 2800 2560 2227 1842 1795 1884 1821 1504 1316 1363 1203 1046 969 552 400 95 310 606 872 1134 1716 1916 2066 2303 2509 2707 2769 2627 2244 2283 2356 2570 4952 5060 4759 4405 4155 3760 3366 3312 3016 2545 1832 1538 1068 654 353 0 872 1049 2112 2444 2778 3429 3915 4102 4337 4446 4404 4238 3934 3819 4208 4758 4984 5250 3906 3684 3449 3247 3050 2825 2845 3002 3050 1820 1598 1483 1355 1432 1838 2330 2477 2718 2978 3284 3723 3858 4112 4032 3984 3722 3693 3689 
4574 4260 4023 4092 3677 3629 3543 3255 3275 3043 2695 2279 2291 2519 2494 2214 2057 2153 2031 1911 1839 1417 1264 938 563 266 0 282 853 1044 1194 1433 1639 1839 1909 1781 1398 1455 1581 1806 4978 5128 4892 4581 4278 3887 3486 3410 3117 2718 2056 1793 1401 1107 951 872 0 413 1585 1944 2320 2984 3460 3610 3870 4029 4054 3939 3631 3620 4009 4613 4843 5121 3467 3291 3160 2954 2881 2687 2788 2953 3086 1274 1234 1235 1383 1643 2001 2485 2661 2941 3233 3551 4002 4123 4309 4183 4066 3788 3681 3653 
4987 4674 4436 4503 4083 4030 3941 3646 3650 3416 3068 2655 2655 2846 2807 2509 2336 2404 2252 2083 1959 1536 1389 1084 757 542 413 323 771 1009 1174 1428 1636 1836 1943 1853 1488 1578 1767 1996 5389 5541 5305 4994 4691 4301 3899 3824 3531 3129 2460 2191 1780 1448 1237 1049 413 0 1184 1541 1913 2578 3056 3213 3470 3622 3642 3525 3218 3210 3598 4206 4435 4713 3803 3642 3538 3333 3281 3090 3198 3363 3499 872 824 845 1065 1370 1688 2154 2334 2621 2918 3236 3685 3800 3965 3828 3695 3415 3294 3262 
6138 5818 5595 5674 5263 5213 5125 4829 4828 4591 4245 3834 3827 3984 3931 3616 3429 3462 3275 3048 2855 2473 2352 2113 1875 1718 1585 1378 1263 1426 1535 1715 1857 2006 2180 2205 1972 2108 2395 2594 6500 6667 6453 6154 5840 5454 5054 4974 4685 4300 3642 3375 2962 2614 2373 2112 1585 1184 0 358 739 1399 1874 2029 2286 2445 2489 2404 2101 2182 2552 3187 3413 3694 4654 4544 4522 4324 4344 4174 4311 4474 4636 312 566 757 1169 1490 1529 1787 1958 2236 2525 2811 3223 3305 3360 3171 2957 2681 2472 2413 
6495 6174 5953 6032 5621 5571 5482 5185 5180 4943 4597 4187 4177 4323 4266 3948 3757 3782 3588 3349 3143 2776 2663 2439 2218 2072 1944 1736 1583 1723 1815 1969 2088 2216 2398 2448 2249 2389 2685 2874 6851 7020 6810 6512 6197 5811 5411 5331 5042 4659 4000 3732 3317 2963 2717 2444 1944 1541 358 0 384 1041 1516 1675 1928 2086 2136 2062 1763 1882 2239 2880 3103 3384 4960 4860 4854 4658 4690 4524 4664 4827 4992 670 857 1020 1383 1665 1618 1780 1936 2193 2466 2731 3120 3188 3202 2999 2759 2491 2252 2184 
6877 6557 6334 6411 5996 5942 5851 5551 5537 5299 4955 4548 4532 4662 4599 4277 4082 4095 3893 3642 3422 3074 2969 2766 2568 2437 2320 2118 1960 2089 2172 2309 2413 2527 2711 2777 2602 2743 3043 3225 7235 7404 7192 6893 6580 6193 5793 5713 5424 5037 4374 4103 3681 3319 3065 2778 2320 1913 739 384 0 665 1147 1324 1565 1708 1752 1683 1387 1541 1884 2527 2747 3027 5325 5231 5233 5038 5074 4907 5048 5211 5375 1047 1180 1313 1618 1852 1723 1777 1910 2138 2386 2623 2978 3032 3003 2786 2521 2266 1997 1919 
7534 7212 6994 7074 6661 6607 6516 6215 6199 5961 5617 5211 5193 5313 5246 4921 4725 4729 4520 4259 4028 3698 3601 3413 3227 3102 2984 2777 2580 2683 2747 2852 2927 3012 3199 3293 3164 3305 3612 3778 7880 8053 7848 7553 7236 6851 6452 6371 6082 5700 5038 4768 4345 3981 3723 3429 2984 2578 1399 1041 665 0 485 690 908 1045 1122 1112 856 1173 1429 2057 2260 2532 5898 5821 5847 5655 5710 5550 5697 5859 6029 1710 1834 1951 2210 2394 2186 2104 2192 2359 2553 2729 3011 3033 2918 2680 2371 2159 1841 1745 
7998 7674 7461 7546 7138 7087 6997 6698 6684 6446 6102 5695 5678 5799 5731 5406 5209 5211 5001 4738 4503 4178 4084 3898 3713 3584 3460 3246 3018 3104 3153 3237 3291 3357 3542 3653 3558 3698 4007 4160 8330 8508 8311 8020 7700 7316 6918 6835 6549 6173 5516 5248 4828 4466 4208 3915 3460 3056 1874 1516 1147 485 0 256 423 586 762 868 729 1176 1303 1869 2044 2297 6287 6223 6269 6080 6153 5998 6152 6314 6490 2186 2320 2436 2685 2853 2619 2481 2547 2678 2836 2971 3198 3200 3028 2783 2455 2284 1950 1848 
8121 7794 7590 7683 7284 7239 7152 6859 6855 6617 6272 5862 5851 5986 5923 5600 5405 5413 5207 4948 4718 4385 4286 4089 3889 3747 3610 3385 3119 3187 3225 3290 3328 3379 3562 3686 3616 3755 4064 4207 8433 8617 8431 8149 7822 7442 7046 6961 6677 6313 5666 5403 4991 4638 4387 4102 3610 3213 2029 1675 1324 690 256 0 284 558 839 1015 936 1399 1482 2006 2164 2403 6334 6281 6346 6160 6251 6103 6265 6426 6611 2341 2504 2631 2900 3082 2860 2734 2802 2935 3092 3223 3443 3441 3258 3013 2682 2521 2185 2083 
8394 8068 7861 7950 7547 7499 7411 7114 7103 6865 6521 6113 6097 6221 6154 5830 5632 5634 5424 5159 4923 4601 4507 4321 4133 4000 3870 3651 3397 3469 3508 3574 3612 3662 3845 3970 3900 4040 4348 4491 8712 8894 8705 8420 8095 7714 7317 7232 6948 6579 5927 5661 5244 4885 4629 4337 3870 3470 2286 1928 1565 908 423 284 0 306 643 878 888 1360 1367 1830 1969 2194 6618 6565 6629 6443 6530 6381 6541 6702 6884 2598 2742 2859 3106 3267 3020 2853 2905 3013 3146 3251 3437 3423 3211 2965 2630 2495 2160 2058 
8577 8255 8039 8119 7705 7650 7558 7254 7230 6991 6649 6245 6223 6326 6253 5925 5725 5716 5499 5226 4981 4677 4591 4423 4257 4142 4029 3822 3604 3690 3738 3817 3865 3923 4108 4226 4140 4280 4588 4739 8914 9091 8891 8597 8279 7895 7496 7414 7127 6745 6082 5811 5384 5014 4750 4446 4029 3622 2445 2086 1708 1045 586 558 306 0 361 636 736 1185 1123 1540 1670 1889 6866 6806 6855 6667 6739 6583 6735 6897 7071 2755 2863 2963 3173 3304 3027 2812 2845 2924 3031 3109 3262 3237 3001 2757 2420 2310 1979 1879 
8623 8305 8077 8144 7716 7651 7555 7243 7202 6962 6624 6226 6194 6271 6191 5860 5658 5636 5413 5130 4877 4595 4519 4374 4237 4146 4054 3865 3699 3806 3868 3968 4033 4106 4292 4397 4283 4424 4731 4893 8988 9156 8940 8635 8326 7938 7537 7459 7168 6771 6094 5816 5377 4996 4721 4404 4054 3642 2489 2136 1752 1122 762 839 643 361 0 298 506 889 770 1186 1330 1564 7017 6943 6969 6776 6824 6660 6800 6963 7124 2792 2851 2928 3092 3187 2879 2615 2628 2679 2760 2815 2940 2908 2658 2415 2079 1985 1661 1563 
8513 8199 7961 8018 7580 7509 7409 7091 7039 6799 6464 6071 6033 6091 6006 5674 5470 5440 5213 4926 4667 4401 4332 4203 4087 4014 3939 3766 3643 3767 3841 3958 4038 4125 4311 4404 4265 4406 4710 4882 8899 9060 8831 8518 8217 7827 7425 7350 7057 6647 5962 5680 5234 4844 4563 4238 3939 3525 2404 2062 1683 1112 868 1015 878 636 298 0 308 598 490 1000 1178 1438 6996 6910 6916 6720 6748 6577 6707 6871 7022 2696 2718 2777 2907 2975 2650 2359 2361 2399 2470 2518 2642 2611 2366 2123 1786 1687 1362 1265 
8205 7891 7653 7710 7272 7202 7102 6785 6735 6495 6159 5766 5728 5791 5707 5376 5173 5145 4920 4635 4379 4106 4034 3900 3780 3706 3631 3459 3346 3475 3553 3677 3764 3858 4044 4130 3980 4121 4424 4600 8593 8753 8523 8210 7909 7519 7117 7042 6749 6339 5654 5372 4926 4538 4258 3934 3631 3218 2101 1763 1387 856 729 936 888 736 506 308 0 472 588 1202 1404 1677 6709 6618 6618 6422 6445 6272 6401 6565 6714 2391 2410 2470 2607 2688 2374 2110 2129 2194 2295 2377 2549 2534 2330 2084 1751 1607 1271 1170 
8175 7869 7615 7654 7199 7116 7010 6684 6610 6371 6043 5661 5611 5636 5544 5211 5006 4961 4729 4434 4168 3930 3873 3775 3699 3662 3620 3480 3446 3601 3697 3847 3954 4067 4252 4318 4131 4271 4566 4756 8599 8747 8495 8168 7882 7488 7087 7017 6721 6292 5593 5305 4848 4447 4157 3819 3620 3210 2182 1882 1541 1173 1176 1399 1360 1185 889 598 472 0 391 1005 1233 1514 6835 6726 6692 6492 6482 6298 6408 6573 6703 2443 2386 2407 2466 2486 2133 1797 1783 1805 1872 1928 2080 2063 1860 1614 1282 1135 800 698 
8566 8260 8006 8045 7590 7506 7401 7073 6998 6758 6432 6051 5999 6020 5925 5593 5387 5338 5105 4808 4540 4311 4257 4163 4090 4053 4009 3865 3815 3962 4053 4193 4293 4397 4583 4658 4485 4625 4924 5109 8988 9136 8886 8559 8273 7879 7478 7408 7112 6683 5985 5696 5239 4838 4547 4208 4009 3598 2552 2239 1884 1429 1303 1482 1367 1123 770 490 588 391 0 643 863 1144 7199 7095 7070 6871 6866 6684 6796 6962 7093 2820 2774 2798 2855 2865 2503 2140 2108 2093 2117 2121 2199 2156 1891 1650 1315 1248 944 857 
9151 8849 8588 8616 8152 8060 7951 7618 7527 7288 6969 6597 6537 6529 6428 6096 5891 5827 5590 5287 5012 4816 4775 4707 4661 4642 4613 4481 4451 4602 4694 4837 4936 5040 5226 5302 5128 5267 5565 5751 9590 9732 9472 9137 8860 8465 8064 7997 7700 7262 6558 6267 5805 5398 5103 4758 4613 4206 3187 2880 2527 2057 1869 2006 1830 1540 1186 1000 1202 1005 643 0 229 509 7838 7731 7698 7497 7482 7296 7401 7566 7689 3449 3381 3389 3404 3372 2988 2570 2501 2418 2365 2283 2230 2148 1804 1596 1308 1378 1189 1146 
9380 9079 8816 8844 8379 8286 8177 7843 7750 7511 7193 6822 6761 6749 6647 6316 6110 6044 5807 5503 5227 5036 4997 4932 4889 4872 4843 4710 4676 4826 4916 5056 5153 5254 5440 5518 5349 5489 5788 5972 9819 9962 9701 9366 9089 8694 8293 8226 7929 7491 6786 6495 6032 5625 5330 4984 4843 4435 3413 3103 2747 2260 2044 2164 1969 1670 1330 1178 1404 1233 863 229 0 281 8063 7957 7926 7726 7711 7525 7631 7796 7918 3676 3610 3618 3631 3594 3208 2783 2707 2613 2544 2442 2354 2263 1900 1709 1446 1548 1387 1352 
9652 9352 9088 9113 8645 8551 8440 8105 8007 7770 7453 7085 7022 7002 6898 6568 6362 6292 6053 5748 5471 5290 5254 5196 5159 5146 5121 4990 4958 5107 5197 5336 5432 5531 5717 5797 5630 5770 6069 6253 10096 10237 9973 9637 9362 8967 8566 8499 8203 7762 7056 6765 6301 5893 5596 5250 5121 4713 3694 3384 3027 2532 2297 2403 2194 1889 1564 1438 1677 1514 1144 509 281 0 8344 8238 8207 8007 7991 7804 7908 8073 8193 3957 3889 3894 3898 3852 3461 3026 2941 2830 2741 2614 2485 2382 2002 1835 1605 1743 1617 1592 
2858 2563 2658 2945 3002 3155 3207 3257 3565 3511 3366 3220 3380 3848 3962 3979 4016 4225 4320 4460 4602 4333 4224 4001 3757 3583 3467 3484 3391 3237 3155 3050 3006 2975 2801 2655 2734 2593 2286 2127 2680 2947 3039 3019 2642 2489 2337 2239 2215 2458 2706 2852 3132 3413 3633 3906 3467 3803 4654 4960 5325 5898 6287 6334 6618 6866 7017 6996 6709 6835 7199 7838 8063 8344 0 294 763 859 1315 1495 1716 1702 1984 4410 4567 4636 4848 5106 5468 5949 6126 6408 6700 7018 7469 7590 7768 7631 7487 7207 7059 7016 
2642 2335 2407 2687 2723 2872 2920 2965 3272 3217 3073 2932 3093 3560 3675 3699 3741 3951 4052 4201 4351 4094 3990 3778 3550 3391 3291 3328 3280 3143 3074 2991 2967 2955 2789 2628 2666 2526 2217 2081 2528 2787 2842 2794 2411 2234 2062 1962 1927 2163 2423 2578 2874 3169 3400 3684 3291 3642 4544 4860 5231 5821 6223 6281 6565 6806 6943 6910 6618 6726 7095 7731 7957 8238 294 0 475 565 1021 1202 1422 1410 1696 4289 4424 4483 4675 4920 5290 5776 5952 6230 6519 6837 7288 7411 7600 7469 7336 7056 6920 6880 
2245 1924 1962 2234 2250 2397 2445 2494 2805 2759 2631 2520 2684 3144 3266 3314 3373 3583 3701 3872 4042 3818 3726 3541 3350 3225 3160 3236 3272 3166 3121 3076 3083 3102 2951 2771 2743 2609 2306 2211 2232 2473 2472 2382 1995 1786 1592 1491 1452 1708 2032 2218 2559 2889 3143 3449 3160 3538 4522 4854 5233 5847 6269 6346 6629 6855 6969 6916 6618 6692 7070 7698 7926 8207 763 475 0 206 565 772 965 939 1222 4250 4345 4383 4534 4754 5137 5631 5801 6072 6355 6671 7119 7247 7457 7339 7226 6948 6832 6799 
2327 1997 1999 2256 2224 2358 2396 2417 2717 2655 2507 2371 2534 2998 3116 3151 3202 3412 3524 3688 3852 3622 3527 3339 3145 3018 2954 3032 3078 2976 2936 2899 2915 2942 2796 2611 2566 2434 2134 2051 2371 2603 2570 2451 2064 1820 1585 1480 1401 1601 1870 2042 2370 2693 2943 3247 2954 3333 4324 4658 5038 5655 6080 6160 6443 6667 6776 6720 6422 6492 6871 7497 7726 8007 859 565 206 0 468 636 865 873 1174 4050 4141 4178 4327 4548 4931 5425 5595 5866 6149 6465 6914 7041 7251 7133 7020 6742 6628 6595 
2009 1671 1613 1847 1770 1896 1930 1948 2252 2197 2066 1966 2131 2587 2711 2775 2846 3055 3187 3376 3562 3371 3291 3138 2990 2905 2881 3001 3135 3068 3052 3053 3099 3154 3025 2828 2724 2601 2320 2280 2187 2388 2283 2107 1727 1434 1152 1045 937 1144 1498 1709 2090 2451 2723 3050 2881 3281 4344 4690 5074 5710 6153 6251 6530 6739 6824 6748 6445 6482 6866 7482 7711 7991 1315 1021 565 468 0 233 401 408 714 4055 4103 4117 4221 4411 4806 5303 5468 5730 6004 6316 6761 6893 7123 7020 6928 6652 6560 6534 
