7
202
34 0 1 2 3 4 5 6 7 8 9 10 11 12 13 14 15 16 17 18 19 20 21 22 23 24 25 26 27 28 29 30 31 32 33
29 34 35 36 37 38 39 40 41 42 43 44 45 46 47 48 49 50 51 52 53 54 55 56 57 58 59 60 61 62
70 63 64 65 66 67 68 69 70 71 72 73 74 75 76 77 78 79 80 81 10 11 12 13 14 15 16 17 18 82 83 84 20 85 86 87 88 89 90 91 92 93 94 95 96 97 98 99 100 101 102 103 104 105 106 107 108 109 110 111 112 113 114 115 116 117 118 119 120 121 122
29 34 35 36 37 38 39 40 41 42 43 44 45 46 47 48 49 50 51 52 53 54 55 56 57 58 59 60 61 62
48 73 123 124 125 126 127 128 129 130 131 132 133 134 135 136 137 12 13 14 138 139 140 141 142 143 144 85 86 87 88 89 90 91 92 145 146 147 148 149 150 151 43 44 152 153 154 155 156
47 157 158 159 160 161 162 163 164 165 166 133 134 135 136 137 12 13 14 138 139 140 141 142 143 144 85 86 87 88 89 90 91 92 145 146 147 148 149 150 151 43 44 152 153 154 155 156
35 167 168 169 170 171 172 173 174 175 176 177 178 179 180 181 182 183 184 185 186 187 188 189 190 191 192 193 194 195 196 197 198 199 200 201
1200 900 1800 900 600 600 900 
0 432 460 345 398 550 942 1162 1460 1856 2193 2601 2685 2727 2819 2852 2766 3024 3319 3816 4053 4805 5145 5382 5735 5901 5863 5533 5485 5653 5742 5956 6103 6247 4895 5221 5352 5184 5074 4899 4746 4552 4400 4284 4218 3961 3698 3296 2994 2844 2924 3106 3284 3330 3409 3540 3819 4015 4180 4235 4254 4297 4794 3988 4425 4081 4039 3794 4008 4042 3854 3556 3430 3201 2736 2491 2199 2242 2493 2570 2334 2278 3598 3760 3954 4289 4261 4240 4253 4208 4258 4382 4463 4276 4131 4288 4378 4523 5207 5467 5826 6230 6050 5999 5907 5625 5591 5787 6189 6498 6491 6499 6743 6951 7159 7534 7647 7955 8027 8063 8113 8373 8647 3425 3578 3825 4024 4066 4198 4409 3998 4029 3744 3507 3331 2881 2553 2755 3119 3390 3478 3698 4248 4350 4522 4315 4140 4044 3906 3956 4117 4269 4043 3950 3871 3771 3683 6323 5896 5499 5226 5090 4601 4319 4079 3711 3466 9267 9017 8733 8312 7937 8195 8491 8622 8692 8611 8372 8155 7639 6976 6629 6381 5195 4895 4729 4519 4210 3979 3761 3472 3195 3033 2749 2681 2688 2682 2743 2542 2911 3356 3489 
432 0 53 273 523 742 1171 1429 1745 2175 2529 2943 3038 3112 3207 3257 3191 3457 3751 4246 4482 5233 5573 5809 6161 6333 6294 5965 5917 6085 6173 6387 6535 6679 5315 5634 5760 5582 5464 5279 5112 4900 4736 4611 4537 4277 4012 3618 3317 3190 3300 3499 3691 3746 3834 3967 4249 4447 4612 4667 4685 4726 5222 4026 4448 4143 4112 3889 4118 4181 4005 3708 3567 3310 2750 2548 2293 2385 2648 2753 2591 2570 4029 4191 4384 4719 4692 4672 4685 4638 4684 4801 4873 4672 4516 4663 4746 4882 5562 5838 6189 6582 6396 6336 6226 5945 5905 6095 6499 6807 6782 6779 7020 7225 7431 7804 7900 8201 8287 8332 8392 8671 8953 3560 3731 3990 4166 4230 4382 4620 4217 4273 3996 3768 3569 3131 2834 3072 3520 3796 3892 4111 4657 4775 4950 4713 4526 4421 4268 4309 4462 4609 4345 4230 4134 4008 3905 6672 6241 5840 5565 5427 4934 4649 4402 4021 3759 9611 9366 9085 8676 8304 8574 8867 9004 9081 9007 8770 8550 8035 7376 7033 6787 5609 5313 5144 4927 4613 4389 4177 3896 3626 3466 3172 3088 3073 3034 3060 2824 3159 3595 3748 
460 53 0 255 507 726 1154 1414 1732 2166 2522 2937 3035 3115 3211 3266 3207 3482 3775 4267 4502 5252 5592 5827 6178 6355 6316 5987 5942 6112 6202 6416 6563 6706 5351 5672 5799 5623 5507 5324 5158 4948 4785 4660 4587 4327 4063 3668 3367 3238 3344 3541 3730 3783 3868 3999 4279 4475 4640 4692 4707 4745 5240 3982 4403 4101 4072 3850 4080 4146 3971 3675 3533 3273 2705 2507 2255 2353 2616 2725 2571 2556 4051 4212 4406 4739 4714 4696 4712 4668 4717 4837 4912 4714 4559 4708 4792 4929 5609 5884 6236 6629 6444 6385 6276 5995 5955 6146 6550 6858 6834 6832 7072 7278 7484 7857 7954 8254 8340 8385 8445 8723 9005 3526 3698 3958 4131 4198 4352 4593 4191 4250 3975 3748 3546 3110 2818 3061 3528 3805 3904 4122 4667 4792 4970 4754 4569 4466 4315 4356 4510 4657 4396 4283 4187 4061 3959 6665 6234 5833 5556 5419 4925 4639 4391 4008 3744 9660 9415 9133 8723 8350 8618 8912 9048 9125 9049 8812 8592 8077 7417 7074 6827 5647 5349 5181 4966 4653 4428 4214 3930 3656 3492 3189 3097 3077 3030 3050 2808 3138 3572 3728 
345 273 255 0 252 471 899 1159 1477 1912 2269 2685 2784 2872 2970 3033 2995 3299 3584 4064 4297 5045 5385 5616 5965 6157 6118 5791 5752 5930 6033 6245 6387 6526 5210 5543 5680 5519 5412 5240 5090 4897 4745 4629 4562 4304 4041 3640 3338 3190 3266 3444 3613 3651 3718 3844 4113 4303 4463 4501 4510 4540 5032 3789 4217 3899 3865 3636 3861 3918 3740 3443 3304 3053 2519 2302 2037 2120 2381 2483 2318 2301 3854 4013 4207 4536 4517 4506 4533 4501 4563 4699 4788 4612 4470 4630 4722 4868 5552 5810 6170 6575 6395 6344 6251 5969 5934 6130 6532 6841 6831 6837 7080 7288 7495 7870 7979 8285 8361 8399 8452 8714 8990 3298 3465 3723 3902 3963 4112 4348 3945 4000 3723 3495 3295 2858 2563 2806 3293 3573 3679 3894 4436 4578 4763 4649 4479 4385 4251 4301 4462 4615 4384 4287 4204 4096 4003 6412 5981 5579 5302 5165 4670 4384 4136 3753 3489 9612 9362 9077 8656 8280 8536 8832 8962 9029 8946 8704 8489 7973 7308 6959 6709 5518 5213 5051 4848 4542 4306 4082 3782 3488 3310 2975 2866 2835 2779 2795 2553 2886 3322 3475 
398 523 507 252 0 219 648 907 1225 1661 2020 2437 2538 2637 2736 2810 2795 3131 3408 3873 4103 4848 5188 5414 5760 5969 5929 5605 5573 5760 5876 6084 6222 6357 5083 5428 5574 5428 5332 5173 5038 4864 4722 4615 4556 4300 4040 3634 3332 3166 3211 3369 3515 3538 3586 3705 3962 4145 4298 4323 4324 4344 4833 3603 4037 3703 3664 3426 3647 3694 3513 3215 3081 2838 2344 2108 1828 1893 2151 2246 2067 2049 3669 3826 4019 4343 4331 4328 4366 4348 4424 4575 4681 4527 4398 4570 4669 4823 5511 5751 6119 6535 6361 6318 6240 5958 5929 6129 6528 6837 6842 6856 7102 7311 7519 7896 8017 8327 8393 8424 8470 8717 8986 3075 3237 3492 3678 3732 3876 4106 3701 3752 3474 3245 3048 2608 2311 2554 3066 3349 3462 3674 4213 4374 4566 4561 4406 4323 4206 4264 4432 4590 4391 4311 4240 4150 4066 6163 5731 5329 5052 4914 4419 4133 3884 3500 3237 9576 9321 9033 8600 8221 8465 8763 8887 8945 8854 8608 8398 7881 7212 6857 6604 5402 5091 4935 4745 4447 4201 3966 3650 3336 3144 2774 2644 2600 2532 2543 2301 2637 3074 3225 
550 742 726 471 219 0 429 688 1006 1446 1806 2223 2327 2439 2539 2625 2635 3003 3269 3720 3946 4687 5026 5248 5591 5816 5775 5454 5429 5624 5752 5958 6091 6221 4990 5345 5499 5368 5280 5133 5012 4856 4723 4624 4571 4319 4062 3652 3352 3171 3188 3327 3452 3460 3490 3603 3848 4023 4171 4181 4175 4186 4671 3440 3880 3531 3489 3244 3460 3498 3314 3015 2886 2652 2197 1944 1649 1697 1951 2039 1849 1829 3522 3676 3868 4187 4183 4186 4236 4230 4320 4486 4605 4473 4356 4538 4644 4805 5494 5719 6092 6518 6349 6313 6249 5967 5942 6146 6542 6851 6868 6889 7137 7348 7557 7934 8065 8379 8437 8462 8502 8736 8999 2880 3037 3289 3481 3529 3669 3894 3487 3535 3256 3026 2832 2390 2092 2337 2877 3162 3283 3492 4026 4206 4405 4504 4363 4289 4188 4254 4428 4589 4419 4353 4293 4218 4142 5948 5515 5113 4836 4698 4203 3916 3666 3282 3017 9559 9301 9010 8567 8186 8418 8719 8836 8886 8788 8538 8333 7816 7143 6784 6529 5319 5001 4852 4674 4384 4130 3886 3555 3223 3018 2612 2462 2402 2322 2325 2081 2419 2858 3007 
942 1171 1154 899 648 429 0 271 589 1041 1408 1825 1937 2086 2190 2307 2381 2820 3061 3472 3688 4417 4753 4965 5299 5561 5518 5205 5195 5407 5562 5761 5883 6004 4868 5243 5412 5312 5244 5121 5028 4906 4792 4709 4669 4424 4175 3763 3469 3262 3226 3325 3406 3383 3375 3473 3688 3846 3979 3958 3934 3924 4397 3115 3563 3187 3137 2878 3084 3105 2915 2616 2496 2280 1916 1629 1308 1313 1556 1628 1419 1406 3292 3437 3627 3931 3942 3963 4038 4061 4179 4375 4524 4435 4344 4544 4662 4836 5524 5717 6102 6544 6385 6363 6326 6045 6030 6240 6629 6937 6976 7012 7262 7475 7684 8063 8212 8533 8575 8588 8618 8826 9077 2491 2638 2883 3086 3124 3255 3472 3063 3107 2827 2597 2404 1961 1664 1920 2546 2837 2975 3176 3696 3922 4138 4459 4350 4295 4226 4306 4488 4657 4540 4501 4461 4415 4353 5538 5105 4701 4422 4284 3788 3500 3248 2859 2591 9579 9314 9018 8557 8172 8382 8685 8790 8824 8713 8455 8260 7744 7065 6697 6438 5216 4888 4752 4601 4328 4059 3798 3439 3071 2839 2355 2152 2052 1930 1909 1654 1990 2430 2578 
1162 1429 1414 1159 907 688 271 0 319 770 1137 1553 1667 1825 1930 2060 2165 2638 2864 3253 3464 4186 4519 4726 5057 5334 5290 4981 4979 5198 5367 5562 5678 5794 4710 5095 5273 5191 5134 5026 4951 4850 4749 4676 4644 4405 4162 3752 3464 3241 3172 3246 3299 3259 3227 3316 3514 3662 3787 3750 3717 3697 4164 3015 3467 3068 3009 2737 2930 2930 2734 2436 2329 2138 1871 1559 1221 1170 1392 1437 1174 1141 3083 3223 3410 3707 3726 3754 3842 3881 4013 4225 4390 4328 4253 4463 4588 4769 5454 5627 6017 6468 6317 6303 6282 6003 5994 6207 6591 6898 6952 6996 7248 7461 7671 8050 8211 8535 8567 8573 8595 8786 9030 2326 2457 2691 2910 2932 3050 3250 2838 2868 2584 2349 2169 1720 1406 1651 2293 2584 2730 2926 3441 3685 3907 4348 4257 4214 4165 4253 4440 4612 4531 4510 4483 4456 4404 5267 4834 4430 4152 4014 3518 3231 2979 2593 2330 9496 9227 8928 8457 8070 8266 8570 8669 8693 8574 8312 8123 7608 6927 6555 6294 5068 4735 4607 4472 4211 3934 3664 3291 2906 2659 2137 1909 1792 1659 1640 1395 1749 2194 2331 
1460 1745 1732 1477 1225 1006 589 319 0 458 826 1240 1359 1545 1652 1806 1965 2488 2688 3041 3242 3950 4280 4479 4802 5104 5059 4757 4765 4996 5183 5372 5481 5589 4581 4978 5167 5108 5067 4978 4924 4850 4765 4705 4682 4451 4217 3810 3531 3293 3185 3228 3244 3181 3120 3195 3367 3500 3612 3551 3507 3470 3926 2880 3335 2910 2842 2556 2732 2707 2505 2211 2120 1963 1821 1488 1144 1023 1206 1212 879 825 2886 3018 3201 3484 3515 3556 3663 3723 3875 4109 4294 4267 4212 4434 4567 4755 5434 5583 5978 6439 6297 6294 6294 6017 6014 6232 6608 6913 6984 7038 7291 7505 7715 8094 8268 8596 8616 8613 8627 8798 9032 2118 2231 2450 2685 2689 2791 2972 2557 2573 2284 2047 1880 1425 1094 1331 2025 2318 2477 2664 3166 3442 3675 4281 4214 4186 4162 4260 4453 4628 4588 4588 4576 4570 4530 4949 4515 4111 3833 3695 3199 2911 2660 2275 2015 9453 9179 8878 8394 8006 8184 8490 8579 8592 8463 8196 8015 7502 6818 6442 6179 4951 4612 4496 4382 4137 3851 3572 3183 2776 2511 1935 1665 1514 1351 1321 1083 1456 1904 2029 
1856 2175 2166 1912 1661 1446 1041 770 458 0 368 783 901 1109 1217 1400 1632 2214 2376 2676 2863 3551 3876 4065 4381 4708 4662 4368 4390 4633 4843 5024 5122 5222 4314 4725 4927 4900 4879 4817 4795 4760 4696 4655 4646 4428 4209 3812 3550 3293 3131 3128 3093 2999 2896 2952 3086 3196 3292 3200 3140 3083 3524 2868 3318 2859 2776 2473 2614 2541 2330 2051 1997 1909 1968 1625 1303 1093 1183 1111 624 452 2543 2663 2839 3103 3148 3205 3335 3423 3602 3862 4074 4094 4068 4304 4448 4646 5312 5424 5826 6299 6170 6182 6210 5937 5945 6166 6531 6832 6927 6996 7250 7464 7673 8050 8244 8577 8578 8564 8565 8707 8927 1999 2068 2252 2514 2482 2547 2681 2264 2240 1943 1698 1577 1122 736 899 1600 1892 2065 2241 2729 3037 3281 4101 4068 4062 4073 4184 4382 4560 4581 4610 4621 4646 4623 4501 4069 3667 3390 3252 2758 2473 2227 1854 1615 9286 9006 8701 8202 7812 7966 8273 8350 8347 8205 7933 7762 7253 6569 6187 5922 4697 4353 4252 4169 3948 3653 3364 2957 2525 2241 1600 1276 1081 892 887 724 1155 1598 1683 
2193 2529 2522 2269 2020 1806 1408 1137 826 368 0 417 533 780 887 1107 1420 2046 2166 2408 2580 3244 3563 3743 4051 4402 4355 4069 4103 4358 4586 4760 4849 4940 4126 4547 4761 4762 4759 4720 4725 4721 4677 4651 4654 4448 4242 3857 3611 3343 3140 3098 3021 2900 2762 2799 2896 2984 3063 2943 2867 2791 3215 2907 3347 2867 2774 2463 2572 2458 2244 1988 1968 1941 2147 1810 1518 1270 1286 1159 617 353 2299 2406 2572 2816 2876 2947 3099 3213 3413 3696 3930 3992 3990 4237 4388 4593 5244 5326 5730 6212 6094 6119 6170 5902 5918 6142 6496 6792 6906 6987 7241 7454 7662 8037 8246 8582 8569 8545 8536 8654 8862 1972 2002 2147 2429 2363 2394 2481 2069 2006 1706 1459 1393 967 561 579 1277 1565 1753 1915 2384 2726 2980 3992 3989 4000 4042 4162 4362 4542 4612 4664 4692 4742 4732 4143 3712 3311 3036 2899 2408 2126 1886 1529 1319 9169 8884 8577 8066 7676 7809 8117 8184 8167 8015 7738 7577 7072 6388 6003 5738 4520 4172 4087 4030 3833 3533 3237 2820 2373 2076 1386 1009 758 524 565 550 1001 1411 1447 
2601 2943 2937 2685 2437 2223 1825 1553 1240 783 417 0 151 535 623 904 1328 1983 2041 2193 2337 2956 3262 3425 3719 4107 4058 3787 3839 4109 4365 4527 4602 4680 4001 4432 4658 4694 4713 4703 4738 4771 4748 4740 4756 4565 4374 4005 3778 3501 3258 3176 3052 2902 2723 2735 2782 2840 2893 2733 2635 2530 2922 2948 3369 2874 2771 2458 2527 2369 2159 1938 1959 2001 2357 2035 1783 1512 1457 1288 792 565 2122 2206 2355 2564 2644 2737 2918 3066 3295 3602 3862 3974 4002 4258 4417 4627 5257 5302 5709 6198 6093 6133 6210 5950 5975 6200 6540 6830 6966 7059 7312 7524 7730 8102 8327 8666 8638 8602 8581 8672 8866 1966 1948 2043 2338 2235 2223 2251 1856 1743 1450 1211 1226 888 568 298 998 1264 1477 1608 2034 2435 2703 3966 3998 4031 4106 4235 4437 4617 4738 4816 4861 4935 4939 3728 3298 2899 2625 2489 2000 1722 1490 1157 995 9111 8822 8512 7988 7598 7706 8014 8067 8034 7869 7587 7438 6939 6259 5871 5606 4405 4056 3990 3968 3802 3498 3199 2777 2321 2016 1294 868 535 135 285 562 916 1237 1205 
2685 3038 3035 2784 2538 2327 1937 1667 1359 901 533 151 0 401 481 770 1214 1871 1914 2048 2188 2804 3110 3274 3568 3955 3906 3636 3688 3959 4218 4378 4452 4529 3868 4301 4529 4573 4597 4594 4638 4681 4665 4662 4682 4496 4312 3948 3729 3449 3193 3098 2960 2803 2613 2619 2655 2705 2754 2588 2488 2380 2770 3076 3492 2994 2889 2578 2637 2468 2260 2049 2080 2135 2507 2186 1935 1663 1606 1435 943 716 1984 2063 2210 2414 2497 2592 2777 2931 3165 3477 3742 3866 3902 4161 4321 4533 5156 5192 5598 6089 5988 6031 6116 5857 5885 6111 6447 6734 6877 6973 7226 7438 7643 8013 8243 8583 8550 8511 8487 8570 8760 2087 2058 2138 2436 2323 2296 2301 1916 1783 1496 1266 1312 1007 712 396 849 1113 1326 1456 1885 2283 2552 3856 3898 3936 4021 4153 4355 4534 4673 4759 4811 4894 4902 3638 3211 2815 2544 2411 1928 1657 1438 1135 1013 8990 8700 8390 7862 7473 7576 7883 7934 7898 7731 7448 7301 6804 6125 5736 5472 4274 3925 3863 3850 3691 3387 3088 2665 2209 1904 1181 751 408 18 385 707 1032 1321 1263 
2727 3112 3115 2872 2637 2439 2086 1825 1545 1109 780 535 401 0 108 369 823 1478 1512 1663 1817 2465 2783 2963 3274 3622 3575 3292 3332 3594 3840 4006 4087 4172 3467 3899 4128 4173 4200 4202 4253 4310 4302 4307 4333 4157 3982 3631 3427 3144 2864 2748 2588 2422 2221 2222 2253 2305 2357 2202 2111 2020 2435 3477 3893 3395 3290 2979 3034 2858 2652 2448 2481 2535 2877 2549 2278 2016 1983 1820 1308 1058 1587 1672 1826 2049 2120 2207 2383 2531 2763 3076 3342 3475 3519 3780 3943 4156 4770 4797 5204 5696 5598 5644 5737 5482 5513 5739 6069 6354 6504 6606 6858 7069 7273 7642 7878 8218 8179 8136 8108 8183 8370 2489 2456 2527 2826 2704 2662 2637 2268 2109 1835 1619 1695 1408 1103 795 497 785 974 1135 1621 1947 2204 3464 3514 3560 3657 3793 3994 4173 4338 4439 4502 4603 4622 3644 3230 2851 2594 2469 2015 1772 1595 1372 1325 8590 8299 7989 7461 7071 7174 7482 7533 7499 7333 7051 6902 6405 5725 5337 5072 3872 3524 3462 3451 3297 2994 2694 2272 1816 1511 791 362 40 419 786 1097 1434 1702 1618 
2819 3207 3211 2970 2736 2539 2190 1930 1652 1217 887 623 481 108 0 297 781 1429 1443 1569 1718 2360 2676 2855 3166 3516 3469 3188 3229 3494 3743 3907 3986 4070 3390 3824 4055 4108 4140 4149 4209 4275 4273 4283 4313 4141 3972 3627 3430 3146 2856 2728 2556 2382 2171 2165 2182 2226 2272 2109 2014 1918 2329 3553 3965 3465 3359 3048 3096 2913 2709 2512 2552 2616 2974 2648 2381 2117 2078 1912 1405 1159 1502 1582 1732 1948 2023 2114 2295 2451 2689 3007 3279 3424 3476 3739 3903 4117 4725 4742 5148 5642 5547 5598 5697 5444 5477 5703 6029 6312 6468 6573 6824 7035 7238 7606 7846 8187 8143 8097 8067 8134 8318 2560 2520 2581 2881 2752 2701 2661 2301 2131 1863 1655 1748 1481 1191 867 390 677 869 1028 1514 1841 2100 3411 3471 3522 3628 3767 3967 4146 4325 4432 4501 4609 4632 3571 3160 2785 2533 2409 1965 1731 1565 1368 1347 8523 8232 7922 7391 7001 7099 7406 7455 7417 7249 6966 6820 6324 5645 5256 4992 3797 3448 3391 3389 3244 2940 2642 2220 1766 1462 751 338 138 499 859 1186 1505 1753 1656 
2852 3257 3266 3033 2810 2625 2307 2060 1806 1400 1107 904 770 369 297 0 500 1137 1147 1305 1472 2151 2477 2673 2998 3308 3262 2969 2996 3250 3484 3654 3741 3833 3098 3531 3760 3811 3843 3854 3917 3991 3995 4011 4045 3879 3718 3384 3198 2914 2607 2463 2275 2095 1878 1868 1886 1936 1989 1843 1760 1686 2124 3845 4259 3760 3654 3344 3393 3210 3006 2809 2847 2904 3234 2903 2623 2366 2345 2186 1667 1411 1218 1309 1469 1709 1769 1847 2016 2162 2395 2711 2982 3130 3186 3450 3615 3830 4433 4446 4852 5346 5253 5305 5408 5157 5192 5418 5741 6023 6182 6290 6540 6751 6953 7320 7563 7905 7858 7809 7777 7841 8023 2855 2817 2878 3178 3047 2991 2941 2588 2409 2148 1945 2044 1775 1471 1161 272 539 671 869 1403 1638 1881 3116 3180 3236 3351 3491 3691 3869 4066 4184 4261 4381 4411 3651 3254 2895 2656 2541 2125 1914 1777 1622 1628 8227 7935 7625 7095 6706 6806 7113 7164 7129 6964 6683 6533 6035 5355 4967 4702 3504 3155 3096 3092 2948 2645 2347 1926 1472 1171 473 172 371 788 1152 1465 1800 2049 1947 
2766 3191 3207 2995 2795 2635 2381 2165 1965 1632 1420 1328 1214 823 781 500 0 656 747 1091 1311 2053 2392 2621 2971 3184 3142 2825 2814 3034 3219 3407 3517 3630 2706 3129 3347 3368 3385 3379 3430 3494 3495 3510 3544 3381 3223 2896 2721 2436 2117 1963 1776 1601 1399 1407 1476 1568 1659 1587 1553 1551 2038 4272 4697 4202 4099 3786 3851 3681 3474 3263 3287 3317 3565 3226 2921 2685 2703 2564 2026 1761 921 1058 1246 1553 1561 1592 1704 1795 1994 2284 2535 2652 2696 2958 3122 3336 3947 3977 4383 4875 4775 4821 4916 4662 4696 4922 5248 5532 5687 5792 6043 6254 6457 6824 7065 7406 7362 7316 7286 7359 7547 3294 3272 3350 3649 3527 3481 3440 3082 2908 2644 2436 2519 2216 1876 1610 672 795 774 1001 1551 1584 1770 2642 2691 2741 2850 2991 3191 3369 3569 3691 3774 3904 3941 4004 3626 3288 3065 2958 2572 2380 2260 2122 2126 7785 7496 7187 6666 6276 6396 6704 6766 6747 6595 6318 6156 5652 4968 4583 4318 3102 2753 2674 2641 2476 2173 1873 1451 994 689 34 463 808 1231 1599 1868 2243 2526 2437 
3024 3457 3482 3299 3131 3003 2820 2638 2488 2214 2046 1983 1871 1478 1429 1137 656 0 324 887 1130 1859 2190 2448 2813 2892 2857 2521 2461 2631 2749 2955 3090 3227 2100 2510 2717 2719 2730 2723 2780 2863 2880 2910 2957 2814 2683 2394 2265 1989 1622 1409 1164 965 743 755 879 1025 1167 1216 1260 1363 1860 4923 5350 4856 4754 4442 4508 4336 4130 3920 3942 3964 4175 3833 3517 3294 3332 3202 2660 2394 635 803 985 1335 1266 1221 1234 1242 1390 1651 1886 1996 2049 2315 2481 2696 3296 3320 3727 4218 4119 4168 4272 4022 4061 4286 4605 4886 5049 5161 5411 5620 5821 6187 6435 6777 6725 6674 6640 6705 6891 3949 3929 4005 4305 4180 4129 4073 3725 3540 3284 3082 3173 2871 2525 2266 1238 1236 1092 1272 1732 1504 1588 1985 2044 2104 2239 2386 2583 2758 3010 3162 3269 3433 3492 4330 3985 3685 3491 3398 3065 2909 2823 2732 2762 7133 6846 6538 6021 5631 5763 6071 6141 6133 5991 5720 5548 5039 4354 3972 3708 2483 2138 2042 1989 1820 1516 1217 794 338 33 689 1120 1465 1888 2256 2517 2899 3180 3084 
3319 3751 3775 3584 3408 3269 3061 2864 2688 2376 2166 2041 1914 1512 1443 1147 747 324 0 564 806 1536 1868 2125 2490 2585 2548 2215 2167 2354 2502 2699 2824 2951 1964 2391 2616 2665 2706 2738 2835 2962 3005 3055 3114 2993 2883 2623 2519 2249 1866 1621 1329 1100 814 757 740 820 924 917 943 1039 1536 4990 5406 4907 4802 4491 4539 4350 4148 3956 3994 4042 4312 3973 3669 3433 3447 3302 2768 2503 311 479 661 1012 950 921 978 1048 1254 1564 1840 2027 2122 2392 2563 2780 3340 3320 3724 4221 4139 4203 4336 4097 4144 4369 4669 4941 5125 5249 5496 5702 5900 6260 6523 6865 6798 6736 6692 6729 6900 4001 3963 4018 4318 4179 4108 4022 3695 3492 3251 3065 3185 2921 2602 2308 1175 1097 911 1052 1460 1184 1264 2004 2113 2202 2376 2529 2720 2889 3193 3366 3487 3668 3738 4074 3743 3460 3280 3196 2896 2764 2706 2661 2728 7080 6788 6478 5948 5559 5664 5972 6029 6004 5849 5571 5412 4909 4226 3840 3574 2364 2015 1949 1951 1834 1536 1245 845 461 332 780 1178 1507 1932 2298 2595 2946 3188 3069 
3816 4246 4267 4064 3873 3720 3472 3253 3041 2676 2408 2193 2048 1663 1569 1305 1091 887 564 0 245 992 1331 1579 1941 2096 2055 1735 1725 1957 2179 2351 2446 2548 1910 2349 2598 2731 2822 2915 3072 3262 3341 3417 3493 3402 3321 3098 3023 2762 2368 2096 1765 1522 1206 1085 870 784 752 540 465 486 987 5087 5482 4980 4868 4564 4581 4364 4173 4014 4078 4170 4539 4208 3927 3672 3646 3481 2970 2716 254 99 163 472 473 544 752 976 1270 1632 1957 2255 2408 2675 2848 3062 3551 3458 3852 4350 4296 4385 4562 4342 4404 4625 4893 5147 5364 5506 5746 5947 6138 6486 6771 7113 7021 6943 6881 6872 7017 4087 4019 4034 4331 4169 4065 3929 3643 3411 3203 3049 3215 3023 2760 2418 1208 1003 769 782 1006 622 713 2216 2396 2521 2743 2900 3079 3237 3606 3804 3942 4145 4226 3610 3307 3059 2908 2841 2607 2526 2520 2561 2693 7089 6791 6479 5929 5544 5600 5906 5937 5881 5702 5415 5280 4792 4121 3732 3470 2323 1984 1978 2076 2049 1780 1528 1211 964 896 1117 1403 1672 2066 2411 2755 3044 3214 3057 
4053 4482 4502 4297 4103 3946 3688 3464 3242 2863 2580 2337 2188 1817 1718 1472 1311 1130 806 245 0 751 1091 1335 1697 1873 1830 1517 1526 1778 2031 2190 2270 2360 1892 2327 2583 2751 2862 2980 3161 3377 3470 3557 3640 3562 3495 3289 3227 2972 2574 2292 1950 1705 1388 1252 988 847 755 456 306 243 744 5191 5575 5073 4961 4660 4664 4437 4252 4107 4180 4289 4692 4366 4093 3833 3794 3623 3123 2875 495 328 185 243 314 459 726 1000 1309 1678 2013 2351 2525 2787 2959 3170 3625 3501 3888 4383 4342 4442 4636 4426 4494 4712 4965 5211 5442 5591 5827 6025 6213 6555 6849 7190 7088 7003 6933 6904 7038 4190 4110 4109 4404 4233 4116 3959 3692 3449 3258 3118 3302 3140 2899 2544 1340 1099 869 816 891 395 470 2305 2511 2649 2889 3047 3220 3372 3767 3975 4121 4333 4420 3450 3166 2939 2807 2750 2555 2501 2521 2601 2758 7061 6761 6450 5892 5510 5544 5848 5869 5799 5611 5321 5196 4718 4055 3666 3408 2303 1976 1996 2132 2142 1891 1662 1385 1185 1139 1335 1587 1830 2206 2539 2895 3159 3299 3129 
4805 5233 5252 5045 4848 4687 4417 4186 3950 3551 3244 2956 2804 2465 2360 2151 2053 1859 1536 992 751 0 340 589 955 1157 1111 832 915 1223 1573 1675 1701 1747 1880 2263 2525 2789 2955 3144 3388 3674 3809 3927 4029 3993 3968 3820 3801 3566 3162 2857 2494 2256 1952 1792 1458 1236 1047 748 619 507 51 5687 6045 5547 5431 5142 5115 4866 4696 4588 4683 4828 5305 4989 4737 4467 4402 4218 3748 3513 1230 1061 874 524 615 745 964 1257 1539 1870 2203 2631 2857 3096 3260 3454 3794 3582 3935 4413 4411 4540 4788 4610 4696 4902 5105 5321 5591 5762 5984 6171 6346 6667 6987 7323 7189 7081 6988 6897 6994 4695 4588 4549 4833 4642 4493 4283 4074 3808 3662 3562 3782 3690 3499 3125 1970 1691 1491 1348 1072 520 282 2570 2840 3010 3293 3449 3599 3730 4197 4435 4603 4843 4947 3179 2976 2839 2776 2755 2695 2721 2811 2987 3202 6873 6568 6260 5684 5315 5285 5580 5567 5458 5242 4946 4856 4409 3783 3408 3167 2244 1980 2078 2313 2429 2244 2088 1930 1851 1862 2075 2285 2485 2821 3122 3497 3704 3775 3576 
5145 5573 5592 5385 5188 5026 4753 4519 4280 3876 3563 3262 3110 2783 2676 2477 2392 2190 1868 1331 1091 340 0 270 632 845 796 565 714 1038 1432 1493 1482 1498 1953 2298 2553 2854 3040 3255 3523 3834 3985 4114 4223 4204 4196 4071 4069 3843 3439 3128 2762 2530 2235 2071 1726 1494 1295 1036 936 847 355 5942 6288 5794 5677 5393 5355 5098 4935 4841 4944 5102 5602 5291 5045 4774 4699 4513 4053 3823 1566 1397 1207 860 931 1033 1206 1475 1728 2029 2348 2800 3042 3268 3426 3611 3899 3651 3985 4450 4465 4607 4876 4713 4805 5005 5185 5386 5672 5851 6067 6247 6416 6726 7057 7390 7242 7124 7021 6902 6982 4956 4839 4787 5066 4868 4708 4479 4293 4020 3892 3807 4039 3971 3798 3419 2286 2002 1812 1654 1309 838 622 2734 3024 3204 3500 3653 3792 3914 4407 4655 4830 5081 5192 3127 2968 2877 2847 2842 2838 2896 3010 3219 3450 6795 6489 6183 5603 5242 5181 5470 5442 5315 5086 4789 4715 4288 3686 3322 3094 2282 2057 2183 2451 2606 2449 2324 2207 2165 2193 2414 2615 2804 3127 3417 3796 3983 4031 3822 
5382 5809 5827 5616 5414 5248 4965 4726 4479 4065 3743 3425 3274 2963 2855 2673 2621 2448 2125 1579 1335 589 270 0 366 738 687 575 783 1096 1511 1532 1484 1464 2162 2482 2731 3050 3246 3474 3751 4072 4229 4362 4474 4460 4457 4337 4338 4113 3709 3397 3031 2800 2505 2342 1996 1764 1564 1306 1201 1092 591 6035 6370 5879 5762 5485 5434 5170 5015 4935 5046 5218 5748 5442 5207 4933 4846 4656 4211 3990 1819 1650 1463 1113 1196 1303 1475 1738 1983 2272 2585 3044 3291 3512 3667 3848 4112 3846 4169 4624 4650 4798 5078 4924 5019 5215 5382 5576 5869 6053 6265 6442 6606 6910 7247 7577 7422 7298 7189 7052 7121 5058 4932 4865 5138 4935 4763 4518 4354 4077 3967 3897 4140 4099 3948 3565 2467 2178 2002 1827 1422 1043 865 2977 3273 3456 3756 3907 4043 4162 4662 4913 5091 5344 5457 2975 2848 2792 2788 2797 2841 2925 3060 3297 3545 6886 6580 6277 5693 5340 5255 5538 5498 5355 5117 4819 4761 4351 3771 3418 3201 2468 2265 2404 2684 2853 2706 2588 2477 2432 2452 2641 2817 2987 3289 3564 3947 4110 4130 3913 
5735 6161 6178 5965 5760 5591 5299 5057 4802 4381 4051 3719 3568 3274 3166 2998 2971 2813 2490 1941 1697 955 632 366 0 662 618 699 931 1195 1612 1581 1486 1416 2414 2697 2936 3278 3487 3731 4022 4359 4525 4666 4781 4779 4785 4678 4687 4466 4063 3749 3382 3153 2862 2698 2351 2116 1915 1668 1567 1455 954 6248 6567 6083 5965 5696 5631 5360 5214 5151 5271 5457 6018 5719 5495 5218 5120 4926 4498 4284 2184 2014 1828 1478 1562 1665 1824 2076 2305 2574 2875 3344 3599 3811 3961 4135 4359 4067 4372 4812 4852 5010 5305 5165 5265 5454 5602 5782 6088 6278 6483 6654 6813 7106 7451 7777 7610 7478 7360 7197 7249 5284 5147 5064 5329 5119 4936 4670 4534 4253 4164 4113 4367 4356 4227 3841 2781 2489 2326 2140 1690 1387 1228 3274 3580 3767 4074 4223 4352 4464 4978 5236 5418 5677 5793 2874 2800 2797 2830 2857 2961 3077 3235 3504 3768 6947 6642 6343 5758 5416 5297 5572 5514 5351 5100 4802 4766 4383 3838 3502 3303 2686 2516 2671 2968 3159 3029 2927 2833 2798 2817 2990 3148 3300 3583 3841 4227 4364 4355 4130 
5901 6333 6355 6157 5969 5816 5561 5334 5104 4708 4402 4107 3955 3622 3516 3308 3184 2892 2585 2096 1873 1157 845 738 662 0 51 371 503 626 1009 939 826 755 1986 2195 2413 2784 3011 3282 3598 3964 4153 4310 4435 4465 4506 4453 4503 4310 3916 3594 3230 3023 2767 2601 2253 2017 1818 1676 1648 1637 1186 6768 7106 6615 6497 6218 6171 5908 5751 5668 5776 5940 6448 6136 5889 5618 5545 5358 4898 4667 2304 2144 1950 1630 1640 1672 1730 1908 2063 2258 2515 2998 3269 3452 3587 3741 3883 3553 3829 4248 4306 4475 4791 4672 4779 4958 5074 5236 5556 5755 5950 6112 6263 6543 6896 7217 7037 6896 6769 6585 6625 5788 5665 5602 5876 5673 5502 5255 5093 4816 4704 4631 4870 4813 4643 4264 3126 2844 2649 2498 2142 1675 1428 2924 3250 3448 3769 3910 4015 4108 4658 4931 5127 5405 5535 3530 3463 3455 3478 3498 3569 3661 3799 4033 4277 6291 5987 5689 5103 4766 4638 4912 4852 4688 4439 4141 4103 3722 3187 2860 2672 2189 2084 2267 2592 2834 2761 2723 2725 2798 2888 3208 3440 3643 3971 4262 4641 4825 4860 4647 
5863 6294 6316 6118 5929 5775 5518 5290 5059 4662 4355 4058 3906 3575 3469 3262 3142 2857 2548 2055 1830 1111 796 687 618 51 0 340 492 642 1035 974 868 803 1990 2208 2429 2796 3021 3290 3603 3967 4153 4309 4433 4461 4498 4440 4487 4292 3897 3575 3210 3001 2743 2577 2228 1991 1791 1642 1609 1593 1139 6717 7055 6563 6446 6167 6119 5857 5700 5616 5724 5889 6398 6087 5841 5570 5495 5308 4849 4619 2265 2104 1911 1588 1602 1637 1703 1887 2049 2251 2513 2994 3265 3450 3587 3744 3894 3569 3848 4271 4326 4493 4807 4685 4792 4972 5092 5257 5575 5773 5969 6133 6284 6566 6918 7240 7061 6922 6796 6615 6658 5736 5614 5551 5825 5622 5451 5203 5041 4764 4652 4579 4819 4763 4594 4214 3078 2797 2602 2450 2091 1628 1383 2921 3245 3443 3763 3904 4012 4107 4654 4926 5121 5397 5526 3489 3419 3408 3429 3448 3518 3610 3747 3982 4226 6331 6027 5729 5143 4804 4680 4954 4896 4734 4485 4188 4148 3765 3225 2896 2705 2201 2088 2268 2592 2828 2751 2706 2701 2767 2853 3166 3394 3596 3923 4212 4592 4775 4809 4595 
5533 5965 5987 5791 5605 5454 5205 4981 4757 4368 4069 3787 3636 3292 3188 2969 2825 2521 2215 1735 1517 832 565 575 699 371 340 0 232 522 941 958 923 933 1736 2000 2237 2584 2798 3051 3352 3701 3879 4029 4150 4166 4193 4123 4162 3962 3565 3244 2878 2667 2405 2239 1889 1652 1452 1305 1281 1287 869 6503 6852 6357 6240 5955 5919 5663 5499 5402 5503 5655 6137 5821 5567 5299 5234 5051 4579 4343 1937 1779 1586 1274 1273 1300 1363 1554 1729 1952 2230 2708 2973 3170 3313 3478 3671 3371 3673 4113 4153 4311 4610 4473 4575 4762 4904 5083 5390 5581 5785 5955 6114 6407 6751 7078 6911 6781 6664 6509 6569 5514 5401 5351 5631 5434 5273 5042 4858 4586 4457 4370 4599 4519 4332 3957 2798 2522 2318 2181 1871 1352 1088 2636 2954 3148 3465 3609 3725 3826 4362 4629 4820 5092 5217 3531 3419 3368 3361 3367 3390 3457 3575 3783 4012 6312 6007 5704 5120 4769 4679 4963 4923 4783 4547 4249 4187 3775 3198 2848 2636 1990 1837 2004 2316 2534 2439 2382 2364 2427 2517 2850 3095 3311 3652 3954 4329 4533 4591 4385 
5485 5917 5942 5752 5573 5429 5195 4979 4765 4390 4103 3839 3688 3332 3229 2996 2814 2461 2167 1725 1526 915 714 783 931 503 492 232 0 324 729 779 786 841 1515 1770 2006 2354 2570 2827 3132 3487 3669 3822 3946 3969 4005 3949 4000 3809 3416 3094 2731 2528 2281 2116 1771 1539 1345 1250 1261 1312 960 6602 6960 6463 6347 6058 6030 5780 5611 5503 5598 5739 6195 5874 5611 5346 5293 5114 4630 4388 1906 1757 1568 1286 1253 1245 1260 1415 1560 1758 2024 2505 2774 2964 3103 3264 3444 3140 3441 3881 3921 4079 4379 4244 4347 4533 4673 4851 5158 5350 5553 5723 5882 6175 6519 6846 6679 6549 6433 6282 6344 5609 5503 5464 5747 5555 5401 5182 4983 4715 4575 4477 4698 4597 4392 4022 2843 2576 2362 2244 1984 1419 1138 2432 2755 2951 3271 3413 3523 3620 4163 4434 4629 4904 5033 3753 3631 3568 3551 3551 3552 3605 3710 3900 4117 6104 5799 5495 4912 4558 4479 4765 4732 4601 4372 4075 4003 3581 2991 2635 2418 1760 1616 1788 2106 2337 2258 2220 2236 2339 2454 2842 3114 3348 3705 4019 4389 4612 4691 4491 
5653 6085 6112 5930 5760 5624 5407 5198 4996 4633 4358 4109 3959 3594 3494 3250 3034 2631 2354 1957 1778 1223 1038 1096 1195 626 642 522 324 0 419 456 492 597 1383 1570 1787 2158 2387 2663 2984 3358 3554 3717 3846 3890 3947 3924 3999 3826 3444 3122 2767 2582 2363 2203 1873 1653 1475 1449 1493 1579 1269 6901 7265 6766 6650 6359 6336 6089 5918 5804 5895 6029 6466 6142 5871 5611 5566 5390 4899 4652 2115 1977 1796 1545 1484 1444 1400 1493 1577 1710 1936 2419 2695 2862 2991 3137 3258 2927 3207 3632 3685 3851 4165 4045 4153 4331 4450 4616 4933 5130 5327 5491 5644 5928 6279 6602 6426 6290 6168 6001 6055 5906 5805 5771 6056 5865 5715 5500 5296 5029 4885 4782 4998 4884 4667 4302 3111 2853 2633 2528 2295 1712 1425 2344 2675 2877 3203 3338 3432 3515 4078 4358 4560 4845 4982 4052 3942 3887 3873 3874 3876 3926 4028 4210 4421 5790 5485 5182 4598 4246 4160 4445 4409 4277 4048 3751 3679 3259 2675 2325 2115 1564 1477 1670 2004 2268 2231 2237 2313 2472 2620 3063 3359 3608 3977 4298 4663 4900 4991 4796 
5742 6173 6202 6033 5876 5752 5562 5367 5183 4843 4586 4365 4218 3840 3743 3484 3219 2749 2502 2179 2031 1573 1432 1511 1612 1009 1035 941 729 419 0 227 424 622 1156 1244 1435 1824 2064 2358 2693 3085 3294 3468 3603 3671 3752 3770 3875 3726 3361 3044 2707 2549 2372 2223 1923 1730 1583 1644 1729 1861 1623 7207 7580 7080 6965 6669 6658 6417 6241 6115 6197 6317 6717 6387 6105 5851 5822 5653 5148 4895 2300 2181 2015 1816 1721 1639 1524 1534 1533 1575 1739 2210 2491 2628 2741 2868 2925 2568 2827 3239 3302 3474 3800 3695 3807 3977 4076 4231 4556 4758 4948 5108 5256 5534 5888 6208 6027 5887 5761 5586 5637 6208 6116 6095 6384 6199 6058 5855 5637 5375 5218 5103 5308 5168 4929 4575 3370 3127 2900 2819 2641 2030 1739 2134 2471 2675 3004 3129 3203 3269 3851 4139 4348 4644 4788 4471 4359 4297 4277 4274 4257 4294 4383 4545 4742 5375 5069 4765 4182 3829 3750 4038 4010 3889 3669 3373 3288 2856 2261 1907 1695 1244 1235 1444 1787 2085 2103 2164 2315 2546 2734 3250 3579 3850 4236 4570 4925 5186 5303 5116 
5956 6387 6416 6245 6084 5958 5761 5562 5372 5024 4760 4527 4378 4006 3907 3654 3407 2955 2699 2351 2190 1675 1493 1532 1581 939 974 958 779 456 227 0 209 410 1373 1428 1598 1996 2241 2543 2882 3280 3494 3670 3807 3881 3967 3992 4100 3953 3588 3271 2934 2775 2595 2444 2140 1941 1787 1823 1894 2006 1723 7344 7711 7211 7096 6803 6784 6539 6366 6248 6336 6464 6882 6555 6278 6021 5985 5812 5313 5063 2486 2360 2188 1966 1886 1818 1723 1750 1759 1801 1959 2426 2707 2837 2945 3066 3091 2718 2956 3349 3425 3604 3941 3847 3962 4126 4208 4350 4683 4890 5073 5227 5370 5638 5998 6314 6123 5977 5845 5649 5686 6347 6249 6220 6506 6317 6169 5956 5749 5483 5336 5230 5441 5317 5089 4729 3529 3279 3055 2962 2748 2156 1866 2350 2687 2890 3220 3342 3411 3473 4058 4348 4559 4857 5003 4455 4365 4324 4319 4323 4331 4382 4483 4662 4869 5369 5064 4763 4178 3835 3727 4008 3965 3826 3594 3296 3229 2819 2257 1922 1732 1429 1448 1660 2002 2305 2329 2391 2538 2760 2940 3437 3755 4018 4396 4725 5085 5334 5435 5243 
6103 6535 6563 6387 6222 6091 5883 5678 5481 5122 4849 4602 4452 4087 3986 3741 3517 3090 2824 2446 2270 1701 1482 1484 1486 826 868 923 786 492 424 209 0 201 1579 1636 1802 2202 2448 2750 3091 3489 3703 3880 4016 4090 4175 4195 4299 4148 3779 3461 3120 2955 2764 2610 2295 2088 1924 1929 1983 2072 1746 7387 7746 7249 7132 6843 6816 6566 6397 6288 6382 6519 6959 6635 6364 6103 6059 5883 5391 5145 2596 2462 2283 2038 1974 1925 1855 1908 1937 1997 2164 2633 2914 3046 3155 3275 3294 2915 3144 3528 3610 3792 4133 4045 4161 4322 4396 4532 4869 5077 5258 5409 5549 5811 6174 6487 6292 6142 6005 5796 5823 6393 6288 6250 6533 6340 6185 5961 5768 5498 5361 5263 5483 5375 5160 4795 3604 3345 3125 3019 2769 2200 1915 2557 2894 3097 3427 3550 3620 3682 4268 4557 4767 5065 5210 4357 4285 4263 4271 4282 4314 4378 4491 4686 4903 5465 5161 4864 4278 3943 3812 4086 4030 3876 3633 3335 3286 2897 2364 2047 1874 1638 1656 1867 2209 2510 2526 2578 2709 2911 3077 3546 3849 4101 4469 4791 5156 5390 5476 5277 
6247 6679 6706 6526 6357 6221 6004 5794 5589 5222 4940 4680 4529 4172 4070 3833 3630 3227 2951 2548 2360 1747 1498 1464 1416 755 803 933 841 597 622 410 201 0 1778 1836 1999 2400 2647 2951 3292 3690 3905 4081 4217 4291 4374 4390 4490 4336 3964 3645 3300 3130 2930 2773 2452 2239 2067 2045 2083 2151 1789 7432 7784 7288 7172 6885 6851 6596 6432 6332 6430 6576 7036 6715 6450 6187 6134 5955 5472 5229 2712 2572 2388 2123 2075 2041 1994 2067 2113 2188 2361 2832 3113 3246 3356 3476 3490 3107 3328 3703 3791 3975 4320 4237 4354 4512 4580 4711 5051 5260 5438 5587 5723 5981 6346 6657 6457 6303 6163 5942 5960 6441 6331 6284 6564 6367 6205 5971 5791 5518 5390 5301 5528 5436 5233 4864 3684 3418 3203 3085 2803 2259 1979 2756 3093 3297 3626 3750 3821 3884 4469 4758 4968 5265 5410 4268 4215 4211 4232 4249 4304 4382 4505 4716 4943 5565 5262 4968 4382 4056 3904 4172 4104 3935 3683 3386 3353 2985 2481 2181 2022 1839 1856 2066 2409 2707 2717 2761 2876 3060 3215 3658 3946 4187 4547 4860 5230 5451 5520 5316 
4895 5315 5351 5210 5083 4990 4868 4710 4581 4314 4126 4001 3868 3467 3390 3098 2706 2100 1964 1910 1892 1880 1953 2162 2414 1986 1990 1736 1515 1383 1156 1373 1579 1778 0 439 691 909 1086 1317 1616 1977 2170 2334 2464 2519 2596 2622 2744 2617 2276 1972 1673 1573 1499 1395 1230 1165 1157 1439 1618 1855 1929 6943 7352 6852 6743 6435 6467 6261 6066 5892 5941 6002 6268 5927 5615 5387 5410 5267 4731 4466 1899 1859 1774 1784 1612 1437 1169 944 712 515 586 1054 1335 1482 1607 1755 1950 1703 2056 2538 2530 2661 2922 2762 2857 3053 3233 3442 3720 3898 4115 4297 4469 4787 5110 5446 5309 5202 5112 5041 5159 5949 5898 5930 6229 6073 5974 5838 5552 5321 5112 4951 5103 4872 4564 4258 3074 2905 2674 2686 2742 2109 1872 978 1315 1519 1848 1974 2055 2133 2703 2988 3194 3488 3632 5056 4855 4701 4613 4576 4432 4392 4412 4471 4598 5179 4881 4569 4021 3635 3709 4016 4066 4041 3892 3619 3451 2945 2262 1876 1611 413 103 289 631 934 1001 1146 1435 1806 2074 2740 3142 3466 3887 4249 4558 4895 5104 4959 
5221 5634 5672 5543 5428 5345 5243 5095 4978 4725 4547 4432 4301 3899 3824 3531 3129 2510 2391 2349 2327 2263 2298 2482 2697 2195 2208 2000 1770 1570 1244 1428 1636 1836 439 0 262 588 821 1115 1455 1857 2078 2261 2401 2501 2619 2713 2876 2789 2486 2205 1950 1892 1868 1783 1653 1602 1596 1872 2047 2279 2314 7377 7788 7287 7179 6870 6905 6700 6504 6328 6376 6433 6685 6343 6027 5804 5832 5692 5155 4890 2336 2298 2212 2210 2041 1869 1605 1383 1137 870 768 1122 1389 1460 1546 1647 1689 1370 1688 2154 2168 2317 2609 2478 2584 2765 2905 3093 3391 3581 3787 3961 4124 4430 4765 5095 4944 4827 4728 4635 4742 6384 6334 6368 6667 6512 6413 6277 5992 5760 5551 5390 5541 5305 4994 4691 3511 3344 3113 3124 3166 2529 2281 1053 1370 1566 1886 1987 2027 2068 2666 2962 3179 3486 3641 5421 5238 5099 5021 4988 4857 4823 4848 4910 5038 4740 4442 4130 3581 3195 3274 3582 3637 3622 3484 3218 3038 2528 1844 1463 1200 27 376 493 741 1081 1251 1462 1804 2204 2483 3163 3570 3897 4319 4683 4987 5329 5542 5398 
5352 5760 5799 5680 5574 5499 5412 5273 5167 4927 4761 4658 4529 4128 4055 3760 3347 2717 2616 2598 2583 2525 2553 2731 2936 2413 2429 2237 2006 1787 1435 1598 1802 1999 691 262 0 404 656 973 1324 1740 1973 2164 2308 2432 2574 2706 2892 2831 2554 2292 2069 2038 2048 1976 1875 1841 1847 2129 2306 2540 2575 7606 8020 7520 7413 7103 7142 6940 6743 6563 6607 6658 6892 6549 6230 6012 6047 5911 5372 5106 2576 2545 2465 2470 2300 2127 1860 1626 1366 1066 893 1151 1393 1415 1474 1543 1492 1140 1438 1896 1919 2073 2378 2261 2372 2545 2667 2847 3152 3346 3547 3717 3878 4178 4517 4846 4691 4571 4469 4372 4480 6615 6570 6608 6908 6755 6660 6528 6239 6009 5797 5633 5779 5535 5217 4922 3750 3590 3360 3376 3427 2790 2543 1091 1376 1559 1863 1946 1960 1980 2584 2883 3104 3417 3577 5678 5498 5361 5284 5250 5118 5082 5104 5160 5282 4491 4194 3883 3340 2952 3049 3357 3423 3424 3300 3042 2849 2335 1653 1285 1030 283 614 675 833 1156 1373 1615 1984 2402 2689 3381 3793 4124 4547 4913 5210 5560 5781 5640 
5184 5582 5623 5519 5428 5368 5312 5191 5108 4900 4762 4694 4573 4173 4108 3811 3368 2719 2665 2731 2751 2789 2854 3050 3278 2784 2796 2584 2354 2158 1824 1996 2202 2400 909 588 404 0 252 572 924 1342 1580 1774 1918 2056 2214 2380 2588 2555 2317 2085 1915 1932 2004 1964 1935 1950 1997 2309 2495 2740 2838 7640 8064 7567 7463 7151 7204 7015 6814 6620 6652 6684 6868 6525 6199 5992 6045 5920 5378 5112 2672 2666 2613 2668 2490 2307 2027 1758 1462 1110 832 911 1106 1073 1106 1153 1101 797 1149 1637 1621 1754 2028 1890 1995 2178 2332 2534 2819 3003 3215 3393 3563 3878 4204 4538 4400 4294 4206 4153 4287 6660 6628 6683 6983 6841 6760 6649 6342 6124 5898 5722 5850 5579 5243 4968 3829 3696 3472 3514 3623 3000 2773 869 1091 1251 1531 1597 1590 1595 2200 2500 2722 3037 3201 5964 5763 5605 5511 5469 5306 5249 5252 5278 5378 4417 4128 3819 3304 2914 3076 3381 3478 3518 3427 3188 2970 2454 1795 1469 1244 595 808 755 732 985 1257 1538 1944 2388 2688 3402 3826 4165 4591 4959 5235 5606 5854 5728 
5074 5464 5507 5412 5332 5280 5244 5134 5067 4879 4759 4713 4597 4200 4140 3843 3385 2730 2706 2822 2862 2955 3040 3246 3487 3011 3021 2798 2570 2387 2064 2241 2448 2647 1086 821 656 252 0 322 674 1093 1333 1528 1674 1820 1988 2176 2398 2386 2176 1967 1838 1886 1997 1978 1993 2038 2106 2431 2621 2870 3002 7652 8080 7587 7484 7172 7234 7053 6849 6647 6672 6691 6845 6502 6171 5973 6037 5919 5376 5111 2741 2750 2714 2797 2616 2430 2145 1861 1555 1189 871 808 952 872 881 909 873 639 1030 1528 1480 1591 1836 1678 1778 1969 2150 2370 2636 2811 3030 3215 3391 3717 4032 4370 4245 4148 4072 4050 4203 6679 6656 6721 7021 6885 6813 6715 6398 6187 5954 5771 5887 5601 5255 4993 3879 3763 3544 3601 3744 3133 2920 786 941 1076 1331 1382 1359 1353 1958 2258 2481 2797 2962 6134 5921 5750 5646 5599 5416 5347 5338 5346 5432 4410 4127 3821 3327 2939 3139 3441 3555 3618 3545 3318 3089 2576 1938 1639 1433 824 983 882 756 931 1227 1521 1940 2394 2698 3418 3847 4189 4615 4983 5246 5628 5892 5775 
