7
233
33 0 1 2 3 4 5 6 7 8 9 10 11 12 13 14 15 16 17 18 19 20 21 22 23 24 25 26 27 28 29 30 31 32
40 33 34 21 22 35 36 37 38 39 40 41 42 43 44 45 46 47 48 49 50 51 52 53 54 55 56 57 58 59 60 61 62 63 64 65 66 67 4 5 68
70 69 70 71 72 73 74 75 76 77 78 79 80 81 82 83 84 85 86 87 88 89 90 91 92 93 94 95 96 97 54 55 98 99 100 101 102 103 104 105 13 106 107 108 15 16 17 18 19 20 21 109 110 111 112 113 114 115 116 117 118 119 120 121 122 123 124 125 126 127 128
29 12 129 130 131 132 133 134 135 136 137 138 139 140 141 142 143 144 145 146 147 148 149 150 151 152 153 154 155 156
50 157 158 159 160 161 162 146 147 163 164 165 166 52 53 54 55 98 99 100 101 102 103 104 105 167 168 169 170 171 172 173 174 18 19 20 175 176 177 178 179 180 181 182 183 184 185 186 187 188 189
50 157 158 159 160 161 162 146 147 163 164 165 166 52 53 54 55 98 99 100 101 102 103 104 105 167 168 169 170 171 172 173 174 18 19 20 175 176 177 178 179 190 191 192 193 194 195 196 197 198 199
36 200 201 202 203 204 205 206 207 174 208 209 210 211 212 213 214 55 56 215 216 217 218 219 220 221 222 223 224 225 226 227 228 229 230 231 232
1800 1200 1800 1200 900 900 1200 
0 201 411 624 596 834 920 793 782 1443 1464 1499 1780 2312 2615 3011 3233 3651 3940 4182 4542 4696 4870 5190 5560 5836 5981 6208 6360 6528 6682 6661 6238 5151 4812 4602 4631 4590 4397 4535 4338 4012 3623 3700 4056 4075 3856 3739 3876 3795 3715 3663 3242 3089 2763 2388 2090 1825 1592 1052 813 649 397 187 13 194 331 530 890 5951 5948 6219 6305 6432 6648 6314 5887 5723 5566 5457 5241 5075 4695 4575 4551 4338 4239 4262 3945 3761 3680 3308 3108 3503 3471 3386 3209 3088 2296 2170 2102 2056 1996 2038 2077 2147 2400 2534 2725 4949 5226 5479 5956 6122 6166 6464 6701 7056 6623 6439 6329 6282 6563 6848 6877 7190 7280 7801 7456 2118 2068 2033 2050 2254 2529 2829 2920 3162 3313 3585 3972 4350 4459 4366 4354 4275 4168 4062 3843 3666 3260 2876 2610 2328 2000 1825 1764 5396 5450 5261 4964 4784 4437 3876 3806 3743 3670 1977 2302 2845 3068 3294 3433 3689 3827 4856 5226 5447 5518 5314 5412 5533 5804 6042 6200 6370 6431 6330 6428 6551 4937 4712 4516 4388 4303 4254 4231 4217 4224 4283 5305 5526 5433 5229 4860 4525 4167 4065 3623 3191 3041 2853 2743 2701 2694 1825 1823 1994 2206 2517 3005 3350 3374 3657 3918 4100 4117 3850 4058 4389 5031 5246 5523 
201 0 210 430 497 780 916 861 853 1512 1499 1482 1733 2223 2508 2878 3097 3539 3843 4095 4465 4616 4780 5090 5451 5717 5859 6077 6224 6389 6539 6516 6094 5084 4745 4496 4517 4471 4268 4395 4194 3864 3470 3542 3888 3903 3678 3557 3690 3605 3520 3464 3043 2890 2564 2189 1891 1626 1391 853 612 448 195 13 215 344 372 394 887 5814 5801 6060 6144 6268 6478 6142 5716 5549 5389 5278 5058 4894 4517 4391 4362 4146 4048 4076 3762 3580 3505 3123 2917 3307 3269 3185 3009 2889 2099 1981 1927 1898 1857 1922 1977 2068 2295 2420 2610 4865 5142 5399 5883 6047 6083 6377 6620 6978 6563 6390 6286 6248 6532 6815 6834 7151 7240 7762 7409 2033 1968 1917 1908 2103 2370 2664 2753 2985 3131 3402 3787 4161 4267 4170 4155 4075 3966 3860 3641 3465 3059 2676 2411 2129 1802 1624 1566 5196 5250 5061 4764 4583 4236 3674 3605 3543 3471 1911 2245 2814 3000 3216 3360 3607 3736 4786 5152 5387 5473 5275 5384 5513 5780 6030 6179 6341 6396 6286 6379 6495 4897 4681 4501 4384 4312 4286 4272 4269 4293 4372 5266 5480 5371 5155 4790 4447 4082 3981 3510 3052 2891 2684 2560 2509 2495 1626 1622 1847 2079 2405 2921 3287 3325 3609 3861 4028 4032 3758 3947 4285 4929 5146 5425 
411 210 0 243 472 780 961 973 969 1611 1565 1496 1711 2150 2410 2750 2963 3433 3752 4016 4395 4543 4696 4995 5345 5601 5739 5946 6088 6248 6394 6370 5948 5024 4686 4394 4407 4356 4141 4256 4050 3717 3317 3383 3718 3728 3495 3370 3499 3409 3318 3258 2836 2683 2357 1982 1684 1419 1181 645 403 238 15 224 425 538 507 336 933 5674 5651 5895 5977 6097 6302 5964 5539 5368 5205 5092 4868 4705 4333 4200 4166 3945 3849 3883 3572 3393 3325 2932 2717 3102 3059 2974 2800 2682 1894 1787 1752 1744 1728 1820 1892 2006 2201 2316 2504 4788 5063 5324 5815 5977 6003 6294 6542 6904 6508 6347 6250 6221 6508 6789 6797 7118 7206 7730 7368 1965 1883 1815 1773 1956 2213 2498 2584 2804 2946 3215 3596 3966 4068 3967 3948 3865 3756 3650 3431 3255 2850 2467 2203 1922 1597 1414 1359 4989 5041 4852 4555 4374 4026 3464 3396 3335 3264 1866 2206 2799 2943 3149 3297 3533 3652 4724 5083 5333 5436 5244 5366 5502 5765 6027 6167 6320 6368 6249 6336 6444 4867 4661 4497 4393 4334 4331 4327 4334 4377 4475 5235 5442 5316 5087 4728 4377 4004 3906 3403 2917 2742 2515 2373 2312 2290 1419 1412 1703 1958 2299 2844 3230 3284 3568 3810 3960 3949 3668 3836 4183 4827 5046 5326 
624 430 243 0 405 696 914 1008 1008 1606 1522 1395 1568 1957 2198 2519 2730 3213 3541 3812 4198 4343 4489 4780 5123 5374 5509 5712 5852 6010 6155 6130 5709 4834 4498 4175 4184 4130 3909 4020 3812 3477 3076 3141 3474 3485 3253 3130 3260 3174 3090 3039 2620 2466 2141 1765 1467 1204 985 513 286 178 253 443 638 708 610 275 891 5661 5621 5840 5919 6032 6225 5881 5460 5282 5111 4993 4760 4601 4239 4091 4042 3809 3719 3768 3468 3296 3243 2826 2588 2953 2871 2776 2591 2465 1671 1550 1509 1504 1498 1606 1692 1823 1992 2100 2285 4586 4859 5123 5619 5780 5799 6086 6339 6702 6322 6170 6079 6058 6347 6626 6625 6948 7036 7560 7192 1778 1683 1602 1541 1717 1971 2255 2341 2562 2705 2975 3357 3730 3836 3741 3731 3658 3558 3454 3240 3069 2671 2297 2042 1768 1452 1242 1142 4774 4829 4640 4346 4167 3822 3266 3191 3122 3048 1699 2041 2653 2761 2957 3109 3336 3446 4532 4887 5148 5265 5078 5211 5354 5613 5886 6016 6161 6203 6077 6160 6260 4701 4506 4356 4266 4220 4242 4249 4269 4332 4455 5069 5270 5131 4892 4537 4180 3802 3706 3183 2682 2503 2271 2132 2078 2070 1204 1244 1703 1989 2348 2925 3332 3402 3685 3916 4047 4019 3731 3871 4228 4869 5092 5373 
596 497 472 405 0 308 510 625 628 1201 1119 1024 1245 1727 2021 2417 2641 3056 3351 3600 3968 4119 4286 4599 4965 5239 5384 5612 5765 5936 6092 6071 5648 4586 4248 4008 4036 3994 3801 3943 3749 3426 3042 3126 3498 3525 3323 3221 3371 3311 3263 3243 2835 2684 2363 1993 1702 1455 1285 902 689 574 467 501 604 557 367 141 486 6067 6024 6238 6315 6425 6613 6268 5848 5666 5492 5371 5132 4975 4621 4463 4401 4158 4073 4136 3844 3677 3632 3203 2948 3290 3153 3037 2828 2683 1882 1699 1571 1489 1406 1442 1485 1570 1806 1938 2129 4369 4645 4902 5385 5550 5586 5882 6123 6481 6066 5896 5794 5760 6045 6328 6342 6660 6749 7272 6916 1536 1477 1437 1464 1676 1961 2269 2364 2630 2795 3069 3465 3855 3985 3918 3939 3892 3815 3715 3514 3353 2971 2613 2371 2109 1807 1571 1388 4985 5045 4858 4572 4400 4065 3526 3434 3345 3260 1415 1751 2331 2502 2719 2862 3110 3241 4289 4654 4890 4981 4785 4901 5034 5299 5557 5699 5856 5907 5794 5885 5999 4407 4197 4027 3921 3861 3864 3863 3877 3932 4050 4776 4987 4874 4658 4293 3950 3585 3485 3027 2600 2459 2301 2233 2233 2283 1455 1578 2108 2389 2743 3305 3698 3755 4040 4280 4424 4406 4121 4271 4625 5267 5489 5770 
834 780 780 696 308 0 241 491 503 948 832 716 954 1485 1807 2249 2479 2844 3117 3351 3709 3863 4040 4366 4745 5032 5183 5426 5588 5766 5929 5910 5487 4317 3978 3786 3824 3790 3616 3778 3594 3283 2915 3011 3407 3446 3269 3184 3347 3309 3290 3296 2902 2755 2442 2085 1807 1581 1456 1160 969 871 775 782 838 733 526 448 228 6341 6289 6486 6561 6666 6844 6495 6078 5891 5711 5586 5339 5187 4843 4671 4596 4341 4262 4341 4061 3900 3868 3422 3149 3464 3274 3141 2913 2754 1963 1737 1549 1411 1273 1252 1263 1315 1592 1737 1929 4116 4394 4646 5121 5288 5334 5633 5868 6222 5791 5613 5507 5468 5751 6035 6055 6371 6461 6982 6631 1289 1255 1248 1340 1571 1869 2188 2289 2583 2762 3036 3439 3838 3986 3943 3989 3966 3909 3815 3625 3475 3111 2770 2545 2297 2012 1757 1513 5032 5097 4912 4636 4470 4144 3625 3519 3413 3319 1143 1470 2034 2234 2461 2599 2857 2999 4022 4392 4615 4694 4495 4604 4735 5001 5255 5400 5561 5615 5507 5601 5721 4117 3901 3724 3615 3553 3556 3557 3574 3637 3767 4486 4701 4600 4395 4026 3691 3335 3233 2817 2443 2332 2230 2219 2260 2356 1581 1767 2395 2685 3043 3612 4007 4064 4348 4588 4731 4710 4424 4566 4924 5565 5788 6069 
920 916 961 914 510 241 0 326 342 707 609 578 884 1487 1839 2322 2554 2868 3112 3327 3668 3825 4018 4358 4751 5052 5208 5466 5636 5821 5990 5974 5551 4259 3920 3792 3843 3817 3663 3844 3670 3369 3015 3121 3533 3580 3419 3344 3514 3489 3483 3501 3114 2967 2659 2307 2034 1814 1696 1394 1195 1084 953 915 921 777 589 648 30 6572 6524 6725 6800 6906 7085 6736 6320 6133 5953 5828 5580 5428 5084 4913 4836 4580 4503 4582 4302 4142 4108 3663 3390 3703 3502 3364 3131 2967 2182 1942 1730 1564 1392 1323 1299 1303 1626 1784 1973 4083 4362 4607 5070 5239 5298 5602 5828 6176 5721 5528 5414 5363 5643 5929 5962 6272 6363 6883 6542 1291 1291 1318 1463 1702 2005 2328 2431 2741 2927 3199 3605 4008 4166 4134 4191 4177 4128 4035 3850 3703 3344 3006 2784 2537 2254 1998 1746 5232 5298 5115 4843 4679 4358 3845 3735 3623 3526 1109 1412 1927 2187 2428 2556 2828 2985 3969 4345 4547 4604 4398 4491 4612 4883 5123 5279 5450 5512 5415 5516 5646 4021 3792 3596 3472 3396 3374 3366 3374 3423 3540 4389 4612 4533 4347 3972 3651 3308 3204 2842 2524 2438 2377 2398 2458 2571 1814 2008 2617 2898 3251 3805 4189 4236 4520 4767 4921 4909 4626 4780 5134 5776 5998 6278 
793 861 973 1008 625 491 326 0 17 653 682 813 1158 1791 2153 2646 2878 3174 3404 3606 3934 4094 4296 4645 5046 5355 5513 5778 5950 6138 6309 6293 5870 4509 4171 4088 4146 4124 3978 4164 3993 3694 3342 3448 3859 3905 3740 3662 3829 3797 3781 3788 3392 3244 2929 2569 2287 2052 1902 1519 1293 1153 962 854 789 611 488 734 311 6647 6618 6847 6926 7040 7232 6888 6467 6288 6115 5995 5757 5600 5243 5087 5026 4782 4698 4761 4468 4299 4251 3827 3573 3911 3750 3623 3400 3243 2449 2228 2036 1883 1718 1648 1616 1602 1942 2102 2290 4354 4632 4872 5325 5495 5565 5872 6091 6434 5957 5749 5627 5564 5838 6126 6174 6478 6571 7086 6758 1596 1609 1643 1789 2027 2329 2651 2754 3059 3243 3516 3920 4322 4474 4434 4481 4455 4395 4299 4105 3951 3579 3228 2992 2732 2432 2194 1984 5524 5589 5404 5127 4960 4633 4109 4006 3903 3810 1399 1680 2144 2455 2704 2825 3106 3272 4224 4604 4787 4822 4608 4684 4793 5068 5289 5459 5642 5713 5629 5737 5878 4233 3991 3772 3627 3529 3464 3438 3424 3436 3511 4599 4832 4775 4606 4226 3917 3586 3480 3150 2848 2765 2699 2706 2751 2845 2052 2201 2676 2929 3263 3781 4139 4167 4450 4709 4885 4892 4619 4803 5145 5789 6006 6285 
782 853 969 1008 628 503 342 17 0 662 696 831 1175 1809 2170 2663 2895 3192 3422 3624 3951 4111 4314 4663 5063 5373 5531 5795 5968 6155 6326 6310 5888 4526 4188 4106 4164 4142 3996 4182 4010 3711 3358 3464 3874 3920 3755 3676 3843 3810 3793 3799 3403 3254 2939 2578 2295 2059 1907 1520 1293 1152 958 847 778 599 481 735 326 6643 6616 6846 6926 7040 7233 6889 6468 6289 6117 5997 5759 5602 5245 5090 5030 4786 4702 4764 4471 4301 4252 3829 3577 3917 3758 3632 3409 3253 2459 2239 2049 1898 1734 1665 1634 1620 1959 2120 2308 4372 4650 4890 5342 5512 5582 5889 6108 6451 5974 5766 5643 5580 5854 6142 6190 6494 6587 7102 6774 1614 1626 1660 1804 2042 2344 2666 2769 3073 3256 3530 3934 4335 4487 4447 4492 4466 4404 4308 4114 3959 3586 3234 2997 2737 2436 2198 1992 5535 5600 5415 5137 4970 4643 4118 4016 3913 3821 1417 1698 2160 2473 2722 2843 3124 3290 4242 4621 4804 4839 4625 4699 4808 5084 5304 5475 5658 5729 5646 5754 5894 4250 4007 3787 3642 3543 3477 3449 3434 3445 3518 4616 4848 4792 4623 4244 3935 3603 3497 3168 2865 2781 2713 2719 2763 2855 2059 2205 2672 2924 3257 3773 4130 4157 4440 4699 4876 4885 4611 4798 5139 5782 6000 6278 
1443 1512 1611 1606 1201 948 707 653 662 0 260 640 975 1639 2032 2590 2820 2977 3133 3283 3565 3729 3961 4337 4764 5103 5273 5571 5762 5965 6151 6140 5723 4090 3759 3823 3911 3909 3816 4044 3902 3638 3333 3461 3906 3974 3860 3815 4001 4007 4040 4089 3722 3582 3286 2951 2694 2490 2393 2099 1891 1768 1600 1506 1438 1255 1141 1333 725 7267 7226 7433 7508 7614 7792 7443 7027 6839 6658 6532 6282 6131 5790 5615 5533 5272 5198 5284 5008 4848 4816 4369 4091 4392 4155 4004 3756 3581 2820 2551 2289 2068 1834 1664 1561 1446 1846 2020 2188 3994 4269 4491 4911 5084 5182 5496 5694 6022 5497 5262 5126 5042 5306 5597 5668 5961 6055 6564 6257 1470 1556 1661 1909 2150 2449 2768 2874 3215 3416 3680 4085 4495 4677 4679 4767 4780 4753 4665 4492 4355 4012 3688 3476 3236 2958 2698 2423 5794 5867 5687 5428 5273 4966 4476 4353 4225 4120 1231 1402 1700 2128 2394 2488 2789 2982 3822 4208 4344 4334 4109 4153 4245 4526 4722 4908 5107 5192 5129 5250 5409 3740 3477 3226 3056 2935 2836 2799 2777 2783 2863 4100 4346 4335 4208 3822 3550 3257 3149 2958 2803 2788 2831 2931 3038 3195 2490 2709 3303 3569 3909 4434 4792 4817 5100 5361 5538 5545 5270 5447 5793 6436 6654 6934 
1464 1499 1565 1522 1119 832 609 682 696 260 0 383 715 1381 1773 2330 2560 2728 2897 3060 3355 3518 3742 4112 4533 4867 5035 5327 5516 5717 5901 5890 5472 3899 3564 3588 3670 3665 3565 3789 3644 3379 3072 3201 3646 3715 3604 3562 3750 3761 3801 3857 3498 3360 3071 2745 2497 2306 2231 1990 1800 1693 1557 1495 1461 1289 1140 1258 634 7173 7118 7305 7378 7478 7647 7295 6882 6690 6504 6375 6119 5972 5640 5455 5363 5095 5025 5121 4855 4701 4680 4220 3930 4213 3950 3792 3539 3360 2612 2332 2057 1826 1584 1407 1300 1187 1586 1760 1929 3782 4059 4286 4718 4890 4979 5291 5496 5830 5324 5102 4972 4900 5171 5460 5517 5817 5910 6423 6104 1210 1295 1403 1660 1899 2196 2514 2620 2963 3167 3429 3833 4244 4429 4436 4531 4552 4533 4448 4281 4149 3817 3504 3302 3072 2808 2539 2241 5555 5628 5450 5195 5042 4740 4259 4131 3998 3891 972 1158 1510 1901 2165 2266 2562 2750 3624 4008 4162 4173 3953 4016 4119 4397 4611 4785 4973 5050 4975 5089 5240 3581 3329 3098 2947 2847 2791 2772 2771 2813 2935 3945 4184 4152 4009 3624 3340 3035 2927 2708 2543 2528 2579 2690 2808 2979 2306 2552 3225 3508 3860 4409 4785 4824 5108 5361 5522 5515 5234 5390 5743 6386 6607 6888 
1499 1482 1496 1395 1024 716 578 813 831 640 383 0 363 1032 1418 1962 2193 2404 2606 2797 3120 3280 3486 3841 4249 4568 4731 5011 5192 5388 5567 5554 5134 3697 3358 3294 3363 3350 3230 3441 3288 3014 2698 2824 3266 3334 3221 3179 3367 3381 3426 3491 3140 3005 2724 2410 2177 2006 1965 1809 1651 1573 1491 1482 1499 1354 1168 1163 608 6975 6902 7063 7131 7224 7381 7025 6618 6419 6228 6094 5832 5689 5370 5172 5067 4790 4726 4837 4583 4438 4431 3956 3650 3908 3613 3448 3188 3005 2276 1984 1693 1451 1203 1023 924 837 1221 1394 1569 3541 3820 4059 4512 4681 4751 5058 5277 5621 5151 4952 4836 4785 5064 5350 5384 5694 5785 6304 5965 849 918 1020 1279 1517 1813 2130 2236 2581 2785 3046 3450 3861 4047 4059 4160 4189 4178 4095 3935 3811 3492 3195 3009 2794 2551 2272 1943 5179 5253 5076 4825 4675 4377 3908 3775 3636 3526 622 870 1349 1643 1895 2013 2297 2469 3411 3790 3979 4028 3820 3913 4035 4305 4549 4702 4871 4933 4838 4940 5074 3443 3213 3020 2903 2837 2847 2856 2885 2975 3146 3811 4036 3966 3792 3413 3104 2776 2669 2382 2173 2148 2195 2315 2444 2631 2006 2288 3069 3374 3740 4320 4720 4780 5064 5303 5441 5414 5125 5250 5614 6253 6477 6758 
1780 1733 1711 1568 1245 954 884 1158 1175 975 715 363 0 670 1060 1615 1845 2040 2248 2449 2784 2942 3139 3487 3891 4207 4369 4647 4829 5024 5204 5191 4771 3376 3037 2935 3001 2986 2866 3081 2932 2664 2360 2491 2941 3016 2922 2895 3089 3122 3192 3280 2954 2827 2567 2284 2082 1948 1959 1912 1792 1744 1708 1735 1783 1655 1457 1375 913 7012 6919 7047 7109 7193 7332 6973 6574 6368 6169 6031 5759 5623 5324 5108 4984 4696 4642 4771 4537 4404 4416 3924 3599 3819 3469 3290 3019 2827 2147 1834 1510 1239 963 732 597 475 871 1045 1214 3201 3479 3723 4186 4354 4414 4719 4944 5292 4843 4659 4553 4515 4800 5083 5101 5417 5507 6028 5677 495 593 730 1036 1259 1539 1846 1951 2307 2516 2769 3169 3580 3778 3810 3932 3983 3993 3917 3773 3663 3372 3105 2944 2754 2545 2259 1891 4935 5013 4839 4599 4457 4174 3733 3588 3435 3321 259 527 1088 1303 1547 1673 1949 2114 3085 3460 3668 3740 3541 3656 3791 4054 4319 4456 4610 4662 4553 4648 4771 3163 2951 2789 2700 2665 2734 2768 2825 2962 3182 3532 3747 3654 3463 3088 2767 2429 2323 2018 1829 1824 1918 2085 2248 2472 1948 2278 3172 3495 3870 4476 4894 4969 5252 5480 5598 5553 5257 5352 5724 6358 6585 6866 
2312 2223 2150 1957 1727 1485 1487 1791 1809 1639 1381 1032 670 0 393 967 1190 1383 1632 1872 2244 2393 2558 2881 3265 3565 3722 3988 4165 4358 4536 4523 4102 2877 2541 2305 2356 2332 2199 2410 2263 2002 1720 1860 2322 2409 2355 2358 2562 2630 2749 2882 2614 2509 2302 2096 1972 1922 2027 2167 2116 2117 2151 2229 2317 2218 2011 1834 1513 7031 6901 6968 7020 7085 7193 6830 6448 6230 6019 5872 5587 5465 5204 4959 4802 4496 4461 4625 4431 4324 4370 3856 3504 3644 3199 2996 2711 2509 1964 1636 1279 985 718 441 278 195 240 406 552 2642 2918 3176 3665 3827 3859 4154 4396 4755 4365 4222 4140 4137 4431 4704 4683 5012 5098 5623 5244 196 286 444 756 884 1084 1341 1439 1805 2018 2248 2633 3039 3258 3328 3489 3581 3632 3570 3460 3380 3150 2949 2844 2710 2572 2290 1881 4451 4534 4369 4153 4027 3776 3395 3232 3055 2932 410 375 936 816 1000 1152 1384 1515 2575 2933 3193 3329 3156 3321 3486 3728 4038 4134 4252 4279 4137 4212 4305 2783 2622 2542 2523 2557 2743 2825 2932 3146 3441 3147 3332 3175 2937 2580 2227 1858 1758 1359 1181 1223 1424 1691 1919 2209 1922 2314 3367 3714 4098 4737 5183 5287 5565 5768 5849 5772 5468 5507 5891 6509 6738 7018 
2615 2508 2410 2198 2021 1807 1839 2153 2170 2032 1773 1418 1060 393 0 581 799 1037 1342 1623 2024 2161 2292 2584 2944 3225 3375 3627 3797 3985 4159 4144 3722 2680 2353 1988 2018 1983 1825 2024 1871 1609 1334 1479 1945 2039 2009 2030 2238 2329 2478 2637 2412 2323 2157 2010 1940 1944 2098 2334 2321 2346 2414 2514 2622 2539 2331 2113 1863 7001 6849 6881 6927 6981 7069 6705 6336 6112 5894 5744 5452 5339 5103 4841 4666 4353 4329 4512 4344 4253 4320 3799 3436 3526 3029 2816 2527 2323 1887 1569 1223 959 768 592 543 586 215 127 160 2395 2665 2933 3440 3596 3603 3888 4144 4510 4170 4059 3996 4018 4316 4579 4532 4867 4949 5474 5077 568 552 596 768 782 876 1066 1153 1513 1724 1933 2303 2703 2933 3025 3209 3325 3400 3347 3259 3199 3011 2855 2786 2690 2598 2328 1914 4140 4226 4067 3866 3751 3520 3181 3007 2819 2693 801 719 1117 763 844 1009 1170 1253 2375 2712 3012 3195 3045 3244 3427 3650 3988 4055 4147 4156 3991 4050 4120 2684 2564 2542 2569 2644 2891 2996 3125 3373 3699 3036 3195 2991 2717 2382 2006 1616 1525 1010 793 872 1155 1484 1747 2069 1944 2354 3471 3826 4209 4862 5321 5440 5714 5902 5961 5865 5558 5564 5952 6558 6788 7065 
3011 2878 2750 2519 2417 2249 2322 2646 2663 2590 2330 1962 1615 967 581 0 233 780 1196 1533 1959 2065 2120 2336 2631 2859 2991 3199 3348 3520 3679 3660 3237 2627 2329 1715 1689 1621 1391 1529 1347 1054 753 898 1365 1463 1459 1506 1717 1838 2027 2223 2070 2011 1918 1871 1889 1972 2186 2545 2584 2642 2756 2887 3019 2962 2757 2487 2342 6847 6665 6646 6683 6721 6783 6419 6068 5837 5613 5458 5158 5059 4860 4579 4379 4059 4052 4260 4132 4065 4160 3639 3267 3281 2719 2494 2209 2011 1772 1500 1223 1060 1021 1000 1042 1152 745 570 421 2259 2507 2786 3314 3455 3414 3674 3952 4329 4083 4029 3997 4059 4359 4604 4512 4855 4930 5449 5026 1121 1049 1005 977 834 709 707 755 1066 1262 1429 1771 2160 2401 2522 2734 2883 2991 2953 2898 2868 2748 2663 2652 2614 2595 2355 1961 3620 3709 3557 3377 3276 3075 2801 2616 2414 2285 1362 1300 1613 1117 1051 1195 1210 1182 2327 2611 2974 3231 3119 3364 3569 3761 4132 4156 4207 4188 3989 4021 4051 2787 2733 2789 2871 2991 3299 3425 3575 3852 4204 3111 3226 2948 2619 2337 1941 1541 1479 746 213 360 790 1193 1491 1841 1972 2382 3556 3915 4292 4955 5429 5572 5837 6000 6024 5901 5593 5550 5941 6524 6753 7025 
3233 3097 2963 2730 2641 2479 2554 2878 2895 2820 2560 2193 1845 1190 799 233 0 682 1113 1458 1881 1973 1997 2181 2452 2661 2787 2983 3127 3295 3452 3432 3009 2542 2261 1560 1514 1436 1182 1302 1116 821 543 698 1168 1276 1311 1385 1594 1739 1956 2172 2062 2020 1964 1960 2011 2117 2346 2732 2784 2848 2970 3105 3242 3188 2983 2708 2574 6898 6704 6663 6695 6726 6775 6412 6071 5838 5610 5454 5152 5060 4879 4589 4379 4056 4057 4276 4167 4111 4217 3698 3325 3306 2718 2491 2212 2021 1873 1625 1379 1250 1239 1232 1275 1378 974 800 638 2148 2384 2664 3195 3329 3272 3522 3807 4185 3974 3941 3922 3999 4298 4534 4427 4770 4843 5358 4926 1350 1282 1236 1190 1025 849 757 774 1025 1200 1328 1639 2012 2263 2406 2638 2807 2935 2905 2870 2856 2770 2718 2730 2716 2722 2495 2112 3485 3576 3431 3266 3176 2996 2763 2574 2365 2237 1590 1510 1771 1237 1123 1248 1204 1132 2249 2509 2892 3174 3079 3340 3552 3731 4112 4119 4154 4124 3913 3934 3949 2763 2735 2823 2928 3066 3399 3535 3694 3985 4350 3071 3168 2864 2517 2260 1864 1472 1424 650 63 357 827 1240 1542 1895 2117 2522 3703 4061 4435 5100 5577 5727 5988 6144 6156 6025 5717 5656 6048 6621 6850 7120 
3651 3539 3433 3213 3056 2844 2868 3174 3192 2977 2728 2404 2040 1383 1037 780 682 0 430 776 1198 1292 1339 1576 1911 2188 2341 2606 2789 2988 3174 3164 2749 1860 1578 963 980 949 847 1120 1052 949 973 1127 1534 1672 1816 1939 2136 2317 2566 2802 2728 2694 2647 2636 2668 2752 2961 3291 3310 3351 3437 3546 3658 3576 3368 3145 2892 7580 7384 7334 7365 7391 7431 7069 6735 6500 6271 6114 5810 5723 5552 5259 5043 4719 4725 4949 4846 4793 4900 4381 4008 3984 3385 3158 2883 2695 2543 2279 2001 1819 1726 1616 1580 1574 1252 1118 929 1479 1726 2005 2533 2674 2639 2906 3179 3554 3304 3260 3239 3317 3616 3851 3746 4089 4162 4679 4251 1578 1588 1621 1698 1596 1489 1439 1456 1683 1837 1917 2160 2484 2751 2939 3202 3401 3553 3532 3516 3516 3447 3401 3410 3387 3375 3136 2740 3960 4055 3927 3797 3727 3584 3401 3209 2997 2870 1784 1576 1568 976 742 789 613 473 1566 1834 2210 2494 2406 2677 2894 3061 3450 3446 3473 3441 3230 3254 3275 2101 2101 2236 2380 2554 2940 3098 3281 3609 4010 2398 2487 2182 1842 1577 1181 791 751 34 745 1040 1509 1923 2225 2578 2752 3163 4334 4693 5071 5734 6207 6346 6612 6779 6805 6681 6373 6326 6717 7296 7524 7795 
3940 3843 3752 3541 3351 3117 3112 3404 3422 3133 2897 2606 2248 1632 1342 1196 1113 430 0 345 768 869 953 1249 1642 1970 2141 2456 2662 2880 3082 3080 2681 1433 1147 690 793 824 893 1224 1239 1246 1362 1506 1869 2014 2193 2331 2521 2714 2973 3216 3155 3124 3078 3062 3085 3157 3356 3657 3658 3688 3755 3849 3946 3850 3643 3449 3138 8011 7815 7762 7791 7815 7852 7490 7160 6924 6694 6536 6232 6147 5980 5686 5467 5143 5151 5377 5277 5223 5331 4812 4439 4414 3812 3584 3311 3124 2966 2695 2405 2204 2082 1934 1866 1809 1550 1445 1268 1073 1333 1608 2129 2276 2264 2546 2806 3176 2889 2834 2809 2887 3185 3421 3319 3662 3736 4253 3830 1828 1874 1939 2063 1986 1904 1868 1887 2109 2257 2321 2537 2837 3107 3313 3587 3798 3960 3943 3935 3939 3877 3832 3838 3810 3788 3543 3142 4299 4396 4276 4164 4104 3978 3817 3624 3410 3285 2005 1742 1566 1016 746 698 403 172 1136 1417 1781 2064 1981 2259 2480 2638 3032 3020 3043 3010 2800 2827 2855 1686 1713 1886 2062 2262 2684 2856 3054 3404 3826 1973 2056 1754 1424 1147 751 362 338 463 1176 1470 1940 2354 2655 3008 3157 3570 4733 5092 5472 6133 6603 6736 7005 7178 7211 7093 6785 6746 7137 7719 7948 8220 
4182 4095 4016 3812 3600 3351 3327 3606 3624 3283 3060 2797 2449 1872 1623 1533 1458 776 345 0 426 542 690 1053 1492 1861 2045 2396 2620 2850 3062 3067 2688 1094 802 631 805 887 1072 1410 1473 1537 1692 1831 2169 2315 2513 2658 2844 3042 3307 3553 3499 3469 3423 3403 3419 3483 3675 3954 3944 3964 4018 4101 4187 4081 3876 3705 3355 8357 8160 8106 8135 8158 8192 7831 7502 7266 7036 6877 6573 6489 6325 6030 5810 5486 5495 5722 5622 5569 5676 5156 4783 4759 4156 3928 3656 3469 3305 3029 2731 2520 2380 2211 2123 2036 1822 1734 1567 773 1047 1311 1819 1973 1988 2282 2526 2889 2564 2495 2466 2541 2840 3076 2979 3321 3396 3916 3496 2064 2132 2215 2367 2305 2239 2212 2232 2453 2598 2654 2855 3140 3410 3626 3907 4125 4293 4279 4275 4282 4222 4177 4181 4148 4119 3870 3466 4589 4686 4573 4471 4419 4303 4155 3962 3747 3622 2218 1927 1638 1159 902 794 500 371 794 1094 1441 1718 1640 1924 2149 2299 2696 2677 2698 2665 2457 2488 2525 1357 1412 1626 1831 2055 2503 2686 2895 3260 3697 1632 1711 1415 1101 804 408 40 138 808 1521 1815 2285 2698 3000 3353 3483 3897 5054 5411 5793 6452 6919 7048 7318 7496 7536 7422 7114 7081 7472 8057 8286 8559 
4542 4465 4395 4198 3968 3709 3668 3934 3951 3565 3355 3120 2784 2244 2024 1959 1881 1198 768 426 0 165 449 865 1332 1736 1928 2315 2554 2795 3017 3029 2682 668 384 732 938 1059 1334 1656 1766 1886 2085 2215 2519 2666 2886 3041 3220 3427 3699 3951 3912 3886 3846 3829 3844 3905 4093 4358 4340 4354 4396 4469 4547 4432 4230 4078 3696 8778 8579 8518 8545 8565 8593 8233 7909 7672 7441 7282 6977 6897 6739 6441 6218 5894 5906 6136 6042 5990 6099 5580 5207 5177 4568 4340 4070 3886 3731 3454 3154 2938 2788 2606 2506 2397 2216 2140 1979 430 704 939 1421 1582 1631 1938 2160 2513 2148 2069 2041 2122 2420 2652 2553 2895 2970 3490 3073 2432 2514 2610 2778 2725 2664 2637 2655 2867 3005 3047 3225 3487 3758 3988 4277 4505 4682 4672 4677 4690 4640 4600 4606 4574 4543 4292 3887 4914 5012 4907 4822 4779 4679 4554 4360 4145 4021 2567 2256 1876 1480 1248 1111 862 788 368 689 1015 1305 1248 1553 1783 1909 2316 2276 2282 2243 2032 2062 2104 1010 1137 1425 1675 1928 2405 2600 2820 3202 3652 1242 1295 989 694 378 18 419 499 1231 1944 2239 2708 3122 3424 3777 3905 4319 5472 5829 6211 6869 7335 7460 7732 7913 7956 7845 7537 7506 7897 8483 8712 8985 
4696 4616 4543 4343 4119 3863 3825 4094 4111 3729 3518 3280 2942 2393 2161 2065 1973 1292 869 542 165 0 304 716 1182 1591 1783 2176 2418 2659 2883 2897 2560 572 360 687 891 1021 1324 1632 1763 1911 2138 2261 2540 2686 2921 3083 3256 3469 3747 4004 3981 3961 3933 3929 3954 4023 4217 4494 4480 4498 4544 4621 4701 4588 4385 4228 3854 8861 8656 8583 8608 8625 8646 8287 7969 7731 7499 7340 7034 6957 6808 6507 6279 5956 5971 6205 6119 6073 6186 5669 5296 5253 4636 4408 4142 3961 3835 3564 3271 3062 2921 2747 2652 2550 2357 2274 2109 265 540 783 1279 1436 1472 1778 2005 2361 2023 1968 1954 2054 2349 2571 2454 2797 2870 3386 2960 2582 2660 2751 2909 2847 2773 2730 2743 2939 3069 3097 3256 3503 3773 4011 4306 4542 4726 4720 4733 4752 4716 4688 4703 4679 4657 4409 4006 4913 5011 4912 4837 4800 4712 4606 4413 4197 4075 2722 2415 2041 1639 1402 1269 1009 913 303 552 921 1254 1229 1549 1783 1885 2299 2237 2222 2169 1944 1961 1986 1036 1205 1519 1781 2041 2523 2721 2943 3327 3780 1224 1242 892 558 317 179 545 638 1326 2036 2330 2799 3212 3514 3866 4023 4436 5595 5953 6334 6994 7461 7590 7861 8039 8077 7961 7653 7615 8006 8588 8816 9088 
4870 4780 4696 4489 4286 4040 4018 4296 4314 3961 3742 3486 3139 2558 2292 2120 1997 1339 953 690 449 304 0 416 883 1288 1480 1872 2114 2355 2579 2593 2259 675 602 521 700 837 1173 1452 1612 1808 2084 2190 2421 2566 2823 2997 3158 3380 3668 3934 3943 3934 3931 3956 4004 4092 4299 4610 4611 4638 4699 4786 4875 4771 4566 4389 4045 8839 8623 8528 8549 8558 8567 8210 7902 7662 7429 7269 6963 6893 6761 6455 6219 5896 5918 6160 6091 6055 6178 5665 5293 5223 4592 4365 4108 3935 3870 3615 3341 3152 3035 2883 2805 2725 2497 2397 2221 190 387 667 1198 1334 1311 1597 1853 2223 1981 1988 2009 2146 2431 2628 2473 2816 2881 3385 2942 2752 2814 2888 3016 2931 2827 2749 2750 2912 3024 3026 3149 3368 3635 3886 4191 4438 4635 4637 4665 4697 4688 4686 4719 4713 4713 4475 4080 4745 4844 4753 4695 4670 4603 4533 4340 4124 4004 2909 2616 2290 1845 1592 1476 1190 1044 516 552 995 1393 1417 1750 1984 2052 2471 2376 2324 2246 1996 1983 1965 1282 1483 1812 2079 2341 2825 3023 3246 3631 4084 1413 1376 962 562 530 457 710 817 1373 2060 2349 2811 3221 3520 3870 4092 4503 5674 6032 6411 7074 7546 7683 7950 8119 8144 8018 7710 7654 8045 8616 8844 9113 
5190 5090 4995 4780 4599 4366 4358 4645 4663 4337 4112 3841 3487 2881 2584 2336 2181 1576 1249 1053 865 716 416 0 466 874 1067 1464 1709 1952 2177 2194 1877 909 961 621 698 817 1167 1369 1572 1832 2167 2248 2402 2540 2827 3014 3156 3388 3688 3962 4015 4022 4052 4113 4189 4298 4521 4867 4885 4922 4998 5096 5196 5099 4893 4696 4385 8914 8682 8557 8572 8571 8562 8209 7917 7676 7441 7280 6974 6914 6807 6494 6247 5927 5958 6211 6165 6142 6278 5773 5404 5298 4651 4428 4185 4023 4038 3805 3555 3391 3302 3175 3114 3056 2795 2680 2496 508 436 634 1121 1214 1101 1340 1629 2007 1910 2003 2069 2250 2514 2676 2471 2807 2861 3340 2880 3077 3122 3180 3275 3166 3029 2911 2898 3013 3100 3064 3134 3307 3567 3836 4151 4415 4629 4641 4691 4741 4769 4801 4857 4875 4900 4676 4292 4622 4720 4643 4613 4604 4569 4552 4361 4146 4033 3249 2971 2683 2210 1948 1848 1549 1373 865 712 1148 1589 1670 2007 2236 2258 2676 2539 2438 2330 2052 2001 1923 1608 1844 2193 2469 2735 3221 3421 3646 4033 4488 1667 1568 1114 724 878 873 1081 1189 1608 2243 2518 2964 3362 3655 3999 4298 4704 5884 6243 6617 7282 7759 7906 8169 8326 8335 8197 7889 7810 8200 8757 8983 9248 
5560 5451 5345 5123 4965 4745 4751 5046 5063 4764 4533 4249 3891 3265 2944 2631 2452 1911 1642 1492 1332 1182 883 466 0 414 606 1013 1261 1506 1733 1753 1468 1288 1403 959 942 1017 1320 1418 1650 1961 2341 2393 2459 2585 2897 3095 3212 3451 3759 4038 4139 4163 4227 4326 4428 4560 4796 5176 5210 5258 5349 5458 5566 5478 5271 5056 4776 9015 8766 8608 8616 8603 8574 8227 7954 7712 7476 7315 7010 6961 6882 6563 6306 5990 6032 6294 6274 6266 6415 5921 5557 5413 4755 4537 4311 4164 4262 4053 3831 3692 3630 3528 3483 3447 3159 3030 2841 960 807 879 1217 1248 1033 1173 1486 1856 1943 2125 2235 2453 2689 2807 2558 2875 2916 3358 2887 3461 3492 3533 3596 3466 3299 3144 3116 3182 3240 3166 3177 3294 3541 3827 4150 4430 4661 4685 4759 4827 4895 4963 5043 5085 5138 4929 4559 4519 4616 4557 4558 4569 4570 4613 4425 4215 4109 3646 3383 3130 2635 2369 2281 1976 1783 1306 1074 1452 1900 2022 2354 2574 2555 2964 2789 2645 2508 2215 2126 1988 2016 2274 2634 2915 3185 3673 3874 4099 4488 4944 2021 1875 1420 1085 1317 1340 1523 1630 1941 2510 2766 3186 3567 3849 4182 4560 4956 6140 6497 6866 7530 8012 8169 8426 8571 8562 8411 8105 8001 8391 8930 9154 9415 
5836 5717 5601 5374 5239 5032 5052 5355 5373 5103 4867 4568 4207 3565 3225 2859 2661 2188 1970 1861 1736 1591 1288 874 414 0 192 601 850 1094 1322 1345 1085 1691 1817 1280 1209 1246 1484 1490 1730 2067 2471 2497 2485 2598 2923 3127 3220 3462 3771 4053 4194 4233 4327 4459 4585 4735 4983 5394 5443 5501 5606 5725 5843 5764 5556 5323 5077 9026 8762 8575 8577 8555 8508 8166 7911 7668 7433 7272 6969 6930 6877 6553 6289 5977 6029 6297 6301 6306 6466 5984 5628 5450 4786 4576 4367 4234 4406 4221 4025 3911 3875 3797 3768 3752 3440 3301 3110 1374 1215 1254 1501 1491 1227 1264 1572 1911 2150 2386 2522 2759 2973 3062 2785 3084 3113 3520 3048 3761 3777 3802 3835 3686 3494 3308 3268 3290 3322 3215 3174 3239 3472 3768 4094 4385 4630 4663 4757 4842 4945 5045 5147 5211 5288 5095 4740 4370 4465 4422 4451 4479 4513 4607 4424 4220 4122 3957 3710 3497 2981 2712 2636 2329 2123 1720 1476 1827 2271 2410 2737 2951 2912 3313 3118 2950 2799 2501 2390 2215 2423 2685 3047 3329 3599 4087 4288 4513 4902 5358 2409 2245 1797 1486 1731 1743 1895 2000 2215 2716 2950 3341 3701 3970 4290 4735 5122 6303 6657 7019 7682 8166 8332 8584 8716 8691 8529 8225 8098 8485 9008 9229 9484 
5981 5859 5739 5509 5384 5183 5208 5513 5531 5273 5035 4731 4369 3722 3375 2991 2787 2341 2141 2045 1928 1783 1480 1067 606 192 0 415 664 908 1135 1160 926 1877 2009 1452 1368 1392 1605 1574 1813 2156 2567 2581 2536 2642 2971 3176 3258 3499 3809 4090 4250 4294 4402 4547 4683 4841 5093 5516 5572 5633 5744 5867 5988 5913 5705 5465 5233 9054 8784 8583 8582 8555 8500 8161 7914 7672 7437 7277 6975 6941 6899 6574 6306 5997 6053 6325 6339 6351 6515 6040 5686 5495 4829 4622 4422 4295 4499 4325 4140 4037 4011 3942 3919 3910 3591 3448 3256 1566 1404 1430 1642 1617 1339 1334 1631 1951 2252 2510 2656 2900 3104 3180 2892 3181 3205 3594 3124 3917 3928 3947 3969 3812 3611 3413 3368 3371 3392 3272 3207 3248 3472 3772 4099 4394 4644 4682 4786 4877 4996 5110 5221 5294 5382 5195 4848 4328 4422 4387 4430 4466 4515 4634 4454 4253 4158 4117 3877 3677 3155 2885 2814 2506 2297 1912 1661 2000 2441 2587 2912 3123 3075 3471 3269 3090 2933 2634 2515 2326 2609 2875 3238 3521 3791 4279 4480 4705 5094 5551 2587 2415 1972 1671 1923 1935 2079 2183 2366 2840 3064 3442 3792 4055 4369 4841 5222 6401 6754 7112 7774 8259 8429 8678 8805 8773 8605 8302 8166 8551 9066 9286 9539 
6208 6077 5946 5712 5612 5426 5466 5778 5795 5571 5327 5011 4647 3988 3627 3199 2983 2606 2456 2396 2315 2176 1872 1464 1013 601 415 0 249 493 720 745 553 2292 2416 1781 1665 1662 1811 1706 1932 2280 2695 2685 2567 2655 2988 3193 3249 3487 3793 4071 4269 4328 4464 4640 4799 4973 5235 5685 5756 5828 5953 6086 6216 6151 5943 5686 5490 8998 8715 8486 8479 8442 8370 8038 7809 7567 7333 7174 6876 6852 6836 6509 6234 5933 5997 6274 6311 6336 6511 6051 5707 5483 4818 4621 4441 4329 4604 4455 4299 4221 4220 4176 4169 4180 3840 3689 3497 1969 1816 1844 2031 1990 1701 1646 1920 2202 2592 2876 3033 3284 3477 3535 3234 3508 3525 3884 3420 4181 4177 4181 4173 4000 3777 3552 3497 3458 3453 3303 3187 3175 3380 3685 4010 4312 4573 4620 4743 4850 5003 5147 5279 5373 5484 5315 4986 4142 4233 4214 4284 4337 4419 4588 4415 4223 4137 4391 4170 4013 3472 3202 3144 2837 2619 2319 2075 2413 2852 3001 3325 3535 3481 3872 3662 3473 3309 3011 2882 2676 3023 3287 3647 3928 4197 4684 4885 5109 5497 5953 3001 2826 2385 2086 2330 2321 2432 2533 2629 3030 3229 3572 3896 4143 4439 4973 5341 6510 6858 7208 7865 8351 8530 8772 8886 8837 8658 8358 8199 8581 9077 9294 9541 
6360 6224 6088 5852 5765 5588 5636 5950 5968 5762 5516 5192 4829 4165 3797 3348 3127 2789 2662 2620 2554 2418 2114 1709 1261 850 664 249 0 244 471 495 381 2541 2663 1998 1869 1855 1972 1832 2047 2392 2806 2783 2624 2701 3033 3236 3277 3511 3813 4088 4308 4375 4527 4720 4891 5075 5340 5805 5885 5962 6095 6233 6368 6308 6102 5835 5659 8981 8690 8444 8433 8391 8308 7981 7763 7522 7289 7131 6836 6818 6817 6489 6211 5915 5984 6264 6315 6349 6529 6079 5741 5499 4836 4645 4478 4376 4690 4556 4417 4353 4366 4335 4337 4359 4009 3854 3663 2215 2066 2093 2268 2220 1927 1849 2109 2370 2802 3099 3261 3516 3702 3751 3444 3709 3722 4064 3605 4357 4345 4340 4316 4135 3901 3663 3603 3539 3520 3354 3209 3165 3355 3662 3984 4289 4555 4608 4742 4858 5030 5193 5336 5442 5567 5407 5090 4054 4143 4134 4222 4285 4386 4586 4418 4232 4152 4571 4360 4225 3676 3407 3355 3050 2828 2566 2325 2661 3099 3250 3573 3782 3724 4113 3899 3704 3537 3239 3105 2891 3273 3535 3895 4175 4443 4930 5130 5355 5742 6197 3250 3073 2633 2335 2578 2559 2657 2756 2810 3172 3356 3677 3986 4221 4507 5075 5433 6594 6939 7283 7936 8422 8607 8845 8951 8892 8707 8409 8237 8615 9100 9315 9559 
6528 6389 6248 6010 5936 5766 5821 6138 6155 5965 5717 5388 5024 4358 3985 3520 3295 2988 2880 2850 2795 2659 2355 1952 1506 1094 908 493 244 0 227 255 347 2785 2907 2224 2088 2066 2159 1993 2198 2537 2948 2913 2720 2786 3114 3315 3341 3571 3867 4138 4378 4452 4619 4827 5009 5200 5470 5947 6035 6116 6255 6398 6537 6482 6276 6002 5843 8991 8692 8430 8415 8367 8273 7951 7745 7506 7274 7117 6824 6813 6827 6499 6218 5927 6002 6284 6348 6389 6575 6135 5804 5545 4886 4701 4546 4454 4804 4683 4559 4507 4532 4513 4522 4552 4195 4037 3847 2459 2310 2334 2495 2440 2145 2047 2294 2534 3004 3312 3480 3738 3917 3957 3644 3900 3909 4234 3780 4548 4529 4518 4480 4292 4050 3801 3736 3651 3619 3440 3268 3194 3369 3676 3994 4300 4570 4628 4773 4897 5088 5268 5421 5538 5675 5525 5218 4000 4086 4088 4193 4267 4387 4617 4455 4274 4201 4766 4563 4446 3891 3623 3576 3271 3048 2811 2569 2901 3337 3491 3813 4020 3958 4345 4126 3925 3754 3457 3319 3097 3517 3780 4139 4419 4687 5173 5374 5598 5984 6439 3491 3311 2873 2579 2822 2799 2887 2985 3008 3337 3508 3810 4103 4329 4604 5200 5551 6702 7043 7382 8032 8517 8706 8940 9039 8972 8780 8484 8300 8676 9148 9362 9601 
6682 6539 6394 6155 6092 5929 5990 6309 6326 6151 5901 5567 5204 4536 4159 3679 3452 3174 3082 3062 3017 2883 2579 2177 1733 1322 1135 720 471 227 0 56 445 3012 3134 2434 2292 2263 2337 2150 2345 2677 3083 3038 2816 2872 3195 3392 3405 3630 3920 4187 4445 4525 4705 4926 5117 5316 5588 6076 6171 6257 6402 6548 6691 6641 6436 6154 6012 8996 8690 8412 8395 8340 8237 7920 7725 7487 7256 7100 6811 6806 6834 6506 6223 5937 6016 6300 6377 6425 6615 6185 5861 5587 4932 4754 4611 4527 4909 4801 4690 4650 4686 4677 4692 4730 4367 4206 4018 2685 2537 2561 2713 2653 2356 2245 2481 2704 3202 3518 3690 3950 4124 4157 3839 4088 4094 4405 3956 4724 4699 4682 4632 4438 4188 3930 3861 3758 3714 3523 3328 3226 3387 3692 4005 4312 4586 4649 4803 4935 5142 5336 5499 5626 5774 5633 5336 3952 4035 4048 4169 4252 4391 4647 4490 4316 4248 4945 4750 4649 4089 3822 3780 3476 3251 3037 2796 3127 3562 3717 4038 4245 4180 4564 4342 4137 3964 3667 3526 3299 3744 4007 4366 4645 4912 5399 5599 5823 6209 6663 3717 3536 3099 2806 3048 3021 3101 3197 3193 3492 3651 3935 4214 4429 4694 5316 5658 6800 7138 7471 8117 8602 8795 9025 9117 9041 8844 8550 8355 8727 9189 9400 9636 
6661 6516 6370 6130 6071 5910 5974 6293 6310 6140 5890 5554 5191 4523 4144 3660 3432 3164 3080 3067 3029 2897 2593 2194 1753 1345 1160 745 495 255 56 0 423 3036 3152 2438 2291 2259 2325 2131 2322 2653 3057 3009 2781 2835 3156 3353 3363 3587 3877 4143 4404 4485 4667 4891 5084 5284 5557 6048 6144 6231 6378 6526 6670 6621 6416 6132 5995 8945 8639 8359 8342 8287 8183 7866 7672 7434 7203 7048 6758 6754 6784 6455 6172 5887 5967 6251 6329 6378 6569 6141 5818 5541 4887 4710 4569 4486 4875 4770 4662 4626 4665 4659 4676 4717 4352 4190 4002 2702 2560 2588 2750 2692 2396 2290 2529 2755 3247 3560 3731 3990 4166 4201 3885 4136 4142 4456 4006 4710 4683 4663 4610 4414 4162 3902 3832 3725 3679 3485 3286 3180 3339 3644 3956 4263 4536 4600 4756 4888 5099 5295 5459 5588 5739 5599 5305 3897 3980 3994 4116 4200 4340 4599 4443 4270 4203 4932 4741 4647 4084 3818 3778 3476 3250 3056 2820 3156 3593 3746 4068 4276 4214 4599 4379 4177 4005 3708 3567 3343 3768 4027 4385 4663 4929 5415 5615 5838 6224 6678 3745 3566 3128 2831 3067 3033 3105 3201 3183 3471 3627 3906 4181 4394 4657 5284 5625 6764 7101 7433 8078 8563 8757 8986 9076 8999 8801 8508 8311 8683 9143 9354 9589 
6238 6094 5948 5709 5648 5487 5551 5870 5888 5723 5472 5134 4771 4102 3722 3237 3009 2749 2681 2688 2682 2560 2259 1877 1468 1085 926 553 381 347 445 423 0 2755 2838 2056 1899 1858 1907 1708 1900 2232 2637 2594 2383 2445 2771 2971 2994 3224 3520 3791 4033 4108 4279 4492 4679 4875 5147 5632 5726 5811 5956 6103 6247 6197 5993 5709 5572 8648 8351 8093 8081 8034 7946 7622 7411 7170 6938 6780 6487 6474 6484 6155 5875 5583 5657 5938 6001 6042 6227 5787 5457 5197 4538 4354 4200 4109 4472 4360 4245 4205 4242 4235 4254 4297 3930 3767 3580 2384 2271 2337 2568 2536 2250 2199 2470 2742 3145 3425 3578 3825 4024 4087 3788 4062 4078 4432 3970 4289 4261 4240 4187 3993 3742 3486 3417 3320 3282 3098 2921 2847 3024 3331 3650 3956 4225 4282 4426 4550 4741 4923 5078 5199 5341 5195 4895 3683 3770 3766 3862 3931 4046 4270 4107 3927 3853 4512 4325 4246 3678 3414 3380 3080 2852 2743 2542 2911 3356 3489 3819 4035 3998 4396 4196 4015 3854 3556 3430 3228 3477 3721 4067 4338 4601 5083 5280 5502 5884 6335 3488 3331 2881 2553 2755 2685 2727 2819 2766 3048 3206 3492 3775 3995 4265 4875 5221 6367 6707 7044 7692 8177 8368 8600 8697 8627 8434 8139 7953 8328 8801 9014 9254 
