7
277
34 0 1 2 3 4 5 6 7 8 9 10 11 12 13 14 15 16 17 18 19 20 21 22 23 24 25 26 27 28 29 30 31 32 33
71 34 35 36 37 38 39 40 2 3 4 41 5 6 42 43 44 45 46 47 48 49 50 51 52 53 54 55 56 57 58 13 14 59 15 16 17 18 19 20 60 61 62 63 64 65 66 67 68 69 70 71 72 73 74 75 76 77 78 79 80 81 82 83 84 85 86 87 88 89 90 91
70 92 93 94 95 96 97 98 99 100 101 102 103 104 105 106 107 108 109 110 111 112 113 114 115 116 117 118 119 120 121 122 123 124 125 126 127 128 129 130 131 132 133 134 135 136 137 138 139 140 141 142 143 144 145 146 147 148 149 150 151 152 153 154 155 156 157 158 159 160 161
29 162 163 164 165 166 167 168 77 78 79 80 81 82 169 170 171 172 173 174 175 176 177 178 179 180 128 129 130 181
48 182 152 153 154 155 183 184 185 186 187 188 189 190 191 192 193 12 13 14 194 195 196 197 198 199 200 60 61 62 201 202 203 204 205 206 207 208 209 210 211 212 79 80 213 214 215 87 216
50 216 217 218 219 220 221 222 223 224 225 226 227 228 229 121 122 123 124 125 126 127 128 129 130 230 231 232 233 234 235 236 15 138 139 140 237 238 239 240 241 242 243 244 245 246 247 248 249 250 251
36 252 190 191 192 193 12 13 14 15 16 253 254 255 256 257 258 122 259 260 163 261 262 263 264 265 266 267 268 269 270 271 272 273 274 275 276
1200 1800 1800 900 600 600 900 
0 432 460 345 398 550 942 1162 1460 1856 2193 2601 2685 2727 2819 2852 2766 3024 3319 3816 4053 4805 5145 5382 5735 5901 5863 5533 5485 5653 5742 5956 6103 6247 2424 2095 1784 1480 1155 973 736 365 975 1079 1380 1321 1547 1693 1533 1492 1503 1669 1869 1946 2074 2306 2254 2253 2458 3127 4289 4261 4240 4293 4518 4702 4855 4974 4944 4895 4729 4519 4276 4131 4288 4378 4523 4552 4400 4284 4218 3961 3698 3380 3247 3509 3791 3771 3774 3718 3201 2761 8648 8351 8093 8081 8034 7946 7622 7411 7170 6938 6780 6487 6474 6484 6155 5875 5583 5657 5938 6001 6042 6227 5787 5457 5197 4538 4354 4200 4109 4279 4492 4472 4360 4245 4205 4242 4235 4254 4297 4102 3930 3767 3580 3237 3009 2749 2681 2688 2682 2560 2384 2271 2337 2568 2536 2250 2199 2470 2742 3145 3425 3578 3825 4024 4087 3788 4062 4078 4432 3970 4895 5221 5352 5184 5074 4899 4746 3296 2994 2844 2924 3106 3284 3330 3409 3540 3819 4015 4180 4794 3201 4066 4198 4409 3998 4029 3744 3507 3331 2881 2553 2755 3119 3390 3478 3698 4248 4350 4522 4253 4208 4258 4382 4463 4315 4140 4044 3906 3956 4117 4269 4043 3950 3871 3683 3770 3766 3862 3931 4046 4225 4282 4270 4107 3927 3853 4033 4108 4512 4325 4246 3678 3414 3380 3080 2743 2542 2911 3356 3489 3477 3721 4067 4338 4601 5083 5280 5502 5884 6335 3488 3048 3206 3492 3775 3995 4265 4679 4875 6367 6707 7044 7692 8177 8368 8600 8697 8627 8434 8139 7953 8328 8801 9014 9254 
432 0 53 273 523 742 1171 1429 1745 2175 2529 2943 3038 3112 3207 3257 3191 3457 3751 4246 4482 5233 5573 5809 6161 6333 6294 5965 5917 6085 6173 6387 6535 6679 1993 1664 1352 1048 723 560 376 691 1146 1141 1352 1425 1671 1865 1761 1770 1825 2028 2234 2341 2461 2694 2655 2641 2841 3510 4719 4692 4672 4725 4949 5132 5283 5400 5364 5313 5144 4927 4672 4516 4663 4746 4882 4900 4736 4611 4537 4277 4012 3697 3550 3779 4052 4008 3992 3906 3409 2962 8954 8648 8368 8350 8295 8191 7875 7681 7442 7212 7056 6767 6763 6793 6465 6181 5897 5976 6260 6339 6388 6578 6150 5827 5551 4897 4719 4578 4496 4677 4901 4884 4780 4672 4635 4674 4667 4685 4726 4531 4361 4199 4011 3669 3441 3172 3088 3073 3034 2902 2707 2563 2591 2751 2693 2396 2289 2527 2752 3246 3560 3731 3990 4166 4200 3884 4134 4140 4453 4003 5315 5634 5760 5582 5464 5279 5112 3618 3317 3190 3300 3499 3691 3746 3834 3967 4249 4447 4612 5222 3310 4230 4382 4620 4217 4273 3996 3768 3569 3131 2834 3072 3520 3796 3892 4111 4657 4775 4950 4685 4638 4684 4801 4873 4713 4526 4421 4268 4309 4462 4609 4345 4230 4134 3905 3988 4002 4125 4209 4349 4546 4610 4609 4453 4280 4213 4413 4495 4941 4749 4654 4092 3825 3786 3483 3060 2824 3159 3595 3748 3771 4032 4389 4667 4934 5420 5620 5843 6229 6683 3748 3480 3636 3916 4191 4404 4666 5094 5294 6774 7111 7443 8088 8573 8767 8996 9086 9009 8811 8518 8320 8692 9152 9363 9599 
460 53 0 255 507 726 1154 1414 1732 2166 2522 2937 3035 3115 3211 3266 3207 3482 3775 4267 4502 5252 5592 5827 6178 6355 6316 5987 5942 6112 6202 6416 6563 6706 1963 1636 1326 1025 696 520 324 694 1121 1105 1307 1391 1638 1836 1740 1755 1817 2026 2233 2348 2465 2698 2662 2646 2843 3512 4739 4714 4696 4752 4978 5162 5314 5433 5400 5349 5181 4966 4714 4559 4708 4792 4929 4948 4785 4660 4587 4327 4063 3747 3601 3831 4105 4061 4045 3960 3463 3016 9006 8700 8421 8403 8348 8245 7928 7734 7495 7265 7109 6820 6815 6844 6516 6232 5947 6026 6310 6388 6436 6626 6197 5873 5598 4944 4765 4623 4539 4718 4940 4923 4815 4705 4665 4701 4692 4707 4745 4551 4382 4221 4033 3694 3467 3189 3097 3077 3030 2896 2697 2549 2571 2722 2661 2364 2251 2486 2708 3208 3526 3698 3958 4131 4163 3845 4093 4098 4408 3959 5351 5672 5799 5623 5507 5324 5158 3668 3367 3238 3344 3541 3730 3783 3868 3999 4279 4475 4640 5240 3273 4198 4352 4593 4191 4250 3975 3748 3546 3110 2818 3061 3528 3805 3904 4122 4667 4792 4970 4712 4668 4717 4837 4912 4754 4569 4466 4315 4356 4510 4657 4396 4283 4187 3959 4042 4055 4178 4261 4400 4596 4659 4657 4501 4327 4259 4458 4538 4960 4765 4663 4103 3836 3794 3491 3050 2808 3138 3572 3728 3756 4019 4378 4658 4925 5412 5612 5836 6222 6677 3728 3507 3666 3949 4227 4443 4707 5131 5330 6814 7151 7484 8130 8615 8808 9038 9129 9053 8856 8562 8367 8739 9200 9411 9647 
345 273 255 0 252 471 899 1159 1477 1912 2269 2685 2784 2872 2970 3033 2995 3299 3584 4064 4297 5045 5385 5616 5965 6157 6118 5791 5752 5930 6033 6245 6387 6526 2147 1828 1525 1238 901 681 417 460 873 885 1128 1163 1406 1594 1488 1500 1564 1778 1986 2113 2225 2458 2429 2406 2601 3269 4536 4517 4506 4572 4805 4995 5155 5280 5257 5213 5051 4848 4612 4470 4630 4722 4868 4897 4745 4629 4562 4304 4041 3723 3588 3843 4124 4096 4093 4026 3516 3073 8991 8692 8431 8417 8368 8276 7953 7747 7507 7275 7118 6825 6814 6827 6498 6218 5927 6001 6283 6346 6387 6572 6131 5800 5542 4883 4697 4542 4449 4613 4820 4797 4675 4550 4497 4522 4501 4510 4540 4346 4183 4025 3835 3508 3284 2975 2866 2835 2779 2644 2443 2294 2318 2480 2426 2130 2034 2282 2523 2990 3298 3465 3723 3902 3943 3630 3887 3896 4222 3768 5210 5543 5680 5519 5412 5240 5090 3640 3338 3190 3266 3444 3613 3651 3718 3844 4113 4303 4463 5032 3053 3963 4112 4348 3945 4000 3723 3495 3295 2858 2563 2806 3293 3573 3679 3894 4436 4578 4763 4533 4501 4563 4699 4788 4649 4479 4385 4251 4301 4462 4615 4384 4287 4204 4003 4090 4091 4195 4268 4387 4569 4627 4615 4452 4272 4197 4374 4447 4753 4550 4431 3877 3609 3562 3257 2795 2553 2886 3322 3475 3501 3764 4123 4403 4671 5157 5358 5582 5969 6423 3475 3326 3499 3802 4096 4322 4597 5001 5192 6695 7037 7376 8026 8511 8700 8934 9033 8967 8775 8479 8296 8672 9145 9359 9599 
398 523 507 252 0 219 648 907 1225 1661 2020 2437 2538 2637 2736 2810 2795 3131 3408 3873 4103 4848 5188 5414 5760 5969 5929 5605 5573 5760 5876 6084 6222 6357 2340 2030 1734 1459 1123 884 607 274 632 689 981 948 1184 1357 1239 1248 1315 1537 1746 1887 1993 2225 2205 2175 2365 3031 4343 4331 4328 4404 4644 4840 5009 5139 5129 5091 4935 4745 4527 4398 4570 4669 4823 4864 4722 4615 4556 4300 4040 3721 3597 3876 4162 4150 4158 4109 3589 3152 8987 8697 8452 8442 8400 8318 7991 7772 7531 7298 7140 6844 6826 6823 6495 6218 5921 5990 6269 6319 6352 6531 6080 5742 5502 4839 4647 4478 4375 4525 4716 4686 4550 4409 4343 4355 4323 4324 4344 4151 3996 3841 3650 3337 3116 2774 2644 2600 2532 2395 2192 2042 2068 2243 2195 1903 1826 2087 2350 2779 3075 3237 3492 3678 3728 3421 3687 3700 4043 3583 5083 5428 5574 5428 5332 5173 5038 3634 3332 3166 3211 3369 3515 3538 3586 3705 3962 4145 4298 4833 2838 3732 3876 4106 3701 3752 3474 3245 3048 2608 2311 2554 3066 3349 3462 3674 4213 4374 4566 4366 4348 4424 4575 4681 4561 4406 4323 4206 4264 4432 4590 4391 4311 4240 4066 4155 4146 4232 4294 4393 4561 4613 4590 4422 4235 4155 4308 4374 4557 4344 4207 3658 3389 3337 3031 2543 2301 2637 3074 3225 3249 3511 3871 4152 4420 4907 5107 5332 5719 6174 3225 3161 3347 3671 3981 4217 4504 4886 5069 6590 6935 7280 7934 8420 8603 8842 8949 8891 8706 8408 8238 8616 9102 9317 9561 
550 742 726 471 219 0 429 688 1006 1446 1806 2223 2327 2439 2539 2625 2635 3003 3269 3720 3946 4687 5026 5248 5591 5816 5775 5454 5429 5624 5752 5958 6091 6221 2510 2208 1919 1655 1321 1073 796 254 429 548 884 772 997 1153 1023 1029 1101 1334 1544 1703 1801 2032 2022 1982 2168 2830 4187 4183 4186 4273 4520 4720 4897 5033 5033 5001 4852 4674 4473 4356 4538 4644 4805 4856 4723 4624 4571 4319 4062 3742 3629 3926 4216 4218 4236 4202 3675 3244 9000 8716 8487 8480 8443 8370 8039 7810 7569 7334 7175 6877 6854 6837 6510 6236 5934 5999 6276 6314 6339 6514 6054 5710 5486 4821 4623 4444 4332 4468 4644 4608 4459 4304 4225 4225 4181 4175 4186 3994 3846 3694 3503 3204 2988 2612 2462 2402 2322 2182 1976 1822 1849 2036 1995 1705 1649 1923 2204 2595 2880 3037 3289 3481 3539 3238 3512 3528 3887 3423 4990 5345 5499 5368 5280 5133 5012 3652 3352 3171 3188 3327 3452 3460 3490 3603 3848 4023 4171 4671 2652 3529 3669 3894 3487 3535 3256 3026 2832 2390 2092 2337 2877 3162 3283 3492 4026 4206 4405 4236 4230 4320 4486 4605 4504 4363 4289 4188 4254 4428 4589 4419 4353 4293 4142 4233 4214 4285 4338 4420 4574 4622 4590 4418 4225 4140 4273 4331 4397 4175 4019 3478 3208 3150 2843 2325 2081 2419 2858 3007 3029 3293 3653 3934 4203 4690 4891 5116 5503 5959 3007 3035 3234 3576 3901 4146 4443 4803 4978 6514 6862 7211 7869 8354 8534 8776 8889 8841 8662 8361 8202 8584 9079 9297 9544 
942 1171 1154 899 648 429 0 271 589 1041 1408 1825 1937 2086 2190 2307 2381 2820 3061 3472 3688 4417 4753 4965 5299 5561 5518 5205 5195 5407 5562 5761 5883 6004 2841 2556 2282 2038 1710 1453 1184 583 161 450 799 497 659 757 596 606 714 983 1190 1401 1473 1696 1715 1650 1819 2467 3931 3942 3963 4074 4332 4543 4736 4883 4907 4888 4752 4601 4435 4344 4544 4662 4836 4906 4792 4709 4669 4424 4175 3858 3764 4094 4388 4415 4449 4441 3906 3489 9078 8808 8608 8607 8580 8525 8186 7939 7697 7462 7301 7000 6966 6924 6599 6331 6022 6078 6349 6363 6375 6539 6063 5710 5519 4853 4646 4446 4318 4424 4569 4521 4345 4160 4055 4028 3958 3934 3924 3736 3606 3463 3272 3008 2805 2355 2152 2052 1930 1784 1565 1399 1420 1626 1598 1319 1312 1608 1927 2231 2491 2638 2883 3086 3161 2872 3160 3184 3571 3102 4868 5243 5412 5312 5244 5121 5028 3763 3469 3262 3226 3325 3406 3383 3375 3473 3688 3846 3979 4397 2280 3124 3255 3472 3063 3107 2827 2597 2404 1961 1664 1920 2546 2837 2975 3176 3696 3922 4138 4038 4061 4179 4375 4524 4459 4350 4295 4226 4306 4488 4657 4540 4501 4461 4353 4447 4411 4454 4490 4540 4669 4706 4658 4478 4277 4182 4273 4317 4130 3889 3685 3165 2895 2823 2515 1909 1654 1990 2430 2578 2603 2870 3235 3518 3788 4276 4478 4703 5092 5549 2577 2858 3084 3463 3814 4077 4391 4704 4861 6422 6775 7134 7795 8280 8450 8699 8826 8795 8628 8324 8189 8574 9089 9310 9563 
1162 1429 1414 1159 907 688 271 0 319 770 1137 1553 1667 1825 1930 2060 2165 2638 2864 3253 3464 4186 4519 4726 5057 5334 5290 4981 4979 5198 5367 5562 5678 5794 3105 2824 2552 2310 1982 1724 1456 797 385 647 951 566 626 623 389 341 448 731 935 1170 1226 1445 1477 1401 1561 2203 3707 3726 3754 3877 4141 4357 4557 4710 4747 4735 4607 4472 4328 4253 4463 4588 4769 4850 4749 4676 4644 4405 4162 3849 3769 4117 4413 4456 4502 4512 3974 3569 9031 8770 8589 8592 8571 8528 8185 7926 7684 7448 7287 6984 6943 6885 6562 6299 5986 6036 6303 6302 6305 6463 5978 5620 5449 4786 4574 4362 4226 4313 4438 4384 4194 3993 3874 3832 3750 3717 3697 3511 3390 3253 3062 2819 2624 2137 1909 1792 1659 1513 1294 1134 1176 1435 1431 1173 1228 1538 1885 2097 2326 2457 2691 2910 3003 2731 3033 3064 3477 3005 4710 5095 5273 5191 5134 5026 4951 3752 3464 3241 3172 3246 3299 3259 3227 3316 3514 3662 3787 4164 2138 2932 3050 3250 2838 2868 2584 2349 2169 1720 1406 1651 2293 2584 2730 2926 3441 3685 3907 3842 3881 4013 4225 4390 4348 4257 4214 4165 4253 4440 4612 4531 4510 4483 4404 4500 4454 4477 4502 4530 4642 4673 4614 4430 4225 4125 4189 4225 3900 3651 3429 2917 2648 2570 2263 1640 1395 1749 2194 2331 2342 2604 2967 3249 3518 4007 4208 4433 4822 5278 2330 2679 2918 3316 3680 3952 4275 4560 4707 6278 6633 6996 7659 8143 8307 8560 8695 8673 8513 8208 8086 8474 9000 9222 9478 
1460 1745 1732 1477 1225 1006 589 319 0 458 826 1240 1359 1545 1652 1806 1965 2488 2688 3041 3242 3950 4280 4479 4802 5104 5059 4757 4765 4996 5183 5372 5481 5589 3404 3130 2862 2625 2299 2040 1773 1097 682 907 1155 739 686 552 272 47 202 502 680 963 986 1188 1248 1149 1288 1911 3484 3515 3556 3696 3967 4189 4400 4560 4614 4612 4496 4382 4267 4212 4434 4567 4755 4850 4765 4705 4682 4451 4217 3910 3845 4213 4509 4570 4629 4658 4118 3728 9033 8784 8624 8632 8619 8589 8242 7970 7728 7492 7331 7026 6978 6900 6580 6323 6007 6049 6311 6292 6285 6434 5940 5577 5432 4773 4556 4331 4183 4248 4347 4284 4075 3853 3715 3653 3551 3507 3470 3288 3182 3053 2864 2654 2475 1935 1665 1514 1351 1200 976 818 883 1211 1239 1021 1156 1469 1838 1933 2118 2231 2450 2685 2801 2549 2866 2906 3346 2875 4581 4978 5167 5108 5067 4978 4924 3810 3531 3293 3185 3228 3244 3181 3120 3195 3367 3500 3612 3926 1963 2689 2791 2972 2557 2573 2284 2047 1880 1425 1094 1331 2025 2318 2477 2664 3166 3442 3675 3663 3723 3875 4109 4294 4281 4214 4186 4162 4260 4453 4628 4588 4588 4576 4530 4626 4568 4571 4582 4586 4677 4701 4630 4442 4232 4127 4158 4182 3669 3406 3151 2658 2391 2303 1998 1321 1083 1456 1904 2029 2027 2286 2647 2930 3199 3687 3889 4114 4503 4960 2028 2533 2788 3208 3589 3870 4203 4450 4582 6162 6519 6888 7552 8034 8191 8448 8592 8584 8433 8127 8022 8411 8950 9175 9435 
1856 2175 2166 1912 1661 1446 1041 770 458 0 368 783 901 1109 1217 1400 1632 2214 2376 2676 2863 3551 3876 4065 4381 4708 4662 4368 4390 4633 4843 5024 5122 5222 3862 3588 3320 3080 2752 2495 2225 1503 1140 1358 1575 1159 1044 825 621 454 353 328 355 684 638 795 900 767 867 1461 3103 3148 3205 3365 3645 3873 4096 4265 4342 4353 4252 4169 4094 4068 4304 4448 4646 4760 4696 4655 4646 4428 4209 3914 3873 4265 4560 4646 4723 4781 4244 3880 8928 8695 8568 8582 8581 8570 8217 7927 7685 7451 7290 6984 6924 6819 6506 6258 5938 5970 6223 6179 6157 6293 5789 5420 5312 4664 4441 4199 4038 4069 4132 4058 3826 3577 3414 3326 3200 3140 3083 2908 2821 2705 2521 2358 2202 1600 1276 1081 892 743 531 446 633 1113 1203 1084 1319 1609 1988 1901 1999 2068 2252 2514 2673 2466 2801 2854 3331 2870 4314 4725 4927 4900 4879 4817 4795 3812 3550 3293 3131 3128 3093 2999 2896 2952 3086 3196 3292 3524 1909 2482 2547 2681 2264 2240 1943 1698 1577 1122 736 899 1600 1892 2065 2241 2729 3037 3281 3335 3423 3602 3862 4074 4101 4068 4062 4073 4184 4382 4560 4581 4610 4621 4623 4721 4645 4617 4609 4576 4638 4651 4563 4371 4157 4044 4029 4037 3276 2999 2711 2238 1976 1876 1577 887 724 1155 1598 1683 1626 1865 2215 2492 2759 3245 3445 3670 4057 4513 1680 2264 2538 2983 3381 3672 4016 4209 4320 5906 6264 6638 7303 7780 7928 8190 8347 8355 8216 7909 7828 8219 8774 9001 9265 
2193 2529 2522 2269 2020 1806 1408 1137 826 368 0 417 533 780 887 1107 1420 2046 2166 2408 2580 3244 3563 3743 4051 4402 4355 4069 4103 4358 4586 4760 4849 4940 4230 3956 3688 3446 3117 2861 2591 1848 1508 1722 1924 1512 1374 1132 968 821 705 545 401 637 511 561 719 556 575 1107 2816 2876 2947 3126 3411 3644 3877 4053 4149 4172 4087 4030 3992 3990 4237 4388 4593 4721 4677 4651 4654 4448 4242 3959 3938 4345 4636 4742 4832 4912 4380 4039 8863 8644 8543 8563 8571 8576 8220 7915 7675 7441 7281 6975 6906 6779 6472 6234 5911 5935 6179 6114 6080 6206 5694 5322 5246 4611 4385 4131 3959 3961 3993 3909 3658 3387 3202 3090 2943 2867 2791 2623 2557 2454 2277 2165 2036 1386 1009 758 524 376 216 351 630 1162 1293 1256 1537 1798 2170 1950 1972 2002 2147 2429 2620 2455 2798 2861 3362 2915 4126 4547 4761 4762 4759 4720 4725 3857 3611 3343 3140 3098 3021 2900 2762 2799 2896 2984 3063 3215 1941 2363 2394 2481 2069 2006 1706 1459 1393 967 561 579 1277 1565 1753 1915 2384 2726 2980 3099 3213 3413 3696 3930 3992 3989 4000 4042 4162 4362 4542 4612 4664 4692 4732 4830 4742 4689 4667 4605 4643 4647 4545 4352 4136 4018 3964 3958 2976 2685 2364 1915 1661 1548 1259 565 550 1001 1411 1447 1330 1540 1875 2145 2408 2892 3091 3314 3700 4154 1443 2099 2386 2846 3254 3552 3902 4045 4137 5720 6079 6457 7120 7593 7732 7999 8165 8188 8060 7752 7691 8083 8651 8879 9147 
2601 2943 2937 2685 2437 2223 1825 1553 1240 783 417 0 151 535 623 904 1328 1983 2041 2193 2337 2956 3262 3425 3719 4107 4058 3787 3839 4109 4365 4527 4602 4680 4639 4369 4103 3863 3535 3278 3008 2260 1922 2128 2309 1904 1745 1491 1361 1233 1122 935 752 859 695 587 773 619 483 754 2564 2644 2737 2941 3230 3467 3712 3896 4018 4056 3990 3968 3974 4002 4258 4417 4627 4771 4748 4740 4756 4565 4374 4107 4105 4525 4811 4935 5038 5139 4616 4298 8867 8664 8594 8620 8638 8661 8301 7981 7743 7512 7353 7047 6969 6818 6518 6291 5967 5982 6215 6127 6079 6191 5673 5300 5261 4646 4418 4151 3970 3938 3930 3835 3562 3266 3055 2910 2733 2635 2530 2376 2343 2263 2100 2064 1976 1294 868 535 135 41 297 569 804 1292 1452 1495 1803 2026 2380 2029 1966 1948 2043 2338 2563 2451 2794 2868 3385 2962 4001 4432 4658 4694 4713 4703 4738 4005 3778 3501 3258 3176 3052 2902 2723 2735 2782 2840 2893 2922 2001 2235 2223 2251 1856 1743 1450 1211 1226 888 568 298 998 1264 1477 1608 2034 2435 2703 2918 3066 3295 3602 3862 3966 3998 4031 4106 4235 4437 4617 4738 4816 4861 4939 5037 4936 4860 4821 4731 4742 4735 4620 4427 4211 4088 3991 3969 2701 2391 2010 1615 1381 1246 992 285 562 916 1237 1205 1004 1167 1479 1741 2000 2482 2679 2901 3286 3739 1199 2039 2333 2803 3216 3517 3870 3952 4018 5589 5946 6328 6987 7453 7581 7852 8031 8071 7957 7649 7613 8005 8587 8816 9088 
2685 3038 3035 2784 2538 2327 1937 1667 1359 901 533 151 0 401 481 770 1214 1871 1914 2048 2188 2804 3110 3274 3568 3955 3906 3636 3688 3959 4218 4378 4452 4529 4763 4489 4219 3974 3644 3389 3117 2351 2041 2255 2446 2038 1886 1634 1495 1354 1227 1015 818 868 703 548 726 590 414 604 2414 2497 2592 2800 3089 3326 3573 3758 3884 3925 3863 3850 3866 3902 4161 4321 4533 4681 4665 4662 4682 4496 4312 4050 4056 4479 4762 4894 5001 5111 4592 4286 8761 8563 8502 8529 8550 8578 8217 7893 7656 7425 7267 6962 6881 6723 6425 6202 5878 5889 6120 6025 5973 6082 5563 5190 5160 4552 4324 4054 3870 3829 3811 3713 3436 3136 2920 2770 2588 2488 2380 2227 2198 2122 1961 1941 1864 1181 751 408 18 179 444 719 955 1439 1600 1647 1954 2177 2530 2166 2087 2058 2138 2436 2670 2571 2913 2988 3508 3091 3868 4301 4529 4573 4597 4594 4638 3948 3729 3449 3193 3098 2960 2803 2613 2619 2655 2705 2754 2770 2135 2323 2296 2301 1916 1783 1496 1266 1312 1007 712 396 849 1113 1326 1456 1885 2283 2552 2777 2931 3165 3477 3742 3856 3898 3936 4021 4153 4355 4534 4673 4759 4811 4902 5000 4895 4809 4766 4665 4667 4657 4538 4345 4129 4006 3896 3869 2550 2240 1862 1464 1231 1094 844 385 707 1032 1321 1263 1021 1144 1428 1676 1928 2404 2599 2818 3199 3649 1256 1927 2221 2691 3105 3406 3760 3826 3887 5454 5811 6193 6851 7316 7442 7714 7895 7938 7827 7519 7488 7879 8465 8694 8967 
2727 3112 3115 2872 2637 2439 2086 1825 1545 1109 780 535 401 0 108 369 823 1478 1512 1663 1817 2465 2783 2963 3274 3622 3575 3292 3332 3594 3840 4006 4087 4172 4927 4638 4356 4094 3759 3512 3235 2421 2210 2452 2684 2268 2147 1911 1730 1552 1377 1107 897 790 652 422 524 476 271 400 2049 2120 2207 2407 2695 2932 3177 3361 3484 3524 3462 3451 3475 3519 3780 3943 4156 4310 4302 4307 4333 4157 3982 3732 3751 4181 4458 4603 4720 4847 4339 4057 8371 8176 8124 8154 8178 8213 7852 7522 7286 7056 6898 6594 6509 6343 6048 5829 5506 5514 5740 5638 5583 5689 5169 4796 4776 4174 3947 3674 3486 3436 3412 3313 3035 2734 2520 2376 2202 2111 2020 1858 1813 1729 1564 1541 1472 791 362 40 419 545 784 1060 1320 1824 1980 2001 2297 2538 2900 2564 2489 2456 2527 2826 3065 2971 3313 3389 3909 3493 3467 3899 4128 4173 4200 4202 4253 3631 3427 3144 2864 2748 2588 2422 2221 2222 2253 2305 2357 2435 2535 2704 2662 2637 2268 2109 1835 1619 1695 1408 1103 795 497 785 974 1135 1621 1947 2204 2383 2531 2763 3076 3342 3464 3514 3560 3657 3793 3994 4173 4338 4439 4502 4622 4719 4605 4502 4448 4329 4317 4302 4177 3985 3770 3645 3518 3486 2200 1906 1606 1135 881 768 480 786 1097 1434 1702 1618 1330 1379 1588 1792 2015 2462 2646 2854 3219 3656 1611 1534 1828 2298 2711 3013 3366 3425 3486 5054 5411 5793 6452 6918 7046 7317 7496 7537 7425 7117 7087 7478 8064 8293 8566 
2819 3207 3211 2970 2736 2539 2190 1930 1652 1217 887 623 481 108 0 297 781 1429 1443 1569 1718 2360 2676 2855 3166 3516 3469 3188 3229 3494 3743 3907 3986 4070 5031 4741 4457 4194 3858 3612 3336 2517 2315 2559 2792 2376 2255 2019 1838 1659 1483 1209 1000 876 746 513 592 566 371 318 1948 2023 2114 2318 2607 2845 3092 3277 3405 3448 3391 3389 3424 3476 3739 3903 4117 4275 4273 4283 4313 4141 3972 3728 3753 4185 4459 4609 4730 4863 4359 4086 8319 8128 8084 8115 8142 8182 7820 7487 7251 7022 6865 6561 6474 6301 6009 5794 5470 5476 5698 5591 5532 5634 5114 4741 4730 4136 3908 3633 3443 3384 3350 3249 2966 2660 2439 2288 2109 2014 1918 1758 1719 1640 1480 1479 1424 751 338 138 499 638 884 1161 1418 1916 2074 2101 2400 2638 2998 2647 2560 2520 2581 2881 3125 3041 3382 3459 3981 3569 3390 3824 4055 4108 4140 4149 4209 3627 3430 3146 2856 2728 2556 2382 2171 2165 2182 2226 2272 2329 2616 2752 2701 2661 2301 2131 1863 1655 1748 1481 1191 867 390 677 869 1028 1514 1841 2100 2295 2451 2689 3007 3279 3411 3471 3522 3628 3767 3967 4146 4325 4432 4501 4632 4729 4611 4501 4443 4316 4296 4278 4150 3958 3744 3618 3479 3443 2096 1799 1499 1028 776 661 375 859 1186 1505 1753 1656 1351 1375 1560 1750 1964 2403 2583 2788 3150 3583 1648 1485 1777 2246 2658 2959 3312 3355 3410 4974 5331 5713 6371 6835 6961 7232 7414 7459 7350 7042 7017 7408 7997 8226 8499 
2852 3257 3266 3033 2810 2625 2307 2060 1806 1400 1107 904 770 369 297 0 500 1137 1147 1305 1472 2151 2477 2673 2998 3308 3262 2969 2996 3250 3484 3654 3741 3833 5133 4834 4543 4268 3932 3693 3416 2574 2443 2702 2960 2543 2444 2221 2017 1820 1621 1328 1128 922 834 617 604 659 536 476 1709 1769 1847 2041 2329 2565 2809 2992 3115 3155 3096 3092 3130 3186 3450 3615 3830 3991 3995 4011 4045 3879 3718 3483 3518 3952 4221 4381 4508 4653 4159 3906 8023 7835 7795 7827 7856 7900 7538 7201 6967 6738 6581 6278 6189 6012 5721 5508 5185 5188 5409 5298 5238 5339 4818 4445 4439 3849 3621 3344 3153 3089 3052 2952 2670 2366 2150 2009 1843 1760 1686 1515 1454 1363 1196 1182 1132 473 172 371 788 913 1142 1412 1680 2190 2344 2352 2642 2892 3257 2934 2855 2817 2878 3178 3422 3336 3678 3755 4276 3861 3098 3531 3760 3811 3843 3854 3917 3384 3198 2914 2607 2463 2275 2095 1878 1868 1886 1936 1989 2124 2904 3047 2991 2941 2588 2409 2148 1945 2044 1775 1471 1161 272 539 671 869 1403 1638 1881 2016 2162 2395 2711 2982 3116 3180 3236 3351 3491 3691 3869 4066 4184 4261 4411 4507 4383 4261 4196 4057 4027 4006 3873 3682 3469 3343 3192 3153 1876 1601 1398 858 588 528 231 1152 1465 1800 2049 1947 1632 1628 1773 1933 2124 2535 2704 2899 3244 3663 1939 1193 1484 1951 2363 2664 3016 3059 3117 4685 5042 5424 6082 6549 6677 6948 7127 7168 7057 6749 6721 7112 7700 7929 8203 
2766 3191 3207 2995 2795 2635 2381 2165 1965 1632 1420 1328 1214 823 781 500 0 656 747 1091 1311 2053 2392 2621 2971 3184 3142 2825 2814 3034 3219 3407 3517 3630 5135 4822 4520 4230 3896 3673 3399 2537 2532 2810 3107 2698 2642 2450 2210 1990 1765 1462 1299 1002 996 860 732 874 870 967 1553 1561 1592 1735 2013 2240 2466 2638 2729 2753 2674 2641 2652 2696 2958 3122 3336 3494 3495 3510 3544 3381 3223 2994 3037 3473 3737 3904 4037 4193 3711 3482 7548 7352 7303 7334 7361 7402 7040 6705 6470 6241 6084 5780 5693 5521 5228 5012 4689 4694 4918 4814 4760 4867 4348 3975 3952 3355 3127 2852 2664 2614 2602 2509 2245 1967 1786 1695 1587 1553 1551 1359 1225 1089 900 746 650 34 463 808 1231 1326 1513 1760 2039 2567 2708 2673 2939 3213 3587 3338 3294 3272 3350 3649 3884 3779 4123 4196 4712 4285 2706 3129 3347 3368 3385 3379 3430 2896 2721 2436 2117 1963 1776 1601 1399 1407 1476 1568 1659 2038 3317 3527 3481 3440 3082 2908 2644 2436 2519 2216 1876 1610 672 795 774 1001 1551 1584 1770 1704 1795 1994 2284 2535 2642 2691 2741 2850 2991 3191 3369 3569 3691 3774 3941 4036 3907 3775 3705 3559 3526 3505 3373 3181 2968 2842 2698 2663 1762 1558 1563 971 743 797 632 1599 1868 2243 2526 2437 2130 2128 2258 2399 2571 2953 3110 3291 3617 4017 2429 712 1007 1476 1890 2192 2545 2634 2718 4300 4659 5037 5700 6173 6313 6579 6745 6771 6647 6339 6292 6683 7262 7491 7762 
3024 3457 3482 3299 3131 3003 2820 2638 2488 2214 2046 1983 1871 1478 1429 1137 656 0 324 887 1130 1859 2190 2448 2813 2892 2857 2521 2461 2631 2749 2955 3090 3227 5444 5119 4809 4505 4179 3980 3716 2860 2979 3266 3590 3196 3175 3007 2749 2519 2285 1994 1864 1541 1579 1486 1331 1490 1518 1571 1335 1266 1221 1273 1517 1723 1919 2074 2130 2138 2042 1989 1996 2049 2315 2481 2696 2863 2880 2910 2957 2814 2683 2487 2561 2997 3241 3433 3582 3771 3327 3164 6892 6699 6659 6692 6723 6773 6410 6068 5835 5608 5451 5149 5057 4875 4586 4376 4054 4054 4272 4162 4105 4211 3692 3319 3302 2715 2488 2209 2017 1958 1951 1863 1614 1367 1235 1223 1216 1260 1363 1176 959 785 624 217 15 689 1120 1465 1888 1980 2157 2393 2673 3204 3339 3283 3533 3818 4196 3983 3949 3929 4005 4305 4541 4434 4778 4851 5366 4935 2100 2510 2717 2719 2730 2723 2780 2394 2265 1989 1622 1409 1164 965 743 755 879 1025 1167 1860 3964 4180 4129 4073 3725 3540 3284 3082 3173 2871 2525 2266 1238 1236 1092 1272 1732 1504 1588 1234 1242 1390 1651 1886 1985 2044 2104 2239 2386 2583 2758 3010 3162 3269 3492 3583 3437 3271 3180 2999 2936 2905 2762 2574 2365 2237 2060 2016 1575 1497 1762 1230 1119 1246 1206 2256 2517 2899 3180 3084 2766 2737 2823 2926 3063 3394 3529 3688 3978 4342 3076 56 350 820 1234 1535 1888 2000 2105 3691 4049 4424 5088 5566 5714 5976 6132 6145 6014 5706 5647 6038 6612 6841 7111 
3319 3751 3775 3584 3408 3269 3061 2864 2688 2376 2166 2041 1914 1512 1443 1147 747 324 0 564 806 1536 1868 2125 2490 2585 2548 2215 2167 2354 2502 2699 2824 2951 5732 5409 5101 4800 4471 4266 3999 3139 3217 3502 3815 3412 3372 3188 2941 2716 2486 2187 2037 1726 1737 1607 1476 1621 1607 1521 1012 950 921 1012 1279 1501 1720 1890 1985 2015 1949 1951 2027 2122 2392 2563 2780 2962 3005 3055 3114 2993 2883 2711 2801 3233 3464 3668 3826 4028 3600 3456 6901 6725 6715 6754 6795 6862 6498 6144 5914 5690 5536 5238 5136 4930 4652 4457 4138 4127 4331 4195 4123 4213 3691 3320 3349 2799 2576 2289 2089 1980 1912 1807 1522 1226 1038 968 917 943 1039 852 636 462 301 122 338 780 1178 1507 1932 2045 2249 2503 2781 3305 3450 3420 3686 3960 4335 4067 4001 3963 4018 4318 4566 4483 4825 4902 5422 5004 1964 2391 2616 2665 2706 2738 2835 2623 2519 2249 1866 1621 1329 1100 814 757 740 820 924 1536 4042 4179 4108 4022 3695 3492 3251 3065 3185 2921 2602 2308 1175 1097 911 1052 1460 1184 1264 978 1048 1254 1564 1840 2004 2113 2202 2376 2529 2720 2889 3193 3366 3487 3738 3826 3674 3490 3387 3181 3091 3049 2894 2712 2511 2383 2154 2089 1251 1179 1494 1009 962 1111 1152 2298 2595 2946 3188 3069 2730 2664 2707 2780 2893 3193 3316 3463 3737 4086 3061 330 467 868 1261 1554 1901 1912 1979 3557 3915 4295 4957 5428 5566 5833 6002 6033 5915 5607 5574 5965 6553 6782 7056 
3816 4246 4267 4064 3873 3720 3472 3253 3041 2676 2408 2193 2048 1663 1569 1305 1091 887 564 0 245 992 1331 1579 1941 2096 2055 1735 1725 1957 2179 2351 2446 2548 6211 5893 5588 5292 4960 4745 4474 3610 3623 3900 4191 3779 3709 3501 3276 3063 2844 2541 2365 2085 2057 1881 1793 1909 1833 1529 472 473 544 767 1055 1293 1550 1743 1912 1984 1978 2076 2255 2408 2675 2848 3062 3262 3341 3417 3493 3402 3321 3180 3289 3713 3927 4145 4310 4527 4120 3997 7018 6872 6913 6960 7017 7110 6746 6374 6151 5935 5786 5495 5380 5138 4880 4709 4398 4371 4549 4375 4279 4341 3822 3461 3564 3080 2869 2580 2377 2200 2037 1911 1589 1238 962 747 540 465 486 292 150 167 262 682 901 1117 1403 1672 2066 2207 2445 2718 2983 3485 3643 3657 3945 4197 4562 4207 4087 4019 4034 4331 4597 4557 4891 4974 5499 5106 1910 2349 2598 2731 2822 2915 3072 3098 3023 2762 2368 2096 1765 1522 1206 1085 870 784 752 987 4170 4169 4065 3929 3643 3411 3203 3049 3215 3023 2760 2418 1208 1003 769 782 1006 622 713 752 976 1270 1632 1957 2216 2396 2521 2743 2900 3079 3237 3606 3804 3942 4226 4311 4151 3946 3828 3592 3467 3411 3243 3072 2886 2760 2469 2377 702 621 1049 746 858 1022 1206 2411 2755 3044 3214 3057 2693 2562 2524 2540 2605 2838 2938 3062 3302 3622 3049 894 964 1227 1541 1795 2110 1953 1943 3452 3805 4189 4838 5294 5409 5684 5877 5941 5850 5544 5559 5946 6555 6784 7063 
4053 4482 4502 4297 4103 3946 3688 3464 3242 2863 2580 2337 2188 1817 1718 1472 1311 1130 806 245 0 751 1091 1335 1697 1873 1830 1517 1526 1778 2031 2190 2270 2360 6442 6126 5822 5527 5194 4977 4705 3842 3837 4111 4395 3981 3902 3688 3471 3262 3047 2745 2562 2294 2255 2068 1994 2100 2008 1637 243 314 459 728 996 1227 1491 1688 1886 1976 1996 2132 2351 2525 2787 2959 3170 3377 3470 3557 3640 3562 3495 3368 3485 3904 4110 4333 4503 4727 4330 4220 7038 6905 6968 7020 7083 7189 6825 6445 6226 6014 5867 5581 5460 5202 4954 4795 4489 4455 4621 4431 4325 4374 3859 3505 3639 3187 2983 2697 2494 2293 2094 1962 1634 1277 985 725 456 306 243 48 207 366 506 922 1144 1335 1587 1830 2206 2354 2601 2877 3136 3627 3789 3818 4112 4356 4716 4330 4190 4110 4109 4404 4676 4653 4982 5067 5593 5212 1892 2327 2583 2751 2862 2980 3161 3289 3227 2972 2574 2292 1950 1705 1388 1252 988 847 755 744 4289 4233 4116 3959 3692 3449 3258 3118 3302 3140 2899 2544 1340 1099 869 816 891 395 470 726 1000 1309 1678 2013 2305 2511 2649 2889 3047 3220 3372 3767 3975 4121 4420 4504 4340 4126 4001 3752 3612 3551 3378 3213 3035 2911 2597 2495 459 405 940 788 964 1118 1345 2539 2895 3159 3299 3129 2757 2601 2526 2513 2553 2747 2832 2942 3162 3462 3120 1136 1184 1397 1673 1906 2200 1976 1933 3389 3737 4121 4761 5209 5315 5593 5794 5873 5793 5489 5524 5909 6525 6755 7034 
4805 5233 5252 5045 4848 4687 4417 4186 3950 3551 3244 2956 2804 2465 2360 2151 2053 1859 1536 992 751 0 340 589 955 1157 1111 832 915 1223 1573 1675 1701 1747 7188 6874 6570 6277 5944 5725 5452 4589 4563 4833 5105 4689 4595 4370 4167 3967 3759 3459 3269 3017 2965 2764 2709 2801 2685 2213 524 615 745 932 1031 1170 1403 1582 1848 1980 2078 2313 2631 2857 3096 3260 3454 3674 3809 3927 4029 3993 3968 3888 4028 4426 4603 4843 5023 5269 4912 4845 6995 6903 7034 7097 7182 7323 6964 6564 6359 6160 6023 5752 5615 5314 5100 4978 4691 4636 4763 4527 4393 4403 3913 3589 3813 3469 3291 3021 2830 2568 2281 2144 1833 1512 1244 972 748 619 507 702 899 1073 1244 1643 1873 2075 2285 2485 2821 2979 3237 3516 3760 4223 4391 4451 4756 4981 5328 4879 4695 4588 4549 4833 5116 5136 5451 5541 6063 5712 1880 2263 2525 2789 2955 3144 3388 3820 3801 3566 3162 2857 2494 2256 1952 1792 1458 1236 1047 51 4828 4642 4493 4283 4074 3808 3662 3562 3782 3690 3499 3125 1970 1691 1491 1348 1072 520 282 964 1257 1539 1870 2203 2570 2840 3010 3293 3449 3599 3730 4197 4435 4603 4947 5025 4851 4609 4466 4181 3998 3921 3736 3593 3442 3328 2958 2831 292 564 1120 1340 1584 1709 1985 3122 3497 3704 3775 3576 3198 2984 2820 2729 2692 2755 2787 2841 2975 3190 3567 1856 1848 1934 2094 2253 2473 2076 1938 3148 3470 3844 4448 4865 4940 5223 5451 5571 5527 5232 5329 5701 6335 6561 6843 
5145 5573 5592 5385 5188 5026 4753 4519 4280 3876 3563 3262 3110 2783 2676 2477 2392 2190 1868 1331 1091 340 0 270 632 845 796 565 714 1038 1432 1493 1482 1498 7528 7214 6910 6618 6284 6065 5791 4929 4898 5166 5435 5019 4920 4692 4494 4296 4091 3792 3599 3352 3297 3093 3042 3130 3008 2513 860 931 1033 1169 1197 1280 1474 1631 1912 2057 2183 2451 2800 3042 3268 3426 3611 3834 3985 4114 4223 4204 4196 4134 4283 4671 4835 5081 5265 5519 5179 5130 6983 6911 7072 7140 7233 7390 7035 6627 6429 6238 6104 5842 5699 5380 5182 5077 4801 4737 4847 4593 4447 4440 3965 3660 3919 3625 3460 3201 3017 2736 2422 2287 1996 1705 1464 1216 1036 936 847 1042 1233 1406 1580 1974 2205 2414 2615 2804 3127 3287 3548 3826 4065 4517 4687 4757 5065 5283 5626 5155 4956 4839 4787 5066 5352 5387 5696 5788 6307 5968 1953 2298 2553 2854 3040 3255 3523 4071 4069 3843 3439 3128 2762 2530 2235 2071 1726 1494 1295 355 5102 4868 4708 4479 4293 4020 3892 3807 4039 3971 3798 3419 2286 2002 1812 1654 1309 838 622 1206 1475 1728 2029 2348 2734 3024 3204 3500 3653 3792 3914 4407 4655 4830 5192 5266 5089 4837 4687 4390 4190 4108 3920 3787 3648 3539 3153 3018 632 877 1352 1650 1902 2020 2304 3417 3796 3983 4031 3822 3446 3215 3021 2902 2836 2843 2851 2879 2968 3137 3813 2185 2161 2208 2328 2456 2643 2189 2016 3075 3379 3744 4324 4723 4782 5066 5306 5445 5418 5129 5255 5619 6258 6482 6764 
5382 5809 5827 5616 5414 5248 4965 4726 4479 4065 3743 3425 3274 2963 2855 2673 2621 2448 2125 1579 1335 589 270 0 366 738 687 575 783 1096 1511 1532 1484 1464 7755 7443 7141 6851 6516 6294 6019 5158 5107 5372 5632 5215 5109 4875 4685 4493 4293 3996 3800 3564 3500 3290 3250 3330 3198 2671 1113 1196 1303 1437 1449 1513 1687 1831 2115 2265 2404 2684 3044 3291 3512 3667 3848 4072 4229 4362 4474 4460 4457 4400 4550 4936 5096 5344 5529 5784 5448 5400 7121 7062 7242 7314 7412 7578 7225 6814 6620 6432 6302 6045 5898 5570 5381 5285 5015 4947 5047 4783 4632 4614 4151 3856 4133 3862 3702 3447 3267 2980 2657 2524 2241 1961 1728 1484 1306 1201 1092 1287 1489 1663 1833 2233 2463 2641 2817 2987 3289 3452 3715 3993 4223 4660 4832 4916 5227 5436 5772 5275 5058 4932 4865 5138 5427 5478 5781 5873 6388 6064 2162 2482 2731 3050 3246 3474 3751 4337 4338 4113 3709 3397 3031 2800 2505 2342 1996 1764 1564 591 5218 4935 4763 4518 4354 4077 3967 3897 4140 4099 3948 3565 2467 2178 2002 1827 1422 1043 865 1475 1738 1983 2272 2585 2977 3273 3456 3756 3907 4043 4162 4662 4913 5091 5457 5530 5352 5098 4946 4645 4441 4356 4168 4038 3904 3796 3405 3268 877 1076 1458 1828 2089 2195 2488 3564 3947 4110 4130 3913 3540 3293 3071 2929 2838 2798 2787 2794 2850 2985 3904 2445 2428 2478 2592 2713 2888 2413 2226 3182 3471 3827 4385 4767 4812 5096 5345 5501 5488 5205 5353 5709 6351 6573 6854 
5735 6161 6178 5965 5760 5591 5299 5057 4802 4381 4051 3719 3568 3274 3166 2998 2971 2813 2490 1941 1697 955 632 366 0 662 618 699 931 1195 1612 1581 1486 1416 8100 7790 7490 7201 6866 6642 6366 5506 5439 5700 5953 5536 5422 5184 5002 4815 4619 4325 4126 3900 3830 3616 3584 3657 3517 2964 1478 1562 1665 1786 1772 1807 1953 2077 2362 2516 2671 2968 3344 3599 3811 3961 4135 4359 4525 4666 4781 4779 4785 4738 4893 5273 5426 5677 5863 6123 5796 5756 7250 7209 7417 7493 7599 7779 7429 7013 6826 6645 6519 6270 6118 5777 5603 5522 5261 5186 5271 4994 4835 4802 4356 4079 4381 4148 3997 3751 3576 3280 2944 2814 2546 2286 2067 1835 1668 1567 1455 1649 1854 2028 2197 2598 2828 2990 3148 3300 3583 3747 4012 4288 4509 4930 5103 5201 5515 5713 6042 5518 5284 5147 5064 5329 5619 5690 5983 6077 6586 6278 2414 2697 2936 3278 3487 3731 4022 4678 4687 4466 4063 3749 3382 3153 2862 2698 2351 2116 1915 954 5457 5119 4936 4670 4534 4253 4164 4113 4367 4356 4227 3841 2781 2489 2326 2140 1690 1387 1228 1824 2076 2305 2574 2875 3274 3580 3767 4074 4223 4352 4464 4978 5236 5418 5793 5864 5685 5425 5269 4961 4747 4659 4470 4348 4221 4116 3717 3576 1240 1416 1720 2144 2411 2505 2805 3841 4227 4364 4355 4130 3762 3498 3248 3079 2958 2859 2822 2799 2804 2883 4121 2811 2794 2833 2930 3034 3189 2685 2480 3285 3550 3889 4413 4770 4795 5078 5339 5517 5524 5249 5428 5773 6416 6635 6914 
5901 6333 6355 6157 5969 5816 5561 5334 5104 4708 4402 4107 3955 3622 3516 3308 3184 2892 2585 2096 1873 1157 845 738 662 0 51 371 503 626 1009 939 826 755 8305 7986 7679 7381 7050 6839 6568 5705 5709 5982 6259 5844 5752 5528 5324 5121 4912 4611 4423 4164 4118 3920 3859 3956 3842 3359 1630 1640 1672 1688 1568 1516 1580 1654 1926 2084 2267 2592 2998 3269 3452 3587 3741 3964 4153 4310 4435 4465 4506 4501 4672 5022 5145 5405 5597 5873 5594 5604 6626 6599 6831 6911 7025 7219 6876 6454 6276 6104 5984 5747 5590 5232 5078 5019 4776 4691 4752 4458 4288 4238 3816 3566 3907 3753 3627 3406 3251 2936 2574 2456 2238 2052 1903 1742 1676 1648 1637 1825 1974 2134 2322 2675 2907 3208 3440 3643 3971 4131 4391 4669 4910 5362 5532 5602 5909 6128 6472 5995 5788 5665 5602 5876 6165 6212 6516 6609 7125 6796 1986 2195 2413 2784 3011 3282 3598 4453 4503 4310 3916 3594 3230 3023 2767 2601 2253 2017 1818 1186 5940 5673 5502 5255 5093 4816 4704 4631 4870 4813 4643 4264 3126 2844 2649 2498 2142 1675 1428 1730 1908 2063 2258 2515 2924 3250 3448 3769 3910 4015 4108 4658 4931 5127 5535 5599 5414 5136 4968 4640 4400 4304 4114 4012 3911 3819 3401 3252 1435 1717 2182 2492 2741 2862 3142 4262 4641 4825 4860 4647 4272 4029 3810 3665 3566 3500 3472 3457 3467 3538 4638 2877 2791 2719 2722 2763 2852 2291 2053 2654 2905 3237 3752 4108 4134 4417 4677 4854 4863 4591 4778 5118 5762 5979 6258 
5863 6294 6316 6118 5929 5775 5518 5290 5059 4662 4355 4058 3906 3575 3469 3262 3142 2857 2548 2055 1830 1111 796 687 618 51 0 340 492 642 1035 974 868 803 8265 7946 7640 7342 7011 6799 6528 5665 5665 5938 6214 5799 5707 5481 5278 5076 4867 4566 4378 4120 4073 3874 3815 3910 3796 3310 1588 1602 1637 1661 1548 1503 1576 1656 1930 2088 2268 2592 2994 3265 3450 3587 3744 3967 4153 4309 4433 4461 4498 4490 4660 5012 5137 5397 5588 5863 5580 5586 6658 6629 6857 6937 7050 7242 6898 6477 6297 6124 6003 5765 5608 5252 5096 5034 4789 4705 4769 4477 4309 4260 3835 3581 3918 3755 3627 3403 3246 2933 2573 2453 2230 2036 1882 1714 1642 1609 1593 1782 1934 2095 2283 2639 2872 3166 3394 3596 3923 4082 4343 4621 4861 5313 5483 5553 5861 6079 6422 5944 5736 5614 5551 5825 6113 6161 6465 6557 7073 6745 1990 2208 2429 2796 3021 3290 3603 4440 4487 4292 3897 3575 3210 3001 2743 2577 2228 1991 1791 1139 5889 5622 5451 5203 5041 4764 4652 4579 4819 4763 4594 4214 3078 2797 2602 2450 2091 1628 1383 1703 1887 2049 2251 2513 2921 3245 3443 3763 3904 4012 4107 4654 4926 5121 5526 5591 5406 5129 4963 4636 4399 4303 4113 4009 3906 3812 3395 3247 1390 1669 2131 2444 2694 2814 3095 4212 4592 4775 4809 4595 4220 3978 3758 3613 3515 3450 3424 3410 3422 3498 4586 2842 2760 2696 2706 2753 2848 2291 2057 2688 2942 3276 3795 4153 4181 4464 4723 4898 4906 4632 4816 5158 5802 6019 6298 
5533 5965 5987 5791 5605 5454 5205 4981 4757 4368 4069 3787 3636 3292 3188 2969 2825 2521 2215 1735 1517 832 565 575 699 371 340 0 232 522 941 958 923 933 7939 7619 7312 7013 6683 6473 6203 5340 5354 5629 5911 5497 5411 5190 4981 4776 4563 4261 4076 3811 3770 3577 3510 3611 3505 3046 1274 1273 1300 1321 1218 1192 1294 1398 1681 1837 2004 2316 2708 2973 3170 3313 3478 3701 3879 4029 4150 4166 4193 4175 4341 4701 4834 5092 5282 5553 5259 5257 6570 6521 6721 6796 6901 7079 6730 6314 6126 5946 5821 5573 5421 5078 4906 4828 4572 4494 4575 4296 4135 4103 3657 3382 3694 3490 3351 3118 2953 2646 2294 2169 1928 1715 1548 1375 1305 1281 1287 1470 1609 1766 1955 2304 2537 2850 3095 3311 3652 3810 4068 4346 4592 5055 5223 5282 5586 5813 6161 5707 5514 5401 5351 5631 5917 5949 6260 6351 6870 6529 1736 2000 2237 2584 2798 3051 3352 4123 4162 3962 3565 3244 2878 2667 2405 2239 1889 1652 1452 869 5655 5434 5273 5042 4858 4586 4457 4370 4599 4519 4332 3957 2798 2522 2318 2181 1871 1352 1088 1363 1554 1729 1952 2230 2636 2954 3148 3465 3609 3725 3826 4362 4629 4820 5217 5284 5100 4828 4665 4344 4115 4022 3832 3721 3609 3512 3100 2954 1093 1396 1915 2172 2412 2541 2812 3954 4329 4533 4591 4385 4008 3780 3585 3462 3387 3368 3361 3370 3421 3541 4376 2506 2421 2360 2382 2443 2558 2023 1803 2617 2900 3253 3809 4194 4242 4526 4773 4926 4913 4629 4782 5136 5778 6000 6280 
