3
87
36 0 1 2 3 4 5 6 7 8 9 10 11 12 13 14 15 16 17 18 19 20 21 22 23 24 25 26 27 28 29 30 31 32 33 34 35
48 36 37 38 39 40 41 42 43 44 45 46 47 1 2 3 4 5 6 7 48 49 50 51 52 53 54 55 56 57 58 59 60 61 62 63 64 65 66 67 68 69 70 71 72 73 74 75 76
47 77 78 79 80 81 82 83 84 85 86 47 1 2 3 4 5 6 7 48 49 50 51 52 53 54 55 56 57 58 59 60 61 62 63 64 65 66 67 68 69 70 71 72 73 74 75 76
1800 1800 1800 
0 278 620 946 908 1256 1611 1648 1939 2429 3132 3423 3890 4301 4601 4952 4972 4952 4978 5389 6500 6851 7235 7880 8330 8433 8712 8914 8988 8899 8593 8599 8988 9590 9819 10096 1375 1166 1027 990 1284 1123 1052 1052 660 562 263 20 1890 2046 2279 2304 2504 3078 3369 3306 3433 3569 3801 4006 4272 4610 4899 5053 5119 5170 5268 5403 5604 5783 5914 5936 5929 6013 6061 6135 6136 3208 2779 2379 2104 1967 1505 1238 987 625 365 
278 0 457 848 927 1312 1695 1748 2044 2519 3229 3523 3993 4406 4707 5060 5096 5090 5128 5541 6667 7020 7404 8053 8508 8617 8894 9091 9156 9060 8753 8747 9136 9732 9962 10237 1106 917 808 833 1133 1011 1005 1104 687 705 447 294 2029 2212 2447 2492 2730 3285 3574 3498 3617 3745 3967 4158 4415 4744 5024 5158 5208 5248 5330 5461 5662 5842 5966 5981 5960 6031 6069 6128 6122 3478 3050 2651 2378 2242 1783 1516 1264 892 599 
620 457 0 406 613 1007 1408 1481 1775 2216 2927 3221 3691 4104 4406 4759 4816 4833 4892 5305 6453 6810 7192 7848 8311 8431 8705 8891 8940 8831 8523 8495 8886 9472 9701 9973 1148 1080 1063 1183 1470 1396 1433 1561 1143 1148 865 640 1815 2041 2271 2356 2677 3177 3460 3353 3454 3565 3765 3931 4170 4484 4748 4854 4882 4910 4973 5099 5300 5480 5596 5605 5571 5629 5659 5709 5697 3769 3334 2929 2649 2509 2024 1738 1472 1061 743 
946 848 406 0 387 712 1103 1191 1471 1876 2580 2873 3340 3752 4053 4405 4477 4509 4581 4994 6154 6512 6893 7553 8020 8149 8420 8597 8635 8518 8210 8168 8559 9137 9366 9637 1441 1433 1446 1586 1868 1802 1839 1950 1534 1504 1208 964 1559 1815 2034 2151 2537 2980 3254 3123 3208 3304 3486 3632 3856 4159 4411 4498 4513 4534 4587 4710 4911 5091 5203 5209 5171 5226 5254 5302 5290 3925 3489 3082 2801 2661 2164 1873 1612 1209 927 
908 927 613 387 0 396 795 867 1161 1610 2322 2617 3087 3500 3802 4155 4207 4220 4278 4691 5840 6197 6580 7236 7700 7822 8095 8279 8326 8217 7909 7882 8273 8860 9089 9362 1752 1693 1662 1747 2044 1938 1924 1960 1561 1460 1164 921 1209 1450 1675 1778 2151 2607 2884 2763 2856 2961 3155 3318 3556 3871 4138 4252 4290 4325 4403 4533 4734 4914 5038 5054 5036 5112 5156 5227 5228 3621 3186 2781 2502 2364 1867 1579 1329 956 741 
1256 1312 1007 712 396 0 401 481 770 1214 1927 2221 2691 3105 3406 3760 3811 3826 3887 4301 5454 5811 6193 6851 7316 7442 7714 7895 7938 7827 7519 7488 7879 8465 8694 8967 2135 2087 2058 2138 2436 2323 2296 2301 1916 1783 1496 1266 849 1113 1326 1456 1885 2283 2552 2414 2497 2592 2777 2931 3165 3477 3742 3856 3898 3936 4021 4153 4355 4534 4662 4682 4673 4759 4811 4894 4902 3638 3211 2815 2544 2411 1928 1657 1438 1135 1013 
1611 1695 1408 1103 795 401 0 108 369 823 1534 1828 2298 2711 3013 3366 3412 3425 3486 3899 5054 5411 5793 6452 6918 7046 7317 7496 7537 7425 7117 7087 7478 8064 8293 8566 2535 2489 2456 2527 2826 2704 2662 2637 2268 2109 1835 1619 497 785 974 1135 1621 1947 2204 2049 2120 2207 2383 2531 2763 3076 3342 3464 3514 3560 3657 3793 3994 4173 4307 4333 4338 4439 4502 4603 4622 3644 3230 2851 2594 2469 2015 1772 1595 1372 1325 
1648 1748 1481 1191 867 481 108 0 297 781 1485 1777 2246 2658 2959 3312 3350 3355 3410 3824 4974 5331 5713 6371 6835 6961 7232 7414 7459 7350 7042 7017 7408 7997 8226 8499 2616 2560 2520 2581 2881 2752 2701 2661 2301 2131 1863 1655 390 677 869 1028 1514 1841 2100 1948 2023 2114 2295 2451 2689 3007 3279 3411 3471 3522 3628 3767 3967 4146 4283 4313 4325 4432 4501 4609 4632 3571 3160 2785 2533 2409 1965 1731 1565 1368 1347 
1939 2044 1775 1471 1161 770 369 297 0 500 1193 1484 1951 2363 2664 3016 3052 3059 3117 3531 4685 5042 5424 6082 6549 6677 6948 7127 7168 7057 6749 6721 7112 7700 7929 8203 2904 2855 2817 2878 3178 3047 2991 2941 2588 2409 2148 1945 272 539 671 869 1403 1638 1881 1709 1769 1847 2016 2162 2395 2711 2982 3116 3180 3236 3351 3491 3691 3869 4011 4045 4066 4184 4261 4381 4411 3651 3254 2895 2656 2541 2125 1914 1777 1622 1628 
2429 2519 2216 1876 1610 1214 823 781 500 0 712 1007 1476 1890 2192 2545 2602 2634 2718 3129 4300 4659 5037 5700 6173 6313 6579 6745 6771 6647 6339 6292 6683 7262 7491 7762 3317 3294 3272 3350 3649 3527 3481 3440 3082 2908 2644 2436 672 795 774 1001 1551 1584 1770 1553 1561 1592 1704 1795 1994 2284 2535 2642 2691 2741 2850 2991 3191 3369 3510 3544 3569 3691 3774 3904 3941 4004 3626 3288 3065 2958 2572 2380 2260 2122 2126 
3132 3229 2927 2580 2322 1927 1534 1485 1193 712 0 294 764 1178 1479 1832 1897 1948 2056 2460 3642 4000 4374 5038 5516 5666 5927 6082 6094 5962 5654 5593 5985 6558 6786 7056 4019 4004 3985 4061 4361 4237 4184 4128 3781 3596 3340 3138 1291 1284 1136 1311 1762 1514 1589 1334 1258 1205 1206 1203 1343 1600 1832 1929 1988 2049 2186 2333 2530 2705 2858 2906 2962 3116 3225 3392 3453 4364 4023 3725 3533 3442 3112 2958 2875 2786 2818 
3423 3523 3221 2873 2617 2221 1828 1777 1484 1007 294 0 469 883 1185 1538 1606 1670 1793 2191 3375 3732 4103 4768 5248 5403 5661 5811 5816 5680 5372 5305 5696 6267 6495 6765 4311 4298 4279 4356 4655 4530 4476 4414 4070 3882 3629 3429 1570 1537 1367 1518 1919 1579 1600 1345 1233 1138 1071 1002 1095 1324 1543 1635 1700 1770 1923 2074 2268 2440 2600 2655 2728 2898 3020 3205 3277 4536 4209 3928 3747 3662 3353 3212 3140 3067 3106 
3890 3993 3691 3340 3087 2691 2298 2246 1951 1476 764 469 0 413 715 1068 1149 1244 1401 1780 2962 3317 3681 4345 4828 4991 5244 5384 5377 5234 4926 4848 5239 5805 6032 6301 4776 4767 4749 4825 5124 4998 4941 4874 4534 4341 4092 3895 2024 1966 1777 1900 2230 1784 1729 1491 1337 1188 1012 815 774 912 1090 1165 1246 1335 1526 1681 1867 2032 2204 2273 2379 2579 2724 2940 3032 4836 4533 4275 4112 4035 3755 3631 3574 3519 3569 
4301 4406 4104 3752 3500 3105 2711 2658 2363 1890 1178 883 413 0 301 654 758 905 1107 1448 2614 2963 3319 3981 4466 4638 4885 5014 4996 4844 4538 4447 4838 5398 5625 5893 5187 5180 5163 5238 5538 5411 5352 5279 4944 4748 4501 4306 2429 2356 2157 2263 2544 2037 1931 1718 1545 1370 1131 854 660 621 710 752 862 980 1220 1377 1547 1700 1884 1969 2112 2342 2508 2753 2864 5121 4838 4599 4449 4379 4120 4009 3963 3921 3978 
4601 4707 4406 4053 3802 3406 3013 2959 2664 2192 1479 1185 715 301 0 353 498 710 951 1237 2373 2717 3065 3723 4208 4387 4629 4750 4721 4563 4258 4157 4547 5103 5330 5596 5487 5481 5464 5540 5839 5712 5652 5576 5242 5045 4799 4606 2726 2645 2442 2537 2790 2253 2118 1923 1744 1560 1296 996 730 525 469 451 606 759 1044 1197 1346 1483 1677 1776 1950 2201 2383 2649 2774 5340 5070 4844 4702 4637 4392 4288 4249 4215 4276 
4952 5060 4759 4405 4155 3760 3366 3312 3016 2545 1832 1538 1068 654 353 0 310 606 872 1049 2112 2444 2778 3429 3915 4102 4337 4446 4404 4238 3934 3819 4208 4758 4984 5250 5838 5834 5817 5892 6192 6064 6003 5924 5593 5393 5149 4957 3075 2987 2780 2866 3090 2528 2367 2192 2010 1821 1544 1238 936 615 346 105 397 597 924 1058 1166 1275 1476 1593 1805 2080 2280 2567 2707 5606 5350 5138 5006 4945 4715 4619 4587 4561 4626 
4972 5096 4816 4477 4207 3811 3412 3350 3052 2602 1897 1606 1149 758 498 310 0 298 563 757 1875 2218 2568 3227 3713 3889 4133 4257 4237 4087 3780 3699 4090 4661 4889 5159 5916 5896 5868 5929 6229 6091 6018 5919 5602 5391 5159 4976 3083 2967 2750 2812 2984 2391 2204 2054 1870 1681 1396 1098 786 420 80 356 692 895 1225 1352 1443 1534 1736 1861 2089 2370 2574 2866 3009 5444 5206 5013 4896 4842 4641 4563 4548 4550 4636 
4952 5090 4833 4509 4220 3826 3425 3355 3059 2634 1948 1670 1244 905 710 606 298 0 266 542 1718 2072 2437 3102 3584 3747 4000 4142 4146 4014 3706 3662 4053 4642 4872 5146 5950 5914 5874 5921 6221 6075 5989 5873 5570 5349 5127 4955 3063 2922 2696 2735 2854 2240 2029 1905 1724 1538 1255 979 685 350 266 653 990 1193 1523 1649 1735 1818 2020 2148 2382 2665 2870 3163 3307 5253 5032 4857 4753 4707 4532 4471 4473 4502 4608 
4978 5128 4892 4581 4278 3887 3486 3410 3117 2718 2056 1793 1401 1107 951 872 563 266 0 413 1585 1944 2320 2984 3460 3610 3870 4029 4054 3939 3631 3620 4009 4613 4843 5121 6020 5970 5921 5956 6255 6101 6005 5872 5583 5354 5142 4979 3098 2935 2704 2721 2788 2157 1924 1830 1656 1479 1207 972 724 493 531 917 1254 1458 1787 1911 1991 2067 2268 2399 2639 2924 3131 3426 3571 5115 4911 4755 4664 4625 4477 4433 4451 4504 4628 
5389 5541 5305 4994 4691 4301 3899 3824 3531 3129 2460 2191 1780 1448 1237 1049 757 542 413 0 1184 1541 1913 2578 3056 3213 3470 3622 3642 3525 3218 3210 3598 4206 4435 4713 6433 6384 6334 6368 6667 6512 6413 6277 5992 5760 5551 5390 3511 3344 3113 3124 3166 2529 2281 2210 2041 1869 1605 1383 1137 870 768 1053 1370 1566 1886 1987 2027 2068 2261 2401 2666 2962 3179 3486 3641 5421 5238 5099 5021 4988 4857 4823 4848 4910 5038 
6500 6667 6453 6154 5840 5454 5054 4974 4685 4300 3642 3375 2962 2614 2373 2112 1875 1718 1585 1184 0 358 739 1399 1874 2029 2286 2445 2489 2404 2101 2182 2552 3187 3413 3694 7589 7527 7467 7486 7783 7619 7506 7344 7082 6838 6647 6500 4645 4456 4222 4204 4160 3518 3242 3231 3082 2933 2700 2522 2307 2053 1909 2078 2325 2485 2756 2808 2772 2742 2895 3040 3333 3630 3854 4172 4343 6149 6030 5952 5914 5900 5834 5835 5889 5991 6142 
6851 7020 6810 6512 6197 5811 5411 5331 5042 4659 4000 3732 3317 2963 2717 2444 2218 2072 1944 1541 358 0 384 1041 1516 1675 1928 2086 2136 2062 1763 1882 2239 2880 3103 3384 7946 7883 7822 7838 8135 7969 7853 7687 7430 7184 6995 6851 5000 4808 4574 4553 4495 3855 3575 3573 3428 3282 3053 2880 2666 2410 2256 2403 2634 2784 3040 3080 3028 2982 3123 3266 3560 3852 4075 4392 4566 6423 6319 6254 6225 6215 6162 6170 6229 6337 6493 
7235 7404 7192 6893 6580 6193 5793 5713 5424 5037 4374 4103 3681 3319 3065 2778 2568 2437 2320 1913 739 384 0 665 1147 1324 1565 1708 1752 1683 1387 1541 1884 2527 2747 3027 8328 8266 8206 8222 8519 8353 8237 8070 7813 7567 7379 7235 5383 5192 4958 4937 4874 4235 3955 3956 3812 3666 3437 3262 3043 2779 2610 2730 2940 3078 3315 3342 3272 3210 3335 3475 3769 4054 4274 4588 4764 6764 6672 6615 6591 6584 6538 6549 6610 6721 6877 
7880 8053 7848 7553 7236 6851 6452 6371 6082 5700 5038 4768 4345 3981 3723 3429 3227 3102 2984 2578 1399 1041 665 0 485 690 908 1045 1122 1112 856 1173 1429 2057 2260 2532 8986 8921 8857 8869 9165 8995 8875 8699 8451 8201 8019 7879 6037 5840 5606 5578 5493 4859 4574 4589 4450 4310 4088 3920 3706 3444 3271 3376 3571 3698 3918 3932 3846 3766 3874 4009 4299 4574 4789 5098 5274 7279 7212 7177 7167 7166 7143 7165 7235 7357 7520 
8330 8508 8311 8020 7700 7316 6918 6835 6549 6173 5516 5248 4828 4466 4208 3915 3713 3584 3460 3056 1874 1516 1147 485 0 256 423 586 762 868 729 1176 1303 1869 2044 2297 9451 9380 9313 9319 9614 9442 9316 9133 8893 8640 8463 8328 6497 6295 6061 6025 5921 5291 5004 5030 4896 4762 4546 4388 4181 3924 3756 3862 4053 4178 4392 4401 4309 4224 4325 4456 4744 5013 5226 5531 5707 7619 7571 7554 7555 7560 7555 7586 7665 7798 7968 
8433 8617 8431 8149 7822 7442 7046 6961 6677 6313 5666 5403 4991 4638 4387 4102 3889 3747 3610 3213 2029 1675 1324 690 256 0 284 558 839 1015 936 1399 1482 2006 2164 2403 9575 9497 9424 9424 9717 9541 9410 9218 8987 8730 8561 8431 6616 6406 6173 6129 6003 5379 5090 5128 5001 4873 4666 4521 4326 4083 3929 4053 4255 4386 4608 4622 4535 4454 4559 4692 4981 5253 5466 5773 5949 7625 7592 7588 7599 7609 7620 7661 7747 7892 8070 
8712 8894 8705 8420 8095 7714 7317 7232 6948 6579 5927 5661 5244 4885 4629 4337 4133 4000 3870 3470 2286 1928 1565 908 423 284 0 306 643 878 888 1360 1367 1830 1969 2194 9848 9772 9700 9702 9996 9820 9690 9500 9267 9011 8840 8710 6890 6683 6449 6407 6285 5660 5372 5408 5279 5149 4940 4789 4589 4339 4175 4285 4476 4600 4811 4819 4724 4636 4732 4862 5148 5414 5624 5927 6103 7905 7874 7872 7883 7893 7903 7944 8029 8173 8349 
8914 9091 8891 8597 8279 7895 7496 7414 7127 6745 6082 5811 5384 5014 4750 4446 4257 4142 4029 3622 2445 2086 1708 1045 586 558 306 0 361 636 736 1185 1123 1540 1670 1889 10030 9962 9896 9904 10199 10027 9902 9719 9479 9226 9049 8913 7078 6878 6644 6610 6507 5877 5591 5616 5482 5346 5128 4965 4752 4486 4304 4387 4560 4673 4868 4866 4760 4661 4746 4871 5153 5410 5616 5913 6089 8177 8138 8128 8134 8140 8139 8172 8251 8384 8553 
8988 9156 8940 8635 8326 7938 7537 7459 7168 6771 6094 5816 5377 4996 4721 4404 4237 4146 4054 3642 2489 2136 1752 1122 762 839 643 361 0 298 506 889 770 1186 1330 1564 10072 10015 9957 9975 10272 10105 9988 9817 9565 9317 9131 8987 7133 6945 6711 6689 6614 5978 5695 5705 5563 5419 5189 5008 4778 4494 4289 4338 4487 4587 4762 4749 4630 4521 4592 4712 4987 5235 5435 5725 5900 8373 8318 8292 8286 8287 8265 8286 8355 8472 8629 
8899 9060 8831 8518 8217 7827 7425 7350 7057 6647 5962 5680 5234 4844 4563 4238 4087 4014 3939 3525 2404 2062 1683 1112 868 1015 878 636 298 0 308 598 490 1000 1178 1438 9958 9909 9857 9883 10181 10019 9909 9748 9485 9242 9049 8899 7032 6853 6619 6607 6557 5917 5638 5634 5486 5336 5097 4903 4662 4364 4143 4168 4300 4390 4552 4531 4406 4291 4354 4471 4742 4983 5180 5467 5641 8392 8321 8281 8265 8261 8221 8232 8291 8394 8542 
8593 8753 8523 8210 7909 7519 7117 7042 6749 6339 5654 5372 4926 4538 4258 3934 3780 3706 3631 3218 2101 1763 1387 856 729 936 888 736 506 308 0 472 588 1202 1404 1677 9650 9602 9550 9577 9875 9714 9604 9445 9181 8939 8744 8593 6725 6547 6314 6303 6258 5617 5339 5332 5183 5032 4792 4596 4354 4056 3835 3865 4002 4096 4264 4248 4127 4016 4086 4206 4481 4729 4930 5221 5396 8121 8043 7996 7976 7970 7925 7933 7990 8090 8237 
8599 8747 8495 8168 7882 7488 7087 7017 6721 6292 5593 5305 4848 4447 4157 3819 3699 3662 3620 3210 2182 1882 1541 1173 1176 1399 1360 1185 889 598 472 0 391 1005 1233 1514 9609 9576 9535 9576 9875 9722 9624 9482 9202 8968 8762 8600 6717 6555 6324 6330 6327 5684 5413 5384 5226 5065 4811 4593 4331 4011 3761 3741 3841 3915 4052 4020 3884 3759 3810 3921 4185 4419 4611 4893 5066 8302 8201 8132 8097 8083 8009 8000 8042 8118 8248 
8988 9136 8886 8559 8273 7879 7478 7408 7112 6683 5985 5696 5239 4838 4547 4208 4090 4053 4009 3598 2552 2239 1884 1429 1303 1482 1367 1123 770 490 588 391 0 643 863 1144 10000 9967 9925 9965 10265 10111 10011 9867 9589 9354 9149 8989 7107 6943 6712 6716 6705 6063 5790 5766 5609 5449 5197 4981 4721 4402 4153 4129 4225 4294 4424 4387 4246 4116 4159 4266 4524 4748 4935 5210 5381 8648 8555 8494 8463 8451 8385 8380 8424 8504 8636 
9590 9732 9472 9137 8860 8465 8064 7997 7700 7262 6558 6267 5805 5398 5103 4758 4661 4642 4613 4206 3187 2880 2527 2057 1869 2006 1830 1540 1186 1000 1202 1005 643 0 229 509 10577 10553 10517 10563 10863 10713 10619 10482 10197 9966 9756 9591 7704 7548 7318 7329 7332 6689 6419 6388 6229 6066 5810 5585 5318 4989 4726 4674 4742 4795 4896 4845 4690 4548 4568 4663 4903 5105 5278 5534 5700 9291 9198 9134 9101 9088 9015 9005 9044 9116 9241 
9819 9962 9701 9366 9089 8694 8293 8226 7929 7491 6786 6495 6032 5625 5330 4984 4889 4872 4843 4435 3413 3103 2747 2260 2044 2164 1969 1670 1330 1178 1404 1233 863 229 0 281 10806 10782 10746 10793 11092 10942 10848 10711 10427 10195 9986 9821 7934 7778 7548 7559 7560 6917 6646 6617 6458 6295 6039 5815 5548 5219 4955 4900 4965 5015 5111 5058 4900 4756 4772 4864 5101 5297 5466 5717 5882 9509 9419 9358 9326 9313 9242 9233 9273 9346 9471 
10096 10237 9973 9637 9362 8967 8566 8499 8203 7762 7056 6765 6301 5893 5596 5250 5159 5146 5121 4713 3694 3384 3027 2532 2297 2403 2194 1889 1564 1438 1677 1514 1144 509 281 0 11076 11054 11020 11068 11368 11219 11126 10990 10704 10474 10263 10097 8209 8055 7825 7837 7841 7198 6928 6897 6738 6575 6318 6092 5823 5493 5226 5164 5222 5268 5356 5298 5137 4990 4998 5087 5317 5505 5669 5914 6076 9788 9699 9639 9607 9595 9524 9514 9553 9624 9747 
1375 1106 1148 1441 1752 2135 2535 2616 2904 3317 4019 4311 4776 5187 5487 5838 5916 5950 6020 6433 7589 7946 8328 8986 9451 9575 9848 10030 10072 9958 9650 9609 10000 10577 10806 11076 0 315 540 814 887 1018 1240 1589 1314 1542 1438 1389 2961 3190 3419 3502 3798 4319 4604 4501 4602 4712 4908 5066 5296 5600 5851 5930 5930 5939 5970 6085 6284 6463 6562 6555 6489 6513 6515 6524 6489 4469 4056 3672 3410 3281 2852 2601 2359 1998 1702 
1166 917 1080 1433 1693 2087 2489 2560 2855 3294 4004 4298 4767 5180 5481 5834 5896 5914 5970 6384 7527 7883 8266 8921 9380 9497 9772 9962 10015 9909 9602 9576 9967 10553 10782 11054 315 0 225 499 606 709 926 1274 1013 1255 1185 1176 2883 3092 3325 3389 3646 4193 4481 4393 4505 4625 4834 5008 5250 5565 5828 5928 5947 5967 6015 6135 6335 6515 6622 6622 6570 6607 6620 6643 6615 4182 3773 3395 3138 3012 2599 2359 2128 1791 1515 
1027 808 1063 1446 1662 2058 2456 2520 2817 3272 3985 4279 4749 5163 5464 5817 5868 5874 5921 6334 7467 7822 8206 8857 9313 9424 9700 9896 9957 9857 9550 9535 9925 10517 10746 11020 540 225 0 279 453 505 706 1048 795 1047 1008 1035 2824 3017 3251 3301 3530 4093 4382 4306 4425 4551 4769 4954 5204 5527 5798 5914 5945 5973 6033 6157 6358 6538 6650 6656 6613 6660 6680 6713 6691 3969 3563 3189 2936 2812 2411 2181 1959 1644 1389 
990 833 1183 1586 1747 2138 2527 2581 2878 3350 4061 4356 4825 5238 5540 5892 5929 5921 5956 6368 7486 7838 8222 8869 9319 9424 9702 9904 9975 9883 9577 9576 9965 10563 10793 11068 814 499 279 0 300 241 427 780 586 864 899 992 2859 3030 3264 3294 3481 4066 4356 4296 4423 4558 4786 4985 5245 5576 5857 5991 6037 6073 6147 6275 6476 6656 6775 6786 6754 6812 6840 6883 6867 3751 3354 2990 2745 2626 2253 2043 1841 1569 1354 
1284 1133 1470 1868 2044 2436 2826 2881 3178 3649 4361 4655 5124 5538 5839 6192 6229 6221 6255 6667 7783 8135 8519 9165 9614 9717 9996 10199 10272 10181 9875 9875 10265 10863 11092 11368 887 606 453 300 0 232 481 861 803 1090 1173 1285 3158 3328 3561 3589 3763 4354 4644 4588 4717 4854 5084 5284 5544 5876 6158 6290 6334 6370 6441 6568 6769 6949 7066 7075 7040 7093 7117 7156 7136 3896 3513 3164 2932 2819 2475 2283 2096 1847 1646 
1123 1011 1396 1802 1938 2323 2704 2752 3047 3527 4237 4530 4998 5411 5712 6064 6091 6075 6101 6512 7619 7969 8353 8995 9442 9541 9820 10027 10105 10019 9714 9722 10111 10713 10942 11219 1018 709 505 241 232 0 255 636 584 870 981 1121 3012 3168 3400 3417 3570 4169 4460 4412 4545 4686 4921 5129 5395 5732 6019 6163 6218 6260 6341 6471 6673 6853 6975 6988 6962 7025 7056 7104 7090 3666 3282 2932 2700 2588 2248 2063 1883 1655 1476 
1052 1005 1433 1839 1924 2296 2662 2701 2991 3481 4184 4476 4941 5352 5652 6003 6018 5989 6005 6413 7506 7853 8237 8875 9316 9410 9690 9902 9988 9909 9604 9624 10011 10619 10848 11126 1240 926 706 427 481 255 0 381 423 687 862 1046 2934 3070 3300 3301 3420 4031 4321 4286 4425 4572 4815 5033 5306 5649 5944 6103 6172 6221 6316 6449 6650 6830 6958 6977 6961 7035 7074 7133 7126 3415 3034 2689 2462 2353 2033 1865 1704 1517 1381 
1052 1104 1561 1950 1960 2301 2637 2661 2941 3440 4128 4414 4874 5279 5576 5924 5919 5873 5872 6277 7344 7687 8070 8699 9133 9218 9500 9719 9817 9748 9445 9482 9867 10482 10711 10990 1589 1274 1048 780 861 636 381 0 417 532 805 1039 2850 2953 3176 3152 3215 3842 4128 4113 4262 4418 4671 4905 5188 5539 5844 6026 6115 6177 6290 6428 6629 6807 6944 6971 6971 7060 7111 7187 7189 3040 2664 2329 2112 2010 1728 1594 1472 1370 1314 
660 687 1143 1534 1561 1916 2268 2301 2588 3082 3781 4070 4534 4944 5242 5593 5602 5570 5583 5992 7082 7430 7813 8451 8893 8987 9267 9479 9565 9485 9181 9202 9589 10197 10427 10704 1314 1013 795 586 803 584 423 417 0 286 443 650 2520 2650 2879 2877 3001 3609 3899 3862 4001 4149 4392 4612 4887 5231 5528 5694 5769 5823 5925 6061 6262 6442 6574 6596 6589 6671 6718 6788 6786 3175 2773 2405 2159 2040 1674 1479 1299 1094 966 
562 705 1148 1504 1460 1783 2109 2131 2409 2908 3596 3882 4341 4748 5045 5393 5391 5349 5354 5760 6838 7184 7567 8201 8640 8730 9011 9226 9317 9242 8939 8968 9354 9966 10195 10474 1542 1255 1047 864 1090 870 687 532 286 0 299 546 2318 2427 2653 2638 2735 3351 3640 3612 3755 3907 4156 4384 4664 5013 5316 5495 5582 5644 5759 5898 6098 6277 6414 6442 6446 6539 6594 6676 6682 2928 2518 2142 1889 1767 1389 1193 1018 849 784 
263 447 865 1208 1164 1496 1835 1863 2148 2644 3340 3629 4092 4501 4799 5149 5159 5127 5142 5551 6647 6995 7379 8019 8463 8561 8840 9049 9131 9049 8744 8762 9149 9756 9986 10263 1438 1185 1008 899 1173 981 862 805 443 299 0 247 2076 2207 2437 2442 2591 3188 3478 3433 3568 3713 3954 4171 4444 4788 5084 5251 5328 5384 5491 5628 5829 6008 6143 6168 6166 6255 6307 6385 6389 3059 2636 2244 1977 1846 1415 1174 952 674 523 
20 294 640 964 921 1266 1619 1655 1945 2436 3138 3429 3895 4306 4606 4957 4976 4955 4979 5390 6500 6851 7235 7879 8328 8431 8710 8913 8987 8899 8593 8600 8989 9591 9821 10097 1389 1176 1035 992 1285 1121 1046 1039 650 546 247 0 1893 2046 2279 2303 2498 3075 3365 3303 3432 3569 3801 4007 4274 4613 4903 5058 5125 5177 5276 5411 5612 5791 5923 5946 5939 6023 6072 6147 6149 3189 2760 2360 2086 1949 1489 1222 972 614 361 
1890 2029 1815 1559 1209 849 497 390 272 672 1291 1570 2024 2429 2726 3075 3083 3063 3098 3511 4645 5000 5383 6037 6497 6616 6890 7078 7133 7032 6725 6717 7107 7704 7934 8209 2961 2883 2824 2859 3158 3012 2934 2850 2520 2318 2076 1893 0 292 480 641 1150 1450 1710 1565 1649 1751 1950 2130 2386 2720 3010 3177 3268 3339 3476 3622 3820 3995 4145 4187 4225 4356 4444 4576 4614 3387 2994 2642 2410 2298 1901 1708 1596 1496 1553 
2046 2212 2041 1815 1450 1113 785 677 539 795 1284 1537 1966 2356 2645 2987 2967 2922 2935 3344 4456 4808 5192 5840 6295 6406 6683 6878 6945 6853 6547 6555 6943 7548 7778 8055 3190 3092 3017 3030 3328 3168 3070 2953 2650 2427 2207 2046 292 0 234 350 864 1171 1439 1313 1413 1533 1755 1963 2237 2586 2891 3091 3211 3298 3461 3611 3805 3977 4137 4188 4246 4396 4496 4647 4695 3209 2831 2499 2284 2183 1830 1675 1608 1583 1693 
2279 2447 2271 2034 1675 1326 974 869 671 774 1136 1367 1777 2157 2442 2780 2750 2696 2704 3113 4222 4574 4958 5606 6061 6173 6449 6644 6711 6619 6314 6324 6712 7318 7548 7825 3419 3325 3251 3264 3561 3400 3300 3176 2879 2653 2437 2279 480 234 0 227 782 974 1230 1088 1183 1300 1522 1733 2011 2363 2673 2885 3017 3112 3287 3439 3631 3801 3965 4022 4092 4252 4361 4524 4580 3269 2908 2596 2398 2306 1986 1854 1807 1806 1924 
2304 2492 2356 2151 1778 1456 1135 1028 869 1001 1311 1518 1900 2263 2537 2866 2812 2735 2721 3124 4204 4553 4937 5578 6025 6129 6407 6610 6689 6607 6303 6330 6716 7329 7559 7837 3502 3389 3301 3294 3589 3417 3301 3152 2877 2638 2442 2303 641 350 227 0 555 829 1105 1005 1128 1271 1519 1759 2052 2413 2734 2972 3125 3231 3422 3576 3765 3932 4101 4164 4246 4416 4532 4703 4764 3065 2714 2415 2229 2144 1857 1753 1738 1788 1942 
2504 2730 2677 2537 2151 1885 1621 1514 1403 1551 1762 1919 2230 2544 2790 3090 2984 2854 2788 3166 4160 4495 4874 5493 5921 6003 6285 6507 6614 6557 6258 6327 6705 7332 7560 7841 3798 3646 3530 3481 3763 3570 3420 3215 3001 2735 2591 2498 1150 864 782 555 0 643 919 957 1133 1316 1599 1887 2198 2566 2903 3196 3394 3524 3749 3906 4085 4243 4424 4500 4609 4801 4932 5124 5196 2617 2303 2054 1915 1858 1690 1675 1744 1916 2141 
3078 3285 3177 2980 2607 2283 1947 1841 1638 1584 1514 1579 1784 2037 2253 2528 2391 2240 2157 2529 3518 3855 4235 4859 5291 5379 5660 5877 5978 5917 5617 5684 6063 6689 6917 7198 4319 4193 4093 4066 4354 4169 4031 3842 3609 3351 3188 3075 1450 1171 974 829 643 0 290 337 521 710 995 1296 1607 1971 2311 2631 2858 3006 3257 3415 3583 3731 3920 4007 4143 4357 4507 4723 4812 3087 2822 2622 2513 2469 2331 2317 2376 2516 2713 
3369 3574 3460 3254 2884 2552 2204 2100 1881 1770 1589 1600 1729 1931 2118 2367 2204 2029 1924 2281 3242 3575 3955 4574 5004 5090 5372 5591 5695 5638 5339 5413 5790 6419 6646 6928 4604 4481 4382 4356 4644 4460 4321 4128 3899 3640 3478 3365 1710 1439 1230 1105 919 290 0 256 391 560 824 1130 1432 1785 2124 2468 2717 2877 3146 3302 3462 3602 3795 3890 4043 4271 4430 4661 4758 3241 3004 2831 2741 2706 2596 2594 2660 2806 3003 
3306 3498 3353 3123 2763 2414 2049 1948 1709 1553 1334 1345 1491 1718 1923 2192 2054 1905 1830 2210 3231 3573 3956 4589 5030 5128 5408 5616 5705 5634 5332 5384 5766 6388 6617 6897 4501 4393 4306 4296 4588 4412 4286 4113 3862 3612 3433 3303 1565 1313 1088 1005 957 337 256 0 183 372 657 959 1269 1633 1973 2296 2528 2679 2937 3095 3260 3405 3595 3686 3829 4050 4205 4430 4524 3417 3158 2959 2848 2802 2648 2618 2659 2768 2942 
3433 3617 3454 3208 2856 2497 2120 2023 1769 1561 1258 1233 1337 1545 1744 2010 1870 1724 1656 2041 3082 3428 3812 4450 4896 5001 5279 5482 5563 5486 5183 5226 5609 6229 6458 6738 4602 4505 4425 4423 4717 4545 4425 4262 4001 3755 3568 3432 1649 1413 1183 1128 1133 521 391 183 0 189 474 775 1086 1450 1790 2113 2347 2501 2763 2920 3083 3226 3418 3510 3658 3882 4040 4269 4367 3598 3342 3143 3030 2982 2820 2782 2815 2909 3071 
3569 3745 3565 3304 2961 2592 2207 2114 1847 1592 1205 1138 1188 1370 1560 1821 1681 1538 1479 1869 2933 3282 3666 4310 4762 4873 5149 5346 5419 5336 5032 5065 5449 6066 6295 6575 4712 4625 4551 4558 4854 4686 4572 4418 4149 3907 3713 3569 1751 1533 1300 1271 1316 710 560 372 189 0 285 586 896 1261 1601 1924 2162 2318 2585 2742 2902 3044 3236 3330 3482 3711 3872 4107 4207 3785 3530 3332 3218 3169 2999 2955 2979 3058 3210 
3801 3967 3765 3486 3155 2777 2383 2295 2016 1704 1206 1071 1012 1131 1296 1544 1396 1255 1207 1605 2700 3053 3437 4088 4546 4666 4940 5128 5189 5097 4792 4811 5197 5810 6039 6318 4908 4834 4769 4786 5084 4921 4815 4671 4392 4156 3954 3801 1950 1755 1522 1519 1599 995 824 657 474 285 0 305 613 976 1316 1645 1893 2055 2332 2488 2642 2779 2974 3072 3234 3471 3639 3882 3989 4062 3813 3617 3503 3454 3279 3227 3244 3307 3445 
4006 4158 3931 3632 3318 2931 2531 2451 2162 1795 1203 1002 815 854 996 1238 1098 979 972 1383 2522 2880 3262 3920 4388 4521 4789 4965 5008 4903 4596 4593 4981 5585 5815 6092 5066 5008 4954 4985 5284 5129 5033 4905 4612 4384 4171 4007 2130 1963 1733 1759 1887 1296 1130 959 775 586 305 0 311 679 1017 1340 1589 1754 2036 2191 2342 2477 2672 2773 2941 3183 3356 3606 3718 4368 4117 3916 3798 3745 3555 3492 3495 3535 3656 
4272 4415 4170 3856 3556 3165 2763 2689 2395 1994 1343 1095 774 660 730 936 786 685 724 1137 2307 2666 3043 3706 4181 4326 4589 4752 4778 4662 4354 4331 4721 5318 5548 5823 5296 5250 5204 5245 5544 5395 5306 5188 4887 4664 4444 4274 2386 2237 2011 2052 2198 1607 1432 1269 1086 896 613 311 0 368 705 1036 1302 1477 1773 1925 2065 2193 2391 2497 2679 2931 3112 3373 3493 4673 4426 4228 4109 4056 3862 3793 3790 3817 3926 
4610 4744 4484 4159 3871 3477 3076 3007 2711 2284 1600 1324 912 621 525 615 420 350 493 870 2053 2410 2779 3444 3924 4083 4339 4486 4494 4364 4056 4011 4402 4989 5219 5493 5600 5565 5527 5576 5876 5732 5649 5539 5231 5013 4788 4613 2720 2586 2363 2413 2566 1971 1785 1633 1450 1261 976 679 368 0 340 705 1006 1197 1513 1657 1778 1890 2091 2206 2410 2677 2870 3147 3278 5026 4786 4593 4476 4424 4229 4158 4151 4168 4268 
4899 5024 4748 4411 4138 3742 3342 3279 2982 2535 1832 1543 1090 710 469 346 80 266 531 768 1909 2256 2610 3271 3756 3929 4175 4304 4289 4143 3835 3761 4153 4726 4955 5226 5851 5828 5798 5857 6158 6019 5944 5844 5528 5316 5084 4903 3010 2891 2673 2734 2903 2311 2124 1973 1790 1601 1316 1017 705 340 0 408 739 941 1269 1401 1500 1596 1798 1921 2143 2422 2623 2912 3052 5365 5126 4933 4815 4762 4561 4484 4470 4474 4562 
5053 5158 4854 4498 4252 3856 3464 3411 3116 2642 1929 1635 1165 752 451 105 356 653 917 1053 2078 2403 2730 3376 3862 4053 4285 4387 4338 4168 3865 3741 4129 4674 4900 5164 5930 5928 5914 5991 6290 6163 6103 6026 5694 5495 5251 5058 3177 3091 2885 2972 3196 2631 2468 2296 2113 1924 1645 1340 1036 705 408 0 336 540 869 996 1091 1190 1392 1513 1735 2014 2218 2510 2653 5708 5454 5243 5112 5051 4821 4725 4692 4665 4728 
5119 5208 4882 4513 4290 3898 3514 3471 3180 2691 1988 1700 1246 862 606 397 692 990 1254 1370 2325 2634 2940 3571 4053 4255 4476 4560 4487 4300 4002 3841 4225 4742 4965 5222 5930 5947 5945 6037 6334 6218 6172 6115 5769 5582 5328 5125 3268 3211 3017 3125 3394 2858 2717 2528 2347 2162 1893 1589 1302 1006 739 336 0 203 533 662 772 891 1090 1201 1408 1683 1884 2174 2316 5945 5676 5448 5304 5237 4983 4870 4819 4765 4806 
5170 5248 4910 4534 4325 3936 3560 3522 3236 2741 2049 1770 1335 980 759 597 895 1193 1458 1566 2485 2784 3078 3698 4178 4386 4600 4673 4587 4390 4096 3915 4294 4795 5015 5268 5939 5967 5973 6073 6370 6260 6221 6177 5823 5644 5384 5177 3339 3298 3112 3231 3524 3006 2877 2679 2501 2318 2055 1754 1477 1197 941 540 203 0 329 461 588 725 918 1020 1213 1483 1682 1971 2113 6093 5815 5579 5428 5357 5089 4966 4906 4836 4864 
5268 5330 4973 4587 4403 4021 3657 3628 3351 2850 2186 1923 1526 1220 1044 924 1225 1523 1787 1886 2756 3040 3315 3918 4392 4608 4811 4868 4762 4552 4264 4052 4424 4896 5111 5356 5970 6015 6033 6147 6441 6341 6316 6290 5925 5759 5491 5276 3476 3461 3287 3422 3749 3257 3146 2937 2763 2585 2332 2036 1773 1513 1269 869 533 329 0 157 344 518 678 751 906 1164 1358 1643 1784 6339 6049 5799 5638 5561 5273 5136 5061 4967 4975 
5403 5461 5099 4710 4533 4153 3793 3767 3491 2991 2333 2074 1681 1377 1197 1058 1352 1649 1911 1987 2808 3080 3342 3932 4401 4622 4819 4866 4749 4531 4248 4020 4387 4845 5058 5298 6085 6135 6157 6275 6568 6471 6449 6428 6061 5898 5628 5411 3622 3611 3439 3576 3906 3415 3302 3095 2920 2742 2488 2191 1925 1657 1401 996 662 461 157 0 201 381 526 593 755 1021 1222 1515 1661 6497 6207 5956 5794 5716 5425 5286 5209 5110 5114 
5604 5662 5300 4911 4734 4355 3994 3967 3691 3191 2530 2268 1867 1547 1346 1166 1443 1735 1991 2027 2772 3028 3272 3846 4309 4535 4724 4760 4630 4406 4127 3884 4246 4690 4900 5137 6284 6335 6358 6476 6769 6673 6650 6629 6262 6098 5829 5612 3820 3805 3631 3765 4085 3583 3462 3260 3083 2902 2642 2342 2065 1778 1500 1091 772 588 344 201 0 180 338 431 647 937 1152 1459 1617 6668 6383 6137 5978 5903 5616 5480 5405 5309 5314 
5783 5842 5480 5091 4914 4534 4173 4146 3869 3369 2705 2440 2032 1700 1483 1275 1534 1818 2067 2068 2742 2982 3210 3766 4224 4454 4636 4661 4521 4291 4016 3759 4116 4548 4756 4990 6463 6515 6538 6656 6949 6853 6830 6807 6442 6277 6008 5791 3995 3977 3801 3932 4243 3731 3602 3405 3226 3044 2779 2477 2193 1890 1596 1190 891 725 518 381 180 0 202 333 604 904 1127 1443 1609 6818 6538 6297 6141 6066 5785 5651 5579 5485 5493 
5914 5966 5596 5203 5038 4662 4307 4283 4011 3510 2858 2600 2204 1884 1677 1476 1736 2020 2268 2261 2895 3123 3335 3874 4325 4559 4732 4746 4592 4354 4086 3810 4159 4568 4772 4998 6562 6622 6650 6775 7066 6975 6958 6944 6574 6414 6143 5923 4145 4137 3965 4101 4424 3920 3795 3595 3418 3236 2974 2672 2391 2091 1798 1392 1090 918 678 526 338 202 0 145 438 734 959 1276 1447 7005 6721 6476 6316 6240 5951 5812 5734 5631 5630 
5936 5981 5605 5209 5054 4682 4333 4313 4045 3544 2906 2655 2273 1969 1776 1593 1861 2148 2399 2401 3040 3266 3475 4009 4456 4692 4862 4871 4712 4471 4206 3921 4266 4663 4864 5087 6555 6622 6656 6786 7075 6988 6977 6971 6596 6442 6168 5946 4187 4188 4022 4164 4500 4007 3890 3686 3510 3330 3072 2773 2497 2206 1921 1513 1201 1020 751 593 431 333 145 0 294 589 813 1131 1302 7090 6800 6549 6384 6306 6008 5864 5780 5667 5658 
5929 5960 5571 5171 5036 4673 4338 4325 4066 3569 2962 2728 2379 2112 1950 1805 2089 2382 2639 2666 3333 3560 3769 4299 4744 4981 5148 5153 4987 4742 4481 4185 4524 4903 5101 5317 6489 6570 6613 6754 7040 6962 6961 6971 6589 6446 6166 5939 4225 4246 4092 4246 4609 4143 4043 3829 3658 3482 3234 2941 2679 2410 2143 1735 1408 1213 906 755 647 604 438 294 0 299 523 840 1009 7214 6912 6647 6474 6390 6074 5918 5821 5688 5663 
6013 6031 5629 5226 5112 4759 4439 4432 4184 3691 3116 2898 2579 2342 2201 2080 2370 2665 2924 2962 3630 3852 4054 4574 5013 5253 5414 5410 5235 4983 4729 4419 4748 5105 5297 5505 6513 6607 6660 6812 7093 7025 7035 7060 6671 6539 6255 6023 4356 4396 4252 4416 4801 4357 4271 4050 3882 3711 3471 3183 2931 2677 2422 2014 1683 1483 1164 1021 937 904 734 589 299 0 224 541 713 7414 7102 6826 6645 6557 6226 6059 5952 5800 5759 
6061 6069 5659 5254 5156 4811 4502 4501 4261 3774 3225 3020 2724 2508 2383 2280 2574 2870 3131 3179 3854 4075 4274 4789 5226 5466 5624 5616 5435 5180 4930 4611 4935 5278 5466 5669 6515 6620 6680 6840 7117 7056 7074 7111 6718 6594 6307 6072 4444 4496 4361 4532 4932 4507 4430 4205 4040 3872 3639 3356 3112 2870 2623 2218 1884 1682 1358 1222 1152 1127 959 813 523 224 0 317 490 7549 7229 6946 6758 6667 6325 6151 6035 5870 5817 
6135 6128 5709 5302 5227 4894 4603 4609 4381 3904 3392 3205 2940 2753 2649 2567 2866 3163 3426 3486 4172 4392 4588 5098 5531 5773 5927 5913 5725 5467 5221 4893 5210 5534 5717 5914 6524 6643 6713 6883 7156 7104 7133 7187 6788 6676 6385 6147 4576 4647 4524 4703 5124 4723 4661 4430 4269 4107 3882 3606 3373 3147 2912 2510 2174 1971 1643 1515 1459 1443 1276 1131 840 541 317 0 176 7741 7411 7118 6922 6827 6470 6285 6158 5974 5905 
6136 6122 5697 5290 5228 4902 4622 4632 4411 3941 3453 3277 3032 2864 2774 2707 3009 3307 3571 3641 4343 4566 4764 5274 5707 5949 6103 6089 5900 5641 5396 5066 5381 5700 5882 6076 6489 6615 6691 6867 7136 7090 7126 7189 6786 6682 6389 6149 4614 4695 4580 4764 5196 4812 4758 4524 4367 4207 3989 3718 3493 3278 3052 2653 2316 2113 1784 1661 1617 1609 1447 1302 1009 713 490 176 0 7812 7476 7176 6976 6878 6512 6321 6188 5994 5915 
3208 3478 3769 3925 3621 3638 3644 3571 3651 4004 4364 4536 4836 5121 5340 5606 5444 5253 5115 5421 6149 6423 6764 7279 7619 7625 7905 8177 8373 8392 8121 8302 8648 9291 9509 9788 4469 4182 3969 3751 3896 3666 3415 3040 3175 2928 3059 3189 3387 3209 3269 3065 2617 3087 3241 3417 3598 3785 4062 4368 4673 5026 5365 5708 5945 6093 6339 6497 6668 6818 7005 7090 7214 7414 7549 7741 7812 0 435 843 1124 1264 1760 2051 2313 2722 3031 
2779 3050 3334 3489 3186 3211 3230 3160 3254 3626 4023 4209 4533 4838 5070 5350 5206 5032 4911 5238 6030 6319 6672 7212 7571 7592 7874 8138 8318 8321 8043 8201 8555 9198 9419 9699 4056 3773 3563 3354 3513 3282 3034 2664 2773 2518 2636 2760 2994 2831 2908 2714 2303 2822 3004 3158 3342 3530 3813 4117 4426 4786 5126 5454 5676 5815 6049 6207 6383 6538 6721 6800 6912 7102 7229 7411 7476 435 0 407 688 828 1324 1615 1877 2287 2596 
2379 2651 2929 3082 2781 2815 2851 2785 2895 3288 3725 3928 4275 4599 4844 5138 5013 4857 4755 5099 5952 6254 6615 7177 7554 7588 7872 8128 8292 8281 7996 8132 8494 9134 9358 9639 3672 3395 3189 2990 3164 2932 2689 2329 2405 2142 2244 2360 2642 2499 2596 2415 2054 2622 2831 2959 3143 3332 3617 3916 4228 4593 4933 5243 5448 5579 5799 5956 6137 6297 6476 6549 6647 6826 6946 7118 7176 843 407 0 281 421 917 1208 1470 1880 2189 
2104 2378 2649 2801 2502 2544 2594 2533 2656 3065 3533 3747 4112 4449 4702 5006 4896 4753 4664 5021 5914 6225 6591 7167 7555 7599 7883 8134 8286 8265 7976 8097 8463 9101 9326 9607 3410 3138 2936 2745 2932 2700 2462 2112 2159 1889 1977 2086 2410 2284 2398 2229 1915 2513 2741 2848 3030 3218 3503 3798 4109 4476 4815 5112 5304 5428 5638 5794 5978 6141 6316 6384 6474 6645 6758 6922 6976 1124 688 281 0 140 636 927 1189 1598 1909 
1967 2242 2509 2661 2364 2411 2469 2409 2541 2958 3442 3662 4035 4379 4637 4945 4842 4707 4625 4988 5900 6215 6584 7166 7560 7609 7893 8140 8287 8261 7970 8083 8451 9088 9313 9595 3281 3012 2812 2626 2819 2588 2353 2010 2040 1767 1846 1949 2298 2183 2306 2144 1858 2469 2706 2802 2982 3169 3454 3745 4056 4424 4762 5051 5237 5357 5561 5716 5903 6066 6240 6306 6390 6557 6667 6827 6878 1264 828 421 140 0 497 787 1049 1458 1769 
1505 1783 2024 2164 1867 1928 2015 1965 2125 2572 3112 3353 3755 4120 4392 4715 4641 4532 4477 4857 5834 6162 6538 7143 7555 7620 7903 8139 8265 8221 7925 8009 8385 9015 9242 9524 2852 2599 2411 2253 2475 2248 2033 1728 1674 1389 1415 1489 1901 1830 1986 1857 1690 2331 2596 2648 2820 2999 3279 3555 3862 4229 4561 4821 4983 5089 5273 5425 5616 5785 5951 6008 6074 6226 6325 6470 6512 1760 1324 917 636 497 0 291 554 966 1281 
1238 1516 1738 1873 1579 1657 1772 1731 1914 2380 2958 3212 3631 4009 4288 4619 4563 4471 4433 4823 5835 6170 6549 7165 7586 7661 7944 8172 8286 8232 7933 8000 8380 9005 9233 9514 2601 2359 2181 2043 2283 2063 1865 1594 1479 1193 1174 1222 1708 1675 1854 1753 1675 2317 2594 2618 2782 2955 3227 3492 3793 4158 4484 4725 4870 4966 5136 5286 5480 5651 5812 5864 5918 6059 6151 6285 6321 2051 1615 1208 927 787 291 0 265 677 995 
987 1264 1472 1612 1329 1438 1595 1565 1777 2260 2875 3140 3574 3963 4249 4587 4548 4473 4451 4848 5889 6229 6610 7235 7665 7747 8029 8251 8355 8291 7990 8042 8424 9044 9273 9553 2359 2128 1959 1841 2096 1883 1704 1472 1299 1018 952 972 1596 1608 1807 1738 1744 2376 2660 2659 2815 2979 3244 3495 3790 4151 4470 4692 4819 4906 5061 5209 5405 5579 5734 5780 5821 5952 6035 6158 6188 2313 1877 1470 1189 1049 554 265 0 412 730 
625 892 1061 1209 956 1135 1372 1368 1622 2122 2786 3067 3519 3921 4215 4561 4550 4502 4504 4910 5991 6337 6721 7357 7798 7892 8173 8384 8472 8394 8090 8118 8504 9116 9346 9624 1998 1791 1644 1569 1847 1655 1517 1370 1094 849 674 614 1496 1583 1806 1788 1916 2516 2806 2768 2909 3058 3307 3535 3817 4168 4474 4665 4765 4836 4967 5110 5309 5485 5631 5667 5688 5800 5870 5974 5994 2722 2287 1880 1598 1458 966 677 412 0 320 
365 599 743 927 741 1013 1325 1347 1628 2126 2818 3106 3569 3978 4276 4626 4636 4608 4628 5038 6142 6493 6877 7520 7968 8070 8349 8553 8629 8542 8237 8248 8636 9241 9471 9747 1702 1515 1389 1354 1646 1476 1381 1314 966 784 523 361 1553 1693 1924 1942 2141 2713 3003 2942 3071 3210 3445 3656 3926 4268 4562 4728 4806 4864 4975 5114 5314 5493 5630 5658 5663 5759 5817 5905 5915 3031 2596 2189 1909 1769 1281 995 730 320 0 
0 55 124 189 181 251 322 329 387 485 626 684 778 860 920 990 994 990 995 1077 1300 1370 1447 1576 1666 1686 1742 1782 1797 1779 1718 1719 1797 1918 1963 2019 275 233 205 198 256 224 210 210 132 112 52 4 378 409 455 460 500 615 673 661 686 713 760 801 854 922 979 1010 1023 1034 1053 1080 1120 1156 1182 1187 1185 1202 1212 1227 1227 641 555 475 420 393 301 247 197 125 73 
55 0 91 169 185 262 339 349 408 503 645 704 798 881 941 1012 1019 1018 1025 1108 1333 1404 1480 1610 1701 1723 1778 1818 1831 1812 1750 1749 1827 1946 1992 2047 221 183 161 166 226 202 201 220 137 141 89 58 405 442 489 498 546 657 714 699 723 749 793 831 883 948 1004 1031 1041 1049 1066 1092 1132 1168 1193 1196 1192 1206 1213 1225 1224 695 610 530 475 448 356 303 252 178 119 
124 91 0 81 122 201 281 296 355 443 585 644 738 820 881 951 963 966 978 1061 1290 1362 1438 1569 1662 1686 1741 1778 1788 1766 1704 1699 1777 1894 1940 1994 229 216 212 236 294 279 286 312 228 229 173 128 363 408 454 471 535 635 692 670 690 713 753 786 834 896 949 970 976 982 994 1019 1060 1096 1119 1121 1114 1125 1131 1141 1139 753 666 585 529 501 404 347 294 212 148 
189 169 81 0 77 142 220 238 294 375 516 574 668 750 810 881 895 901 916 998 1230 1302 1378 1510 1604 1629 1684 1719 1727 1703 1642 1633 1711 1827 1873 1927 288 286 289 317 373 360 367 390 306 300 241 192 311 363 406 430 507 596 650 624 641 660 697 726 771 831 882 899 902 906 917 942 982 1018 1040 1041 1034 1045 1050 1060 1058 785 697 616 560 532 432 374 322 241 185 
181 185 122 77 0 79 159 173 232 322 464 523 617 700 760 831 841 844 855 938 1168 1239 1316 1447 1540 1564 1619 1655 1665 1643 1581 1576 1654 1772 1817 1872 350 338 332 349 408 387 384 392 312 292 232 184 241 290 335 355 430 521 576 552 571 592 631 663 711 774 827 850 858 865 880 906 946 982 1007 1010 1007 1022 1031 1045 1045 724 637 556 500 472 373 315 265 191 148 
251 262 201 142 79 0 80 96 154 242 385 444 538 621 681 752 762 765 777 860 1090 1162 1238 1370 1463 1488 1542 1579 1587 1565 1503 1497 1575 1693 1738 1793 427 417 411 427 487 464 459 460 383 356 299 253 169 222 265 291 377 456 510 482 499 518 555 586 633 695 748 771 779 787 804 830 871 906 932 936 934 951 962 978 980 727 642 563 508 482 385 331 287 227 202 
