9
275
36 0 1 2 3 4 5 6 7 8 9 10 11 12 13 14 15 16 17 18 19 20 21 22 23 24 25 26 27 28 29 30 31 32 33 34 35
47 36 37 38 39 40 41 42 43 44 45 46 1 2 3 4 5 6 7 47 48 49 50 51 52 53 54 55 56 57 58 59 60 61 62 63 64 65 66 67 68 69 70 71 72 73 74 75
48 76 77 78 79 80 81 82 83 84 85 86 46 1 2 3 4 5 6 7 47 48 49 50 51 52 53 54 55 56 57 58 59 60 61 62 63 64 65 66 67 68 69 70 71 72 73 74 75
40 87 88 89 90 91 92 93 94 95 8 9 10 11 12 13 14 96 16 17 18 19 97 98 99 100 101 102 103 104 105 106 107 108 109 110 111 112 113 114 115
35 116 117 118 119 120 121 122 123 124 125 126 127 128 129 130 131 132 133 134 135 136 137 138 139 140 141 142 143 144 145 146 147 148 149 150
50 75 151 152 153 154 155 156 157 158 159 160 161 162 163 96 16 164 165 166 167 168 169 170 171 172 173 174 92 93 94 95 8 143 144 145 146 147 148 149 150 175 176 177 178 179 180 181 182 183 184
50 75 151 152 153 154 155 156 157 158 159 160 161 162 163 96 16 164 165 166 167 168 169 170 171 172 173 174 92 93 94 95 8 143 144 145 146 147 148 149 150 185 186 187 188 189 190 191 192 193 194
39 195 196 197 198 199 200 201 202 203 204 205 206 207 208 209 210 211 212 132 213 134 135 136 137 138 139 140 141 142 214 47 48 49 50 215 216 217 218 87
70 219 220 221 151 152 222 223 224 225 226 227 156 157 228 229 230 231 232 233 96 16 17 234 235 236 237 238 168 169 170 171 239 240 241 242 142 143 243 244 144 245 246 247 248 249 250 251 252 253 254 255 256 257 258 259 260 261 262 263 264 265 266 267 268 269 270 271 272 273 274
1200 900 900 1200 1200 900 900 1200 2700 
0 278 620 946 908 1256 1611 1648 1939 2429 3132 3423 3890 4301 4601 4952 4972 4952 4978 5389 6500 6851 7235 7880 8330 8433 8712 8914 8988 8899 8593 8599 8988 9590 9819 10096 3208 2779 2379 2104 1967 1505 1238 987 625 365 20 1890 2046 2279 2304 2504 3078 3369 3306 3433 3569 3801 4006 4272 4610 4899 5053 5119 5170 5268 5403 5604 5783 5914 5936 5929 6013 6061 6135 6136 1375 1166 1027 990 1284 1123 1052 1052 660 562 263 2680 2528 2232 2371 2187 2331 2192 2027 1909 5027 6202 6213 6201 6242 6379 6784 7279 7430 7669 7921 8220 8649 8789 9060 8985 8931 8664 8607 8591 10121 9825 9514 8971 8584 8649 8955 8984 8919 8730 8439 8316 7836 7168 6779 6518 5363 5018 4985 5012 4884 4582 4284 3864 3412 3110 2398 1973 1632 1242 922 958 595 257 9 6235 6136 6059 6019 5921 5921 5909 5787 5594 5379 5255 5127 5091 4865 4567 4241 3993 3796 3566 3425 3253 3371 3030 2461 368 632 972 1249 1507 1960 2158 2381 2765 3218 340 572 668 1076 1047 1111 1134 1030 1152 1342 8554 8417 8696 8943 8990 9068 8810 8652 8216 7870 7675 7492 7272 6750 6378 6229 6196 6209 5018 1942 2165 2367 2245 2538 5476 5835 6362 5999 5735 5322 5286 5519 5747 5907 5913 5784 5556 5281 5092 4950 4719 4428 4242 4063 3147 3036 3111 3071 1519 1539 1680 1786 1971 1819 1902 2041 1839 1967 2011 1997 1987 1930 2159 2452 2709 2737 2593 2587 3001 3071 3250 3491 3717 3716 3942 4185 4503 4684 4934 5132 
278 0 457 848 927 1312 1695 1748 2044 2519 3229 3523 3993 4406 4707 5060 5096 5090 5128 5541 6667 7020 7404 8053 8508 8617 8894 9091 9156 9060 8753 8747 9136 9732 9962 10237 3478 3050 2651 2378 2242 1783 1516 1264 892 599 294 2029 2212 2447 2492 2730 3285 3574 3498 3617 3745 3967 4158 4415 4744 5024 5158 5208 5248 5330 5461 5662 5842 5966 5981 5960 6031 6069 6128 6122 1106 917 808 833 1133 1011 1005 1104 687 705 447 2947 2787 2473 2603 2388 2516 2356 2193 2043 5131 6366 6362 6343 6367 6490 6897 7390 7536 7770 8016 8312 8737 8877 9157 9088 9044 8780 8733 8719 10261 9968 9657 9119 8731 8809 9116 9152 9096 8912 8623 8494 8008 7337 6947 6685 5514 5168 5124 5135 4991 4688 4389 3967 3511 3207 2487 2056 1711 1295 940 860 425 27 271 6220 6129 6066 6035 5953 5968 5961 5846 5652 5437 5314 5208 5180 4992 4702 4385 4146 3961 3741 3609 3448 3576 3237 2689 606 900 1249 1527 1785 2235 2432 2653 3036 3487 514 709 690 1109 1001 987 964 807 905 1074 8685 8541 8811 9055 9093 9165 8898 8739 8308 7966 7775 7597 7383 6862 6489 6356 6333 6359 5168 2039 2367 2599 2488 2798 5429 5804 6336 6003 5736 5329 5306 5546 5784 5971 5985 5864 5636 5365 5180 5103 4876 4586 4400 4221 3332 3195 3226 3168 1633 1687 1715 1807 1994 1833 1889 2015 1780 1883 1873 1844 1805 1722 1940 2240 2501 2506 2406 2415 2826 2910 3073 3311 3536 3515 3735 3976 4288 4460 4700 4892 
620 457 0 406 613 1007 1408 1481 1775 2216 2927 3221 3691 4104 4406 4759 4816 4833 4892 5305 6453 6810 7192 7848 8311 8431 8705 8891 8940 8831 8523 8495 8886 9472 9701 9973 3769 3334 2929 2649 2509 2024 1738 1472 1061 743 640 1815 2041 2271 2356 2677 3177 3460 3353 3454 3565 3765 3931 4170 4484 4748 4854 4882 4910 4973 5099 5300 5480 5596 5605 5571 5629 5659 5709 5697 1148 1080 1063 1183 1470 1396 1433 1561 1143 1148 865 3039 2842 2472 2570 2283 2373 2176 2022 1820 4826 6148 6120 6088 6086 6191 6597 7086 7227 7453 7692 7982 8401 8543 8832 8772 8741 8480 8447 8438 9997 9707 9397 8869 8480 8580 8888 8936 8894 8722 8437 8296 7802 7124 6735 6471 5278 4930 4870 4855 4690 4386 4087 3665 3209 2904 2182 1754 1415 989 622 418 33 481 620 5796 5709 5657 5632 5564 5592 5591 5483 5290 5074 4953 4871 4852 4720 4443 4141 3919 3758 3561 3445 3310 3460 3130 2642 754 1072 1457 1752 2025 2502 2705 2931 3321 3779 940 1154 1146 1563 1430 1361 1287 1052 1073 1131 8408 8253 8511 8749 8776 8841 8562 8403 7978 7642 7458 7285 7079 6561 6189 6079 6071 6117 4930 1757 2264 2567 2490 2858 4988 5369 5904 5591 5323 4920 4908 5153 5399 5613 5637 5524 5297 5033 4853 4872 4653 4364 4181 4003 3175 2991 2948 2864 1392 1503 1364 1437 1621 1455 1484 1597 1343 1433 1416 1391 1368 1312 1545 1834 2090 2131 1973 1972 2385 2461 2633 2873 3099 3096 3322 3565 3885 4070 4326 4531 
946 848 406 0 387 712 1103 1191 1471 1876 2580 2873 3340 3752 4053 4405 4477 4509 4581 4994 6154 6512 6893 7553 8020 8149 8420 8597 8635 8518 8210 8168 8559 9137 9366 9637 3925 3489 3082 2801 2661 2164 1873 1612 1209 927 964 1559 1815 2034 2151 2537 2980 3254 3123 3208 3304 3486 3632 3856 4159 4411 4498 4513 4534 4587 4710 4911 5091 5203 5209 5171 5226 5254 5302 5290 1441 1433 1446 1586 1868 1802 1839 1950 1534 1504 1208 3019 2794 2382 2451 2107 2162 1939 1796 1556 4469 5846 5801 5761 5742 5835 6241 6727 6865 7085 7320 7608 8023 8166 8460 8405 8381 8123 8098 8091 9659 9372 9063 8542 8152 8267 8575 8631 8600 8436 8154 8004 7505 6825 6437 6172 4967 4618 4547 4515 4336 4034 3735 3314 2860 2557 1842 1424 1101 694 386 12 440 868 948 5389 5302 5251 5228 5165 5198 5199 5094 4901 4685 4565 4496 4483 4385 4119 3829 3621 3479 3300 3200 3087 3252 2935 2508 940 1220 1598 1890 2165 2653 2857 3084 3476 3935 1285 1512 1537 1956 1835 1766 1684 1433 1428 1433 8064 7903 8153 8388 8409 8469 8184 8025 7603 7271 7090 6921 6720 6205 5832 5737 5740 5799 4618 1444 2090 2447 2402 2813 4584 4963 5498 5186 4917 4515 4506 4752 5001 5226 5255 5147 4920 4660 4484 4564 4352 4067 3886 3710 2937 2717 2619 2517 1132 1290 1003 1059 1239 1071 1083 1192 937 1035 1069 1069 1101 1114 1367 1621 1862 1965 1701 1671 2086 2140 2335 2579 2806 2837 3075 3318 3650 3856 4133 4357 
908 927 613 387 0 396 795 867 1161 1610 2322 2617 3087 3500 3802 4155 4207 4220 4278 4691 5840 6197 6580 7236 7700 7822 8095 8279 8326 8217 7909 7882 8273 8860 9089 9362 3621 3186 2781 2502 2364 1867 1579 1329 956 741 921 1209 1450 1675 1778 2151 2607 2884 2763 2856 2961 3155 3318 3556 3871 4138 4252 4290 4325 4403 4533 4734 4914 5038 5054 5036 5112 5156 5227 5228 1752 1693 1662 1747 2044 1938 1924 1960 1561 1460 1164 2642 2411 1995 2064 1727 1792 1580 1431 1212 4224 5535 5506 5475 5477 5587 5994 6484 6628 6857 7100 7393 7816 7957 8240 8176 8139 7877 7840 7830 9385 9095 8785 8256 7867 7966 8274 8322 8283 8112 7828 7684 7189 6511 6123 5858 4665 4316 4257 4246 4086 3783 3484 3061 2605 2299 1577 1147 804 378 14 388 638 939 914 5326 5228 5154 5118 5029 5040 5034 4918 4725 4509 4386 4285 4261 4109 3830 3527 3306 3149 2957 2847 2724 2883 2561 2121 752 966 1317 1598 1868 2356 2558 2784 3174 3632 1238 1472 1568 1983 1920 1911 1867 1653 1685 1738 7799 7647 7909 8149 8180 8249 7976 7818 7389 7049 6862 6687 6477 5959 5586 5469 5459 5503 4316 1145 1709 2060 2016 2431 4573 4928 5454 5093 4828 4416 4387 4623 4858 5043 5060 4940 4713 4445 4261 4258 4039 3751 3568 3391 2580 2382 2337 2260 783 916 788 883 1070 913 995 1137 966 1127 1285 1319 1404 1459 1714 1946 2172 2309 1980 1923 2330 2358 2578 2822 3048 3112 3358 3599 3939 4159 4448 4683 
1256 1312 1007 712 396 0 401 481 770 1214 1927 2221 2691 3105 3406 3760 3811 3826 3887 4301 5454 5811 6193 6851 7316 7442 7714 7895 7938 7827 7519 7488 7879 8465 8694 8967 3638 3211 2815 2544 2411 1928 1657 1438 1135 1013 1266 849 1113 1326 1456 1885 2283 2552 2414 2497 2592 2777 2931 3165 3477 3742 3856 3898 3936 4021 4153 4355 4534 4662 4682 4673 4759 4811 4894 4902 2135 2087 2058 2138 2436 2323 2296 2301 1916 1783 1496 2489 2234 1786 1820 1434 1464 1231 1094 844 3829 5147 5114 5081 5081 5192 5598 6089 6233 6463 6707 7001 7425 7566 7848 7782 7744 7482 7444 7434 8990 8700 8390 7862 7473 7576 7883 7934 7898 7731 7448 7301 6804 6125 5736 5472 4274 3925 3863 3850 3691 3387 3088 2665 2209 1904 1181 751 408 18 385 707 1032 1321 1263 5000 4895 4809 4766 4665 4667 4657 4538 4345 4129 4006 3896 3869 3713 3436 3136 2920 2770 2588 2488 2380 2550 2240 1862 1021 1144 1428 1676 1928 2404 2599 2818 3199 3649 1566 1796 1924 2330 2292 2298 2260 2049 2080 2122 7403 7251 7513 7754 7786 7856 7586 7427 6997 6657 6468 6292 6082 5563 5190 5073 5064 5111 3925 750 1419 1817 1808 2256 4286 4621 5140 4751 4489 4073 4032 4263 4491 4661 4674 4552 4324 4054 3870 3868 3652 3365 3183 3006 2227 2006 1941 1864 425 611 429 548 726 590 726 883 819 1020 1292 1362 1507 1621 1871 2058 2255 2446 2025 1935 2321 2314 2559 2799 3021 3127 3381 3616 3964 4204 4512 4763 
1611 1695 1408 1103 795 401 0 108 369 823 1534 1828 2298 2711 3013 3366 3412 3425 3486 3899 5054 5411 5793 6452 6918 7046 7317 7496 7537 7425 7117 7087 7478 8064 8293 8566 3644 3230 2851 2594 2469 2015 1772 1595 1372 1325 1619 497 785 974 1135 1621 1947 2204 2049 2120 2207 2383 2531 2763 3076 3342 3464 3514 3560 3657 3793 3994 4173 4307 4333 4338 4439 4502 4603 4622 2535 2489 2456 2527 2826 2704 2662 2637 2268 2109 1835 2337 2062 1592 1585 1152 1135 881 768 480 3436 4747 4712 4679 4683 4797 5204 5696 5841 6074 6321 6618 7044 7184 7461 7393 7350 7087 7046 7035 8590 8299 7989 7461 7071 7174 7482 7533 7499 7333 7051 6902 6405 5725 5337 5072 3872 3524 3462 3451 3297 2994 2694 2272 1816 1511 791 362 40 419 786 1097 1434 1702 1618 4719 4605 4502 4448 4329 4317 4302 4177 3985 3770 3645 3518 3486 3313 3035 2734 2520 2376 2202 2111 2020 2200 1906 1606 1330 1379 1588 1792 2015 2462 2646 2854 3219 3656 1900 2123 2277 2672 2657 2682 2652 2448 2481 2523 7004 6853 7118 7361 7397 7470 7205 7046 6613 6270 6080 5901 5689 5169 4796 4674 4663 4709 3524 349 1142 1582 1616 2087 4057 4366 4874 4447 4190 3769 3712 3935 4151 4296 4302 4174 3947 3674 3486 3467 3252 2966 2784 2608 1858 1616 1541 1472 194 413 302 422 524 476 671 818 902 1113 1465 1561 1745 1899 2138 2283 2452 2684 2195 2079 2432 2393 2657 2887 3101 3246 3503 3731 4083 4340 4662 4927 
1648 1748 1481 1191 867 481 108 0 297 781 1485 1777 2246 2658 2959 3312 3350 3355 3410 3824 4974 5331 5713 6371 6835 6961 7232 7414 7459 7350 7042 7017 7408 7997 8226 8499 3571 3160 2785 2533 2409 1965 1731 1565 1368 1347 1655 390 677 869 1028 1514 1841 2100 1948 2023 2114 2295 2451 2689 3007 3279 3411 3471 3522 3628 3767 3967 4146 4283 4313 4325 4432 4501 4609 4632 2616 2560 2520 2581 2881 2752 2701 2661 2301 2131 1863 2239 1962 1491 1480 1045 1028 776 661 375 3384 4668 4639 4610 4621 4742 5148 5642 5789 6025 6275 6573 7001 7141 7414 7342 7296 7031 6986 6974 8523 8232 7922 7391 7001 7099 7406 7455 7417 7249 6966 6820 6324 5645 5256 4992 3797 3448 3391 3389 3244 2940 2642 2220 1766 1462 751 338 138 499 859 1186 1505 1753 1656 4729 4611 4501 4443 4316 4296 4278 4150 3958 3744 3618 3479 3443 3249 2966 2660 2439 2288 2109 2014 1918 2096 1799 1499 1351 1375 1560 1750 1964 2403 2583 2788 3150 3583 1926 2145 2310 2699 2696 2732 2709 2512 2552 2603 6941 6794 7063 7307 7347 7423 7162 7003 6569 6223 6031 5850 5634 5114 4741 4611 4596 4636 3448 293 1034 1477 1515 1988 4086 4386 4889 4448 4193 3771 3707 3926 4136 4267 4267 4136 3908 3633 3443 3390 3172 2885 2702 2525 1758 1525 1479 1424 149 332 402 513 592 566 763 905 1006 1216 1572 1668 1853 2006 2246 2391 2559 2792 2301 2183 2533 2490 2756 2985 3197 3347 3604 3831 4183 4441 4765 5031 
1939 2044 1775 1471 1161 770 369 297 0 500 1193 1484 1951 2363 2664 3016 3052 3059 3117 3531 4685 5042 5424 6082 6549 6677 6948 7127 7168 7057 6749 6721 7112 7700 7929 8203 3651 3254 2895 2656 2541 2125 1914 1777 1622 1628 1945 272 539 671 869 1403 1638 1881 1709 1769 1847 2016 2162 2395 2711 2982 3116 3180 3236 3351 3491 3691 3869 4011 4045 4066 4184 4261 4381 4411 2904 2855 2817 2878 3178 3047 2991 2941 2588 2409 2148 2215 1927 1452 1401 937 858 588 528 231 3089 4378 4344 4314 4324 4446 4852 5346 5494 5731 5982 6281 6710 6850 7121 7048 7000 6735 6689 6677 8227 7935 7625 7095 6706 6806 7113 7164 7129 6964 6683 6533 6035 5355 4967 4702 3504 3155 3096 3092 2948 2645 2347 1926 1472 1171 473 172 371 788 1152 1465 1800 2049 1947 4507 4383 4261 4196 4057 4027 4006 3873 3682 3469 3343 3192 3153 2952 2670 2366 2150 2009 1843 1760 1686 1876 1601 1398 1632 1628 1773 1933 2124 2535 2704 2899 3244 3663 2209 2424 2598 2982 2987 3027 3006 2809 2847 2892 6644 6497 6766 7011 7052 7129 6871 6713 6277 5930 5737 5555 5339 4818 4445 4314 4299 4342 3155 65 932 1398 1476 1954 3906 4185 4678 4210 3961 3537 3461 3672 3874 3987 3983 3849 3621 3344 3153 3098 2883 2596 2414 2239 1515 1253 1182 1132 420 489 558 617 604 659 844 956 1136 1335 1721 1829 2034 2208 2438 2555 2702 2960 2430 2297 2619 2554 2828 3048 3251 3427 3684 3905 4257 4526 4858 5133 
2429 2519 2216 1876 1610 1214 823 781 500 0 712 1007 1476 1890 2192 2545 2602 2634 2718 3129 4300 4659 5037 5700 6173 6313 6579 6745 6771 6647 6339 6292 6683 7262 7491 7762 4004 3626 3288 3065 2958 2572 2380 2260 2122 2126 2436 672 795 774 1001 1551 1584 1770 1553 1561 1592 1704 1795 1994 2284 2535 2642 2691 2741 2850 2991 3191 3369 3510 3544 3569 3691 3774 3904 3941 3317 3294 3272 3350 3649 3527 3481 3440 3082 2908 2644 2458 2163 1708 1601 1144 971 743 797 632 2614 3990 3929 3886 3871 3977 4383 4875 5019 5251 5498 5794 6221 6361 6638 6569 6529 6267 6231 6222 7785 7496 7187 6666 6276 6396 6704 6766 6747 6595 6318 6156 5652 4968 4583 4318 3102 2753 2674 2641 2476 2173 1873 1451 994 689 34 463 808 1231 1599 1868 2243 2526 2437 4036 3907 3775 3705 3559 3526 3505 3373 3181 2968 2842 2698 2663 2509 2245 1967 1786 1695 1587 1553 1551 1762 1558 1563 2130 2128 2258 2399 2571 2953 3110 3291 3617 4017 2706 2923 3092 3479 3477 3505 3474 3263 3287 3309 6193 6037 6298 6539 6574 6646 6382 6224 5790 5447 5256 5078 4867 4348 3975 3864 3864 3927 2753 487 1150 1599 1731 2192 3482 3735 4217 3726 3481 3056 2971 3178 3375 3487 3486 3355 3127 2852 2664 2706 2505 2228 2053 1886 1359 1010 746 650 917 978 878 860 732 874 994 1035 1310 1469 1876 1999 2229 2437 2642 2705 2810 3107 2522 2366 2629 2530 2810 3008 3193 3410 3664 3869 4217 4502 4848 5135 
3132 3229 2927 2580 2322 1927 1534 1485 1193 712 0 294 764 1178 1479 1832 1897 1948 2056 2460 3642 4000 4374 5038 5516 5666 5927 6082 6094 5962 5654 5593 5985 6558 6786 7056 4364 4023 3725 3533 3442 3112 2958 2875 2786 2818 3138 1291 1284 1136 1311 1762 1514 1589 1334 1258 1205 1206 1203 1343 1600 1832 1929 1988 2049 2186 2333 2530 2705 2858 2906 2962 3116 3225 3392 3453 4019 4004 3985 4061 4361 4237 4184 4128 3781 3596 3340 2706 2423 2032 1870 1498 1269 1166 1295 1260 1902 3330 3245 3191 3162 3264 3671 4162 4307 4540 4789 5088 5517 5657 5929 5858 5817 5555 5520 5512 7079 6792 6483 5968 5577 5711 6019 6090 6083 5942 5671 5498 4989 4305 3923 3658 2433 2089 1990 1935 1764 1460 1161 738 282 23 745 1176 1521 1944 2312 2572 2955 3236 3140 3543 3397 3227 3135 2950 2885 2853 2709 2521 2313 2185 2005 1961 1810 1563 1320 1196 1195 1200 1252 1366 1576 1509 1793 2822 2791 2875 2976 3111 3438 3571 3728 4016 4377 3399 3611 3790 4171 4180 4215 4186 3976 3997 4012 5483 5326 5586 5827 5863 5937 5678 5520 5084 4738 4546 4367 4155 3636 3263 3156 3164 3243 2089 1191 1513 1869 2051 2451 3137 3315 3753 3189 2962 2542 2417 2595 2761 2815 2799 2660 2433 2153 1961 2052 1872 1613 1456 1309 1181 793 213 63 1613 1635 1577 1539 1383 1543 1622 1617 1925 2047 2445 2575 2816 3043 3224 3241 3305 3631 3010 2840 3030 2896 3172 3337 3492 3754 3997 4178 4514 4813 5169 5469 
3423 3523 3221 2873 2617 2221 1828 1777 1484 1007 294 0 469 883 1185 1538 1606 1670 1793 2191 3375 3732 4103 4768 5248 5403 5661 5811 5816 5680 5372 5305 5696 6267 6495 6765 4536 4209 3928 3747 3662 3353 3212 3140 3067 3106 3429 1570 1537 1367 1518 1919 1579 1600 1345 1233 1138 1071 1002 1095 1324 1543 1635 1700 1770 1923 2074 2268 2440 2600 2655 2728 2898 3020 3205 3277 4311 4298 4279 4356 4655 4530 4476 4414 4070 3882 3629 2852 2578 2218 2042 1709 1476 1409 1549 1541 1608 3063 2965 2906 2869 2970 3376 3868 4013 4247 4497 4797 5228 5366 5636 5565 5522 5260 5226 5218 6787 6501 6193 5679 5289 5429 5737 5812 5811 5676 5408 5230 4718 4034 3655 3391 2164 1823 1714 1644 1469 1165 866 443 13 317 1040 1470 1815 2239 2606 2865 3249 3530 3431 3365 3210 3023 2919 2715 2632 2594 2444 2259 2055 1927 1724 1673 1523 1289 1076 999 1060 1134 1229 1390 1586 1583 1955 3110 3071 3141 3229 3351 3658 3783 3931 4203 4548 3687 3897 4080 4458 4471 4509 4480 4270 4292 4305 5190 5032 5291 5532 5569 5645 5388 5230 4793 4446 4253 4073 3860 3341 2968 2864 2877 2964 1823 1485 1726 2042 2235 2606 3035 3174 3588 2990 2776 2362 2217 2377 2523 2545 2521 2376 2151 1868 1674 1793 1627 1385 1243 1115 1223 872 360 357 1903 1917 1870 1828 1668 1830 1900 1885 2197 2309 2701 2832 3075 3307 3480 3483 3533 3867 3238 3064 3229 3085 3356 3508 3651 3927 4165 4335 4666 4968 5326 5630 
3890 3993 3691 3340 3087 2691 2298 2246 1951 1476 764 469 0 413 715 1068 1149 1244 1401 1780 2962 3317 3681 4345 4828 4991 5244 5384 5377 5234 4926 4848 5239 5805 6032 6301 4836 4533 4275 4112 4035 3755 3631 3574 3519 3569 3895 2024 1966 1777 1900 2230 1784 1729 1491 1337 1188 1012 815 774 912 1090 1165 1246 1335 1526 1681 1867 2032 2204 2273 2379 2579 2724 2940 3032 4776 4767 4749 4825 5124 4998 4941 4874 4534 4341 4092 3132 2874 2559 2370 2090 1857 1830 1980 1997 1138 2651 2526 2457 2403 2500 2906 3398 3543 3779 4032 4333 4766 4904 5170 5096 5052 4790 4757 4751 6323 6038 5730 5222 4832 4984 5291 5373 5384 5258 4996 4809 4295 3612 3239 2978 1753 1426 1291 1186 999 696 396 26 482 787 1509 1940 2285 2708 3076 3332 3719 3999 3898 3114 2947 2728 2605 2365 2247 2198 2037 1859 1666 1539 1286 1221 1076 883 766 819 1001 1185 1336 1551 1713 1800 2272 3572 3523 3575 3647 3753 4032 4144 4278 4528 4848 4149 4357 4544 4919 4937 4978 4950 4740 4760 4771 4723 4563 4821 5063 5101 5178 4926 4769 4329 3980 3785 3604 3391 2871 2498 2400 2422 2526 1426 1953 2109 2370 2574 2901 2922 2992 3358 2706 2517 2125 1944 2065 2170 2125 2084 1930 1707 1421 1222 1413 1286 1092 997 928 1424 1155 790 827 2370 2374 2337 2291 2127 2291 2351 2325 2640 2739 3123 3254 3498 3735 3898 3881 3913 4256 3619 3442 3572 3414 3677 3810 3935 4229 4456 4612 4931 5237 5597 5904 
4301 4406 4104 3752 3500 3105 2711 2658 2363 1890 1178 883 413 0 301 654 758 905 1107 1448 2614 2963 3319 3981 4466 4638 4885 5014 4996 4844 4538 4447 4838 5398 5625 5893 5121 4838 4599 4449 4379 4120 4009 3963 3921 3978 4306 2429 2356 2157 2263 2544 2037 1931 1718 1545 1370 1131 854 660 621 710 752 862 980 1220 1377 1547 1700 1884 1969 2112 2342 2508 2753 2864 5187 5180 5163 5238 5538 5411 5352 5279 4944 4748 4501 3413 3169 2889 2693 2451 2221 2217 2371 2403 726 2305 2151 2068 1995 2086 2493 2984 3130 3368 3623 3925 4361 4498 4760 4684 4639 4376 4345 4339 5914 5631 5324 4821 4431 4595 4901 4991 5013 4898 4642 4446 3930 3251 2885 2628 1422 1123 955 793 585 282 17 439 895 1201 1923 2354 2698 3122 3490 3744 4132 4412 4309 2938 2761 2514 2372 2097 1941 1878 1705 1540 1367 1246 928 840 708 607 670 864 1122 1369 1546 1785 1915 2061 2589 3980 3924 3964 4024 4118 4376 4478 4602 4833 5133 4557 4763 4954 5325 5347 5391 5364 5154 5174 5182 4313 4150 4408 4649 4689 4768 4521 4364 3922 3570 3374 3191 2977 2458 2085 1993 2027 2151 1123 2366 2471 2693 2902 3195 2884 2888 3200 2503 2346 1987 1775 1848 1903 1777 1715 1549 1332 1043 840 1134 1067 958 934 942 1691 1484 1193 1240 2781 2781 2749 2701 2534 2699 2754 2721 3037 3128 3504 3636 3880 4121 4276 4244 4263 4611 3971 3792 3896 3730 3986 4103 4214 4519 4738 4880 5189 5497 5857 6167 
4601 4707 4406 4053 3802 3406 3013 2959 2664 2192 1479 1185 715 301 0 353 498 710 951 1237 2373 2717 3065 3723 4208 4387 4629 4750 4721 4563 4258 4157 4547 5103 5330 5596 5340 5070 4844 4702 4637 4392 4288 4249 4215 4276 4606 2726 2645 2442 2537 2790 2253 2118 1923 1744 1560 1296 996 730 525 469 451 606 759 1044 1197 1346 1483 1677 1776 1950 2201 2383 2649 2774 5487 5481 5464 5540 5839 5712 5652 5576 5242 5045 4799 3633 3400 3143 2943 2723 2496 2504 2660 2701 426 2070 1888 1793 1698 1785 2191 2683 2829 3068 3325 3629 4066 4203 4461 4384 4337 4075 4044 4039 5618 5335 5029 4530 4141 4315 4621 4716 4748 4642 4391 4188 3671 2996 2639 2387 1213 957 760 527 284 19 318 741 1197 1502 2225 2655 3000 3424 3791 4044 4434 4713 4609 2841 2658 2391 2235 1933 1745 1671 1489 1340 1192 1083 706 590 487 534 751 1009 1290 1559 1745 1993 2103 2280 2836 4279 4218 4251 4303 4390 4634 4730 4847 5066 5352 4856 5060 5253 5623 5647 5692 5665 5455 5475 5482 4014 3849 4106 4348 4388 4470 4227 4070 3626 3273 3075 2891 2675 2156 1783 1699 1745 1889 957 2668 2744 2944 3154 3425 2893 2846 3114 2390 2260 1936 1704 1734 1745 1543 1461 1284 1077 791 590 993 991 967 1000 1060 1919 1747 1491 1542 3082 3078 3049 3000 2832 2998 3049 3012 3329 3414 3786 3918 4162 4405 4554 4514 4524 4876 4234 4055 4143 3972 4221 4329 4429 4741 4954 5088 5389 5697 6057 6368 
4952 5060 4759 4405 4155 3760 3366 3312 3016 2545 1832 1538 1068 654 353 0 310 606 872 1049 2112 2444 2778 3429 3915 4102 4337 4446 4404 4238 3934 3819 4208 4758 4984 5250 5606 5350 5138 5006 4945 4715 4619 4587 4561 4626 4957 3075 2987 2780 2866 3090 2528 2367 2192 2010 1821 1544 1238 936 615 346 105 397 597 924 1058 1166 1275 1476 1593 1805 2080 2280 2567 2707 5838 5834 5817 5892 6192 6064 6003 5924 5593 5393 5149 3906 3684 3449 3247 3050 2825 2845 3002 3050 95 1820 1598 1483 1355 1432 1838 2330 2477 2718 2978 3284 3723 3858 4112 4032 3984 3722 3693 3689 5271 4990 4685 4191 3803 3991 4295 4399 4443 4349 4106 3893 3377 2711 2367 2125 1029 861 647 313 68 372 671 1094 1550 1855 2578 3008 3353 3777 4144 4396 4787 5066 4960 2764 2577 2289 2118 1788 1559 1470 1281 1163 1062 979 552 400 401 647 965 1252 1539 1821 2012 2264 2352 2559 3138 4629 4564 4589 4634 4713 4943 5032 5141 5347 5617 5205 5408 5603 5971 5998 6044 6018 5808 5827 5833 3665 3498 3753 3995 4037 4121 3883 3727 3281 2925 2725 2539 2322 1803 1430 1359 1425 1599 861 3020 3070 3248 3460 3708 2943 2838 3048 2300 2208 1935 1687 1662 1611 1305 1191 1000 818 561 399 930 1015 1089 1175 1277 2209 2069 1841 1895 3434 3427 3402 3351 3182 3348 3396 3356 3673 3753 4120 4251 4496 4740 4884 4835 4837 5191 4548 4369 4439 4264 4507 4604 4694 5012 5218 5342 5635 5943 6302 6612 
4972 5096 4816 4477 4207 3811 3412 3350 3052 2602 1897 1606 1149 758 498 310 0 298 563 757 1875 2218 2568 3227 3713 3889 4133 4257 4237 4087 3780 3699 4090 4661 4889 5159 5444 5206 5013 4896 4842 4641 4563 4548 4550 4636 4976 3083 2967 2750 2812 2984 2391 2204 2054 1870 1681 1396 1098 786 420 80 356 692 895 1225 1352 1443 1534 1736 1861 2089 2370 2574 2866 3009 5916 5896 5868 5929 6229 6091 6018 5919 5602 5391 5159 3757 3550 3350 3145 2990 2774 2822 2984 3063 375 1573 1394 1310 1271 1423 1822 2321 2481 2740 3014 3328 3774 3905 4134 4037 3963 3693 3636 3624 5182 4894 4586 4073 3683 3837 4144 4232 4256 4146 3894 3692 3175 2499 2141 1889 735 551 337 39 328 514 775 1175 1619 1920 2636 3062 3403 3829 4197 4469 4843 5100 4981 3064 2876 2584 2408 2071 1826 1730 1540 1440 1358 1282 854 701 137 462 818 1113 1394 1682 1874 2127 2190 2427 3033 4638 4553 4551 4577 4638 4840 4919 5016 5204 5455 5211 5407 5613 5970 6013 6074 6058 5860 5889 5909 3592 3445 3725 3978 4043 4142 3932 3778 3325 2960 2748 2550 2313 1791 1425 1262 1272 1395 551 3063 3011 3146 3358 3573 3253 3148 3349 2598 2513 2245 1997 1966 1900 1543 1404 1205 1057 834 699 623 733 859 979 1111 2096 2010 1871 1960 3463 3436 3474 3435 3274 3436 3500 3474 3789 3884 4263 4394 4639 4879 5034 5002 5017 5367 4726 4547 4640 4470 4720 4827 4926 5239 5451 5583 5882 6190 6550 6860 
4952 5090 4833 4509 4220 3826 3425 3355 3059 2634 1948 1670 1244 905 710 606 298 0 266 542 1718 2072 2437 3102 3584 3747 4000 4142 4146 4014 3706 3662 4053 4642 4872 5146 5253 5032 4857 4753 4707 4532 4471 4473 4502 4608 4955 3063 2922 2696 2735 2854 2240 2029 1905 1724 1538 1255 979 685 350 266 653 990 1193 1523 1649 1735 1818 2020 2148 2382 2665 2870 3163 3307 5950 5914 5874 5921 6221 6075 5989 5873 5570 5349 5127 3583 3391 3225 3018 2905 2699 2775 2939 3047 673 1407 1296 1254 1316 1531 1912 2407 2576 2848 3133 3450 3900 4025 4232 4120 4023 3748 3664 3644 5171 4878 4567 4036 3646 3763 4071 4141 4142 4014 3752 3565 3051 2368 1994 1733 516 258 50 307 614 722 919 1269 1683 1971 2668 3085 3419 3844 4211 4501 4859 5093 4961 3361 3173 2880 2704 2364 2112 2014 1824 1732 1655 1580 1152 999 227 390 716 994 1254 1540 1729 1977 2015 2279 2905 4609 4504 4478 4484 4529 4705 4773 4860 5030 5264 5176 5365 5582 5926 5984 6060 6055 5867 5906 5941 3604 3479 3780 4041 4126 4240 4055 3905 3448 3078 2857 2650 2398 1884 1537 1294 1243 1295 258 3076 2927 3020 3231 3412 3541 3444 3647 2895 2811 2540 2293 2264 2195 1818 1668 1467 1336 1128 998 325 461 649 804 963 1972 1940 1889 2011 3459 3413 3513 3485 3332 3490 3570 3556 3868 3976 4364 4495 4739 4974 5141 5126 5154 5499 4861 4683 4799 4634 4891 5009 5117 5424 5642 5782 6088 6396 6756 7066 
4978 5128 4892 4581 4278 3887 3486 3410 3117 2718 2056 1793 1401 1107 951 872 563 266 0 413 1585 1944 2320 2984 3460 3610 3870 4029 4054 3939 3631 3620 4009 4613 4843 5121 5115 4911 4755 4664 4625 4477 4433 4451 4504 4628 4979 3098 2935 2704 2721 2788 2157 1924 1830 1656 1479 1207 972 724 493 531 917 1254 1458 1787 1911 1991 2067 2268 2399 2639 2924 3131 3426 3571 6020 5970 5921 5956 6255 6101 6005 5872 5583 5354 5142 3467 3291 3160 2954 2881 2687 2788 2953 3086 938 1274 1234 1235 1383 1643 2001 2485 2661 2941 3233 3551 4002 4123 4309 4183 4066 3788 3681 3653 5146 4849 4538 3992 3605 3688 3996 4049 4030 3885 3615 3442 2935 2251 1867 1602 386 43 227 569 879 961 1119 1424 1806 2079 2752 3157 3483 3905 4269 4574 4916 5130 4987 3625 3436 3141 2963 2621 2363 2262 2073 1989 1918 1845 1417 1264 485 518 752 985 1209 1481 1662 1901 1912 2199 2839 4628 4505 4456 4445 4474 4624 4682 4757 4910 5126 5188 5369 5595 5929 6000 6089 6092 5915 5962 6009 3607 3502 3821 4088 4191 4316 4155 4007 3550 3177 2951 2738 2475 1977 1651 1351 1249 1231 43 3139 2904 2956 3165 3311 3805 3711 3911 3158 3077 2806 2559 2529 2454 2059 1900 1699 1583 1387 1263 67 294 565 747 924 1922 1944 1972 2117 3506 3442 3595 3576 3432 3586 3677 3674 3982 4101 4495 4625 4868 5098 5274 5272 5312 5651 5017 4841 4973 4814 5075 5200 5316 5617 5840 5986 6296 6604 6964 7273 
5389 5541 5305 4994 4691 4301 3899 3824 3531 3129 2460 2191 1780 1448 1237 1049 757 542 413 0 1184 1541 1913 2578 3056 3213 3470 3622 3642 3525 3218 3210 3598 4206 4435 4713 5421 5238 5099 5021 4988 4857 4823 4848 4910 5038 5390 3511 3344 3113 3124 3166 2529 2281 2210 2041 1869 1605 1383 1137 870 768 1053 1370 1566 1886 1987 2027 2068 2261 2401 2666 2962 3179 3486 3641 6433 6384 6334 6368 6667 6512 6413 6277 5992 5760 5551 3803 3642 3538 3333 3281 3090 3198 3363 3499 1084 872 824 845 1065 1370 1688 2154 2334 2621 2918 3236 3685 3800 3965 3828 3695 3415 3294 3262 4740 4442 4130 3581 3195 3274 3582 3637 3622 3484 3218 3038 2528 1844 1463 1200 27 376 493 741 1081 1251 1462 1804 2204 2483 3163 3570 3897 4319 4683 4987 5329 5542 5398 3686 3496 3190 3003 2648 2365 2256 2074 2027 1999 1950 1536 1389 751 902 1165 1396 1609 1872 2047 2279 2270 2573 3218 5038 4911 4854 4835 4855 4987 5036 5102 5237 5431 5596 5776 6003 6334 6409 6500 6504 6328 6376 6422 3212 3119 3449 3720 3836 3972 3834 3692 3236 2862 2632 2414 2144 1669 1381 1023 876 821 376 3553 3303 3335 3541 3661 3972 3830 3977 3217 3170 2945 2692 2622 2500 2029 1847 1654 1591 1460 1387 439 677 965 1150 1329 2314 2354 2382 2522 3920 3854 4006 3986 3839 3995 4083 4076 4385 4500 4892 5023 5266 5498 5670 5661 5693 6036 5399 5222 5341 5177 5433 5551 5658 5966 6183 6321 6625 6933 7293 7603 
6500 6667 6453 6154 5840 5454 5054 4974 4685 4300 3642 3375 2962 2614 2373 2112 1875 1718 1585 1184 0 358 739 1399 1874 2029 2286 2445 2489 2404 2101 2182 2552 3187 3413 3694 6149 6030 5952 5914 5900 5834 5835 5889 5991 6142 6500 4645 4456 4222 4204 4160 3518 3242 3231 3082 2933 2700 2522 2307 2053 1909 2078 2325 2485 2756 2808 2772 2742 2895 3040 3333 3630 3854 4172 4343 7589 7527 7467 7486 7783 7619 7506 7344 7082 6838 6647 4654 4544 4522 4324 4344 4174 4311 4474 4636 2113 312 566 757 1169 1490 1529 1787 1958 2236 2525 2811 3223 3305 3360 3171 2957 2681 2472 2413 3725 3420 3112 2536 2169 2156 2459 2485 2447 2300 2034 1857 1351 671 282 18 1211 1553 1671 1848 2163 2389 2629 2986 3388 3664 4334 4733 5054 5472 5832 6147 6476 6666 6509 4365 4183 3866 3674 3316 3006 2891 2746 2776 2829 2823 2473 2352 1906 2087 2333 2534 2705 2937 3090 3294 3234 3566 4211 6141 5990 5896 5845 5832 5900 5921 5954 6032 6158 6687 6854 7094 7405 7501 7610 7626 7463 7519 7577 2339 2334 2714 2994 3182 3364 3347 3232 2814 2474 2250 2040 1777 1538 1508 1115 869 560 1553 4710 4367 4327 4522 4557 4853 4625 4655 3915 3939 3810 3559 3420 3218 2643 2440 2298 2347 2342 2351 1594 1801 2088 2272 2450 3367 3471 3556 3703 5062 4980 5175 5160 5017 5170 5263 5259 5567 5684 6076 6207 6450 6682 6854 6843 6872 7217 6579 6401 6510 6342 6594 6702 6800 7114 7325 7453 7747 8056 8414 8725 
6851 7020 6810 6512 6197 5811 5411 5331 5042 4659 4000 3732 3317 2963 2717 2444 2218 2072 1944 1541 358 0 384 1041 1516 1675 1928 2086 2136 2062 1763 1882 2239 2880 3103 3384 6423 6319 6254 6225 6215 6162 6170 6229 6337 6493 6851 5000 4808 4574 4553 4495 3855 3575 3573 3428 3282 3053 2880 2666 2410 2256 2403 2634 2784 3040 3080 3028 2982 3123 3266 3560 3852 4075 4392 4566 7946 7883 7822 7838 8135 7969 7853 7687 7430 7184 6995 4960 4860 4854 4658 4690 4524 4664 4827 4992 2439 670 857 1020 1383 1665 1618 1780 1936 2193 2466 2731 3120 3188 3202 2999 2759 2491 2252 2184 3416 3110 2805 2223 1869 1817 2116 2132 2088 1943 1679 1498 993 317 78 341 1568 1911 2025 2190 2497 2733 2979 3341 3745 4022 4693 5092 5411 5829 6189 6505 6832 7019 6860 4582 4404 4088 3896 3544 3233 3119 2986 3033 3103 3107 2776 2663 2255 2443 2692 2891 3059 3286 3436 3635 3568 3903 4546 6492 6337 6236 6179 6159 6215 6231 6256 6321 6432 7035 7200 7442 7749 7848 7961 7978 7817 7874 7934 2102 2134 2523 2801 3011 3206 3231 3129 2736 2420 2208 2013 1771 1635 1683 1336 1119 854 1911 5068 4713 4661 4853 4873 5120 4870 4869 4142 4184 4080 3832 3678 3459 2872 2670 2544 2616 2637 2661 1953 2159 2445 2629 2806 3714 3826 3915 4061 5418 5334 5533 5518 5376 5529 5621 5617 5925 6042 6433 6564 6807 7039 7211 7198 7225 7571 6932 6754 6858 6689 6939 7043 7138 7454 7662 7787 8078 8386 8744 9055 
7235 7404 7192 6893 6580 6193 5793 5713 5424 5037 4374 4103 3681 3319 3065 2778 2568 2437 2320 1913 739 384 0 665 1147 1324 1565 1708 1752 1683 1387 1541 1884 2527 2747 3027 6764 6672 6615 6591 6584 6538 6549 6610 6721 6877 7235 5383 5192 4958 4937 4874 4235 3955 3956 3812 3666 3437 3262 3043 2779 2610 2730 2940 3078 3315 3342 3272 3210 3335 3475 3769 4054 4274 4588 4764 8328 8266 8206 8222 8519 8353 8237 8070 7813 7567 7379 5325 5231 5233 5038 5074 4907 5048 5211 5375 2766 1047 1180 1313 1618 1852 1723 1777 1910 2138 2386 2623 2978 3032 3003 2786 2521 2266 1997 1919 3060 2754 2453 1868 1530 1440 1736 1748 1710 1579 1328 1127 615 69 457 721 1940 2286 2392 2537 2834 3081 3335 3706 4116 4396 5071 5472 5793 6211 6572 6886 7215 7403 7244 4773 4600 4287 4098 3753 3444 3332 3213 3278 3366 3381 3074 2969 2613 2814 3070 3273 3442 3670 3819 4017 3948 4283 4925 6876 6720 6618 6558 6535 6584 6596 6617 6674 6773 7419 7583 7826 8132 8232 8345 8362 8201 8258 8316 1830 1902 2296 2567 2798 3005 3076 2989 2628 2345 2153 1979 1770 1748 1869 1578 1397 1178 2286 5449 5096 5040 5232 5243 5366 5092 5055 4346 4409 4334 4090 3920 3684 3089 2891 2783 2877 2926 2968 2331 2541 2828 3011 3189 4098 4209 4292 4435 5801 5717 5913 5896 5752 5906 5996 5989 6299 6412 6801 6932 7176 7410 7578 7561 7583 7931 7291 7112 7208 7036 7283 7382 7471 7790 7995 8115 8400 8708 9065 9376 
7880 8053 7848 7553 7236 6851 6452 6371 6082 5700 5038 4768 4345 3981 3723 3429 3227 3102 2984 2578 1399 1041 665 0 485 690 908 1045 1122 1112 856 1173 1429 2057 2260 2532 7279 7212 7177 7167 7166 7143 7165 7235 7357 7520 7879 6037 5840 5606 5578 5493 4859 4574 4589 4450 4310 4088 3920 3706 3444 3271 3376 3571 3698 3918 3932 3846 3766 3874 4009 4299 4574 4789 5098 5274 8986 8921 8857 8869 9165 8995 8875 8699 8451 8201 8019 5898 5821 5847 5655 5710 5550 5697 5859 6029 3413 1710 1834 1951 2210 2394 2186 2104 2192 2359 2553 2729 3011 3033 2918 2680 2371 2159 1841 1745 2568 2269 1990 1416 1167 898 1159 1119 1047 920 693 464 53 734 1117 1382 2605 2950 3056 3196 3487 3740 3997 4370 4781 5061 5734 6133 6452 6869 7229 7546 7871 8052 7889 5275 5109 4802 4616 4284 3980 3872 3770 3852 3957 3982 3698 3601 3275 3479 3732 3932 4093 4314 4458 4648 4568 4907 5544 7519 7356 7243 7173 7140 7167 7169 7179 7215 7288 8057 8217 8463 8762 8870 8988 9010 8852 8912 8974 1644 1811 2184 2424 2694 2918 3078 3021 2736 2523 2373 2246 2098 2217 2410 2177 2025 1834 2950 6109 5732 5657 5844 5832 5928 5629 5550 4866 4952 4910 4672 4486 4233 3635 3444 3356 3471 3544 3600 2994 3200 3486 3668 3845 4737 4862 4955 5100 6456 6368 6575 6559 6416 6570 6661 6654 6964 7077 7466 7597 7841 8075 8243 8224 8244 8593 7952 7774 7865 7692 7936 8032 8117 8438 8640 8755 9036 9344 9699 10010 
8330 8508 8311 8020 7700 7316 6918 6835 6549 6173 5516 5248 4828 4466 4208 3915 3713 3584 3460 3056 1874 1516 1147 485 0 256 423 586 762 868 729 1176 1303 1869 2044 2297 7619 7571 7554 7555 7560 7555 7586 7665 7798 7968 8328 6497 6295 6061 6025 5921 5291 5004 5030 4896 4762 4546 4388 4181 3924 3756 3862 4053 4178 4392 4401 4309 4224 4325 4456 4744 5013 5226 5531 5707 9451 9380 9313 9319 9614 9442 9316 9133 8893 8640 8463 6287 6223 6269 6080 6153 5998 6152 6314 6490 3898 2186 2320 2436 2685 2853 2619 2481 2547 2678 2836 2971 3198 3200 3028 2783 2455 2284 1950 1848 2335 2052 1810 1295 1177 742 898 760 593 434 255 27 538 1216 1593 1857 3084 3427 3538 3682 3972 4226 4482 4853 5261 5539 6207 6603 6919 7335 7692 8014 8333 8506 8339 5704 5542 5239 5056 4730 4429 4322 4227 4316 4427 4456 4178 4084 3759 3959 4206 4399 4553 4766 4904 5088 4999 5340 5971 7967 7797 7673 7594 7552 7561 7555 7556 7575 7627 8500 8656 8905 9197 9311 9436 9461 9309 9371 9438 1748 1970 2304 2511 2797 3026 3244 3210 2979 2814 2691 2591 2477 2652 2868 2654 2508 2319 3427 6576 6175 6083 6266 6233 6384 6074 5974 5306 5401 5372 5137 4946 4687 4089 3901 3821 3943 4023 4082 3468 3670 3953 4134 4310 5183 5321 5429 5577 6918 6825 7046 7033 6891 7044 7138 7133 7442 7557 7947 8078 8322 8555 8725 8708 8729 9077 8437 8259 8351 8177 8422 8517 8602 8924 9124 9239 9519 9826 10181 10492 
8433 8617 8431 8149 7822 7442 7046 6961 6677 6313 5666 5403 4991 4638 4387 4102 3889 3747 3610 3213 2029 1675 1324 690 256 0 284 558 839 1015 936 1399 1482 2006 2164 2403 7625 7592 7588 7599 7609 7620 7661 7747 7892 8070 8431 6616 6406 6173 6129 6003 5379 5090 5128 5001 4873 4666 4521 4326 4083 3929 4053 4255 4386 4608 4622 4535 4454 4559 4692 4981 5253 5466 5773 5949 9575 9497 9424 9424 9717 9541 9410 9218 8987 8730 8561 6334 6281 6346 6160 6251 6103 6265 6426 6611 4089 2341 2504 2631 2900 3082 2860 2734 2802 2935 3092 3223 3443 3441 3258 3013 2682 2521 2185 2083 2441 2172 1954 1476 1402 938 1033 838 574 304 7 283 743 1391 1753 2013 3240 3579 3700 3859 4158 4404 4653 5015 5415 5688 6346 6736 7048 7460 7815 8143 8453 8614 8442 5948 5784 5480 5295 4967 4664 4557 4457 4542 4648 4673 4385 4286 3930 4116 4350 4531 4673 4877 5009 5184 5085 5428 6052 8069 7891 7756 7668 7617 7610 7597 7590 7596 7633 8595 8746 9000 9283 9405 9536 9566 9420 9487 9561 1983 2214 2539 2737 3027 3256 3485 3454 3232 3069 2948 2846 2729 2892 3098 2867 2709 2503 3579 6706 6273 6163 6342 6290 6616 6311 6219 5545 5636 5599 5362 5175 4920 4322 4131 4046 4162 4232 4284 3614 3807 4086 4265 4439 5287 5440 5572 5727 7039 6940 7182 7173 7035 7186 7284 7284 7591 7711 8104 8235 8478 8708 8883 8873 8900 9246 8607 8429 8530 8359 8607 8706 8795 9114 9318 9437 9720 10028 10384 10694 
8712 8894 8705 8420 8095 7714 7317 7232 6948 6579 5927 5661 5244 4885 4629 4337 4133 4000 3870 3470 2286 1928 1565 908 423 284 0 306 643 878 888 1360 1367 1830 1969 2194 7905 7874 7872 7883 7893 7903 7944 8029 8173 8349 8710 6890 6683 6449 6407 6285 5660 5372 5408 5279 5149 4940 4789 4589 4339 4175 4285 4476 4600 4811 4819 4724 4636 4732 4862 5148 5414 5624 5927 6103 9848 9772 9700 9702 9996 9820 9690 9500 9267 9011 8840 6618 6565 6629 6443 6530 6381 6541 6702 6884 4321 2598 2742 2859 3106 3267 3020 2853 2905 3013 3146 3251 3437 3423 3211 2965 2630 2495 2160 2058 2232 1978 1785 1364 1366 873 882 645 327 22 277 446 961 1634 2006 2269 3497 3838 3954 4102 4395 4646 4901 5269 5674 5949 6612 7005 7318 7732 8088 8413 8727 8892 8721 6098 5938 5638 5456 5134 4835 4730 4638 4731 4845 4875 4601 4507 4178 4372 4614 4800 4946 5153 5287 5463 5367 5709 6335 8348 8171 8038 7951 7900 7894 7881 7874 7878 7912 8875 9027 9280 9565 9685 9816 9845 9697 9763 9834 1962 2214 2510 2686 2979 3208 3466 3448 3260 3128 3025 2942 2849 3054 3282 3075 2931 2741 3838 6977 6552 6446 6625 6574 6794 6477 6365 5706 5806 5786 5553 5358 5096 4499 4312 4236 4362 4445 4505 3876 4074 4355 4534 4709 5565 5714 5837 5988 7313 7215 7450 7439 7299 7451 7547 7544 7852 7970 8362 8493 8736 8968 9139 9125 9149 9496 8856 8678 8772 8599 8845 8940 9025 9347 9548 9662 9942 10249 10604 10914 
8914 9091 8891 8597 8279 7895 7496 7414 7127 6745 6082 5811 5384 5014 4750 4446 4257 4142 4029 3622 2445 2086 1708 1045 586 558 306 0 361 636 736 1185 1123 1540 1670 1889 8177 8138 8128 8134 8140 8139 8172 8251 8384 8553 8913 7078 6878 6644 6610 6507 5877 5591 5616 5482 5346 5128 4965 4752 4486 4304 4387 4560 4673 4868 4866 4760 4661 4746 4871 5153 5410 5616 5913 6089 10030 9962 9896 9904 10199 10027 9902 9719 9479 9226 9049 6866 6806 6855 6667 6739 6583 6735 6897 7071 4423 2755 2863 2963 3173 3304 3027 2812 2845 2924 3031 3109 3262 3237 3001 2757 2420 2310 1979 1879 1928 1678 1498 1123 1194 703 626 364 23 284 551 598 1093 1778 2162 2427 3649 3995 4097 4225 4506 4767 5030 5409 5824 6105 6779 7178 7496 7913 8272 8591 8913 9090 8923 6078 5924 5629 5451 5139 4846 4744 4664 4767 4893 4931 4677 4591 4311 4521 4778 4976 5134 5350 5490 5674 5585 5926 6557 8552 8383 8259 8180 8136 8141 8132 8130 8142 8185 9086 9242 9491 9784 9897 10021 10046 9892 9953 10017 1788 2055 2322 2476 2771 2997 3279 3273 3119 3019 2936 2874 2809 3063 3318 3148 3026 2863 3995 7153 6761 6669 6852 6815 6810 6476 6339 5700 5814 5816 5588 5383 5112 4520 4339 4277 4415 4517 4590 4039 4245 4530 4712 4889 5768 5902 6000 6144 7498 7408 7620 7604 7461 7615 7705 7697 8007 8119 8506 8638 8882 9117 9283 9259 9275 9625 8984 8805 8886 8710 8951 9039 9117 9442 9638 9746 10019 10325 10678 10988 
