6
161
21 0 1 2 3 4 5 6 7 8 9 10 11 12 13 14 15 16 17 18 19 20
40 21 22 23 24 25 26 27 28 29 30 31 32 33 34 35 36 37 38 39 40 41 42 43 44 45 46 47 48 49 50 51 52 53 54 55 56 57 58 59 60
29 61 62 63 64 65 66 67 68 69 70 71 72 73 74 75 76 77 78 79 80 81 82 83 0 1 2 3 84 85
50 86 87 88 89 90 91 79 80 92 93 94 95 96 97 37 38 98 99 100 101 102 103 104 105 106 107 108 26 27 28 29 30 109 110 111 112 113 114 115 116 117 118 119 120 121 122 123 124 125 126
50 86 87 88 89 90 91 79 80 92 93 94 95 96 97 37 38 98 99 100 101 102 103 104 105 106 107 108 26 27 28 29 30 109 110 111 112 113 114 115 116 127 128 129 130 131 132 133 134 135 136
36 137 138 139 140 141 142 143 144 30 31 32 33 34 35 36 145 38 39 40 41 146 147 148 149 150 151 152 153 154 20 155 156 157 158 159 160
2400 1800 1800 1800 1800 1800 
0 283 567 897 1624 2002 2047 2261 2528 2502 2306 2166 2190 2410 2687 2846 3135 2907 3008 3273 3513 4598 4397 4203 3998 3836 3617 3653 3813 3871 3840 3368 2656 2361 1891 1478 1176 755 852 1023 1198 1055 1443 1100 917 613 610 1016 1506 1655 1901 2169 2479 2924 3056 3297 3211 3161 2899 2878 2878 3105 2903 2719 2531 2195 2085 2003 1965 1945 1788 1725 1844 2010 2197 2149 1918 1753 1562 1376 1261 1018 822 397 1055 1264 2702 2733 2547 2231 2040 1679 1098 1110 1166 1174 891 819 985 1313 1670 1965 2243 2532 2723 2975 3029 3276 3886 3832 4177 4600 4968 5216 5609 5889 5783 6025 6226 6424 6789 6820 6868 6842 6631 6649 6651 5449 5378 5391 5424 5489 5693 5770 5865 6045 6286 5775 5883 5581 5225 4978 4583 4189 4136 823 1667 1936 2207 2817 3294 3506 3716 3787 3704 3216 3055 3440 3967 4191 4452 
283 0 286 618 1346 1719 1766 1985 2255 2236 2042 1913 1946 2170 2458 2613 2910 2708 2823 3138 3383 4454 4265 4098 3892 3761 3549 3605 3767 3848 3834 3377 2667 2374 1907 1498 1202 819 784 875 1003 797 1172 848 682 496 656 1044 1542 1707 1974 2258 2574 3024 3150 3363 3258 3179 2909 2855 2845 2944 2780 2599 2413 2087 2005 1965 1973 1968 1862 1829 1982 2191 2410 2383 2166 2019 1839 1658 1544 1302 1105 681 801 1065 2981 3014 2827 2512 2321 1960 1378 1380 1418 1411 1080 978 899 1218 1572 1860 2128 2414 2604 2853 2889 3154 3778 3838 4181 4606 4975 5239 5620 5882 5765 5996 6191 6398 6754 6797 6858 6840 6638 6664 6678 5423 5336 5329 5346 5398 5580 5649 5734 5900 6125 5757 5878 5593 5247 4985 4589 4191 4131 861 1411 1699 1994 2623 3106 3308 3529 3618 3558 3081 2957 3347 3900 4127 4394 
567 286 0 332 1091 1446 1499 1732 2005 2003 1811 1702 1752 1980 2281 2431 2738 2570 2703 3077 3326 4274 4098 3957 3751 3652 3447 3523 3687 3789 3793 3353 2653 2365 1910 1517 1240 921 761 749 807 531 936 665 552 577 847 1193 1678 1853 2133 2426 2744 3195 3315 3503 3382 3276 3000 2916 2896 2754 2630 2452 2271 1960 1908 1911 1966 1977 1922 1921 2103 2351 2602 2597 2397 2271 2106 1935 1822 1582 1388 964 539 863 3251 3286 3099 2785 2594 2233 1652 1641 1659 1638 1271 1148 843 1129 1466 1740 1992 2273 2458 2702 2719 3001 3637 3810 4148 4574 4942 5221 5589 5833 5705 5924 6113 6329 6675 6731 6803 6794 6602 6636 6662 5356 5253 5226 5229 5267 5428 5488 5565 5717 5927 5697 5830 5563 5229 4951 4556 4155 4089 935 1204 1520 1844 2494 2980 3168 3402 3513 3481 3020 2940 3331 3909 4138 4410 
897 618 332 0 831 1145 1208 1464 1739 1764 1579 1504 1576 1805 2121 2260 2578 2457 2611 3054 3305 4069 3909 3801 3596 3535 3341 3441 3606 3733 3756 3341 2659 2382 1951 1590 1346 1111 848 711 654 266 725 588 583 809 1128 1429 1890 2071 2358 2657 2974 3423 3537 3699 3562 3429 3150 3033 3002 2545 2472 2301 2128 1841 1831 1886 1995 2023 2028 2060 2269 2553 2835 2852 2671 2565 2416 2256 2143 1906 1715 1293 287 691 3562 3600 3412 3100 2910 2550 1970 1946 1947 1914 1521 1384 882 1097 1392 1638 1862 2130 2307 2541 2536 2836 3481 3788 4119 4543 4909 5205 5556 5778 5638 5842 6024 6249 6583 6653 6740 6741 6560 6603 6644 5281 5160 5109 5094 5117 5253 5303 5368 5503 5695 5629 5776 5531 5213 4918 4525 4123 4051 1098 1027 1373 1730 2394 2878 3047 3296 3432 3434 2997 2970 3359 3960 4190 4467 
1624 1346 1091 831 0 426 436 641 914 935 754 718 825 1043 1369 1488 1813 1773 1960 2523 2770 4276 4167 4149 3952 3982 3817 3960 4123 4294 4351 3981 3339 3081 2688 2364 2148 1942 1658 1459 1289 916 226 606 806 1240 1590 1716 2044 2223 2509 2805 3102 3527 3616 3693 3512 3310 3032 2835 2779 2796 2865 2720 2576 2360 2421 2549 2717 2762 2816 2868 3089 3383 3666 3678 3486 3361 3186 2998 2883 2637 2436 2013 942 1287 4327 4357 4171 3856 3663 3303 2723 2726 2750 2728 2347 2213 1665 1804 2020 2202 2357 2580 2728 2927 2862 3196 3840 4406 4721 5136 5494 5816 6136 6316 6155 6327 6492 6734 7041 7141 7255 7274 7116 7175 7240 5785 5629 5529 5473 5457 5523 5544 5577 5656 5786 6146 6317 6113 5822 5502 5118 4720 4637 1925 377 708 1091 1736 2198 2331 2598 2777 2843 2469 2560 2929 3564 3790 4071 
2002 1719 1446 1145 426 0 111 412 661 782 665 766 912 1077 1387 1465 1785 1847 2057 2692 2928 4068 3984 4013 3823 3902 3755 3923 4082 4278 4357 4023 3420 3183 2829 2548 2369 2224 1901 1659 1441 1145 652 1030 1228 1660 2012 2142 2457 2633 2916 3210 3502 3919 4003 4059 3869 3649 3375 3155 3091 2639 2780 2653 2531 2364 2465 2638 2846 2904 3007 3085 3323 3645 3953 3986 3814 3710 3553 3378 3264 3021 2822 2397 1166 1420 4698 4732 4545 4231 4040 3679 3097 3086 3092 3059 2659 2518 1881 1955 2107 2239 2347 2535 2662 2835 2741 3082 3713 4428 4728 5134 5483 5820 6116 6268 6094 6247 6400 6652 6940 7057 7187 7218 7075 7146 7227 5720 5543 5415 5338 5302 5333 5339 5357 5411 5514 6085 6271 6096 5826 5490 5115 4723 4634 2193 700 919 1262 1838 2257 2348 2628 2844 2960 2641 2797 3146 3789 4009 4290 
2047 1766 1499 1208 436 111 0 304 562 673 554 663 811 970 1277 1354 1674 1740 1950 2592 2827 4169 4088 4121 3931 4012 3866 4034 4194 4389 4467 4132 3527 3288 2930 2643 2458 2300 1985 1749 1537 1227 655 1040 1241 1676 2024 2134 2429 2604 2884 3175 3463 3875 3956 4002 3809 3583 3310 3083 3017 2746 2890 2765 2642 2474 2574 2743 2948 3005 3102 3176 3411 3727 4030 4058 3880 3768 3604 3423 3308 3064 2864 2440 1249 1518 4747 4780 4594 4279 4087 3726 3145 3140 3153 3122 2728 2589 1970 2053 2212 2348 2458 2646 2773 2945 2850 3192 3822 4538 4839 5244 5594 5931 6227 6379 6205 6357 6510 6762 7049 7167 7298 7329 7186 7257 7338 5831 5653 5524 5446 5408 5436 5441 5456 5507 5605 6196 6382 6207 5936 5601 5226 4834 4745 2272 651 837 1168 1732 2149 2238 2518 2735 2854 2541 2707 3052 3695 3915 4195 
2261 1985 1732 1464 641 412 304 0 275 371 289 474 622 729 1013 1072 1386 1490 1707 2377 2604 4406 4337 4388 4201 4296 4155 4327 4486 4685 4767 4435 3831 3592 3231 2939 2746 2570 2266 2040 1835 1510 822 1197 1401 1832 2168 2225 2467 2633 2903 3184 3459 3855 3926 3942 3738 3492 3227 2978 2905 3012 3176 3055 2936 2775 2877 3048 3250 3306 3397 3466 3696 4005 4298 4316 4127 4002 3824 3631 3515 3268 3067 2646 1533 1818 4963 4991 4806 4490 4297 3937 3358 3366 3392 3369 2985 2849 2258 2353 2516 2652 2758 2941 3063 3229 3127 3469 4093 4839 5138 5542 5891 6229 6522 6668 6491 6638 6788 7042 7324 7447 7582 7616 7477 7549 7633 6116 5934 5797 5711 5666 5678 5676 5683 5719 5799 6482 6671 6502 6235 5897 5524 5133 5043 2547 696 740 999 1496 1886 1959 2241 2470 2611 2330 2535 2863 3506 3721 3999 
2528 2255 2005 1739 914 661 562 275 0 232 324 560 680 699 916 934 1223 1400 1624 2325 2539 4526 4473 4548 4367 4484 4351 4532 4689 4897 4986 4667 4076 3842 3491 3205 3017 2845 2540 2310 2100 1782 1086 1452 1655 2081 2410 2441 2648 2807 3068 3341 3603 3985 4048 4039 3826 3565 3308 3041 2961 3174 3368 3256 3146 3003 3116 3296 3507 3565 3664 3736 3969 4279 4573 4591 4401 4273 4091 3894 3779 3532 3329 2911 1805 2080 5228 5255 5071 4754 4562 4202 3624 3636 3664 3642 3260 3124 2529 2615 2766 2889 2981 3151 3264 3419 3304 3648 4260 5064 5357 5757 6101 6445 6728 6862 6680 6818 6962 7220 7493 7624 7766 7806 7673 7750 7840 6304 6113 5963 5867 5810 5802 5791 5789 5807 5867 6671 6867 6709 6450 6107 5739 5350 5259 2822 921 874 1043 1428 1767 1808 2092 2341 2515 2281 2534 2838 3477 3685 3958 
2502 2236 2003 1764 935 782 673 371 232 0 196 396 486 470 687 719 1023 1172 1395 2093 2308 4740 4681 4744 4560 4663 4524 4698 4856 5057 5138 4805 4197 3955 3586 3283 3078 2876 2591 2379 2186 1841 1067 1405 1602 2015 2328 2323 2495 2648 2900 3167 3421 3793 3852 3832 3615 3348 3095 2822 2741 3368 3544 3424 3308 3147 3247 3412 3608 3661 3739 3799 4022 4318 4596 4600 4399 4254 4059 3851 3736 3488 3285 2873 1866 2173 5187 5210 5028 4712 4519 4161 3589 3612 3654 3641 3272 3142 2592 2704 2880 3021 3129 3312 3433 3596 3490 3833 4453 5210 5509 5914 6262 6601 6893 7037 6859 7003 7150 7406 7685 7811 7948 7984 7846 7920 8004 6483 6298 6156 6066 6015 6015 6007 6008 6031 6095 6850 7040 6873 6606 6268 5896 5504 5415 2860 846 716 829 1196 1548 1602 1886 2126 2289 2049 2303 2606 3244 3452 3726 
2306 2042 1811 1579 754 665 554 289 324 196 0 236 363 440 728 800 1121 1201 1418 2089 2315 4695 4624 4669 4481 4566 4420 4587 4747 4939 5014 4670 4051 3803 3426 3113 2902 2690 2412 2208 2024 1667 875 1209 1406 1819 2135 2139 2329 2486 2745 3017 3279 3660 3725 3720 3509 3253 2993 2732 2656 3293 3445 3319 3195 3019 3109 3263 3450 3500 3567 3622 3843 4133 4407 4409 4205 4059 3863 3655 3540 3292 3089 2677 1693 2014 4991 5014 4832 4515 4323 3965 3393 3417 3460 3447 3081 2952 2418 2542 2731 2884 3005 3199 3327 3499 3402 3745 4372 5082 5386 5794 6145 6479 6779 6933 6759 6911 7063 7315 7601 7721 7852 7884 7740 7810 7889 6385 6207 6075 5993 5950 5966 5965 5973 6008 6087 6750 6936 6758 6485 6151 5775 5382 5294 2677 650 551 737 1206 1601 1684 1964 2186 2322 2042 2259 2581 3223 3436 3714 
2166 1913 1702 1504 718 766 663 474 560 396 236 0 150 328 654 770 1095 1088 1293 1929 2163 4833 4750 4774 4583 4646 4492 4647 4809 4990 5055 4694 4056 3799 3404 3073 2846 2605 2350 2169 2007 1627 779 1066 1252 1648 1950 1929 2100 2255 2511 2782 3043 3424 3489 3488 3279 3026 2764 2508 2434 3403 3524 3390 3256 3060 3132 3267 3435 3478 3521 3563 3773 4047 4305 4293 4079 3919 3712 3495 3380 3132 2930 2525 1653 2005 4831 4851 4670 4354 4161 3806 3240 3274 3330 3325 2973 2851 2369 2521 2737 2910 3052 3260 3398 3582 3497 3837 4472 5115 5426 5838 6194 6521 6832 7000 6832 6994 7151 7399 7694 7805 7929 7955 7804 7868 7939 6460 6291 6172 6101 6067 6099 6104 6119 6167 6257 6823 7002 6811 6527 6201 5820 5423 5339 2599 501 320 525 1072 1506 1622 1894 2092 2195 1879 2064 2399 3043 3260 3539 
2190 1946 1752 1576 825 912 811 622 680 486 363 150 0 229 548 683 1002 955 1154 1780 2016 4980 4896 4915 4723 4780 4622 4775 4937 5114 5175 4807 4162 3901 3498 3158 2923 2665 2425 2258 2108 1718 853 1099 1272 1647 1932 1880 2019 2168 2417 2681 2935 3309 3370 3359 3147 2889 2630 2369 2293 3545 3659 3522 3385 3181 3246 3373 3531 3572 3602 3636 3840 4103 4350 4329 4107 3937 3722 3498 3383 3136 2934 2537 1745 2110 4831 4848 4669 4353 4161 3808 3248 3292 3356 3357 3017 2900 2451 2618 2845 3027 3175 3389 3529 3717 3636 3975 4612 5232 5545 5959 6316 6640 6956 7129 6963 7127 7286 7534 7831 7940 8061 8085 7931 7994 8062 6592 6426 6311 6242 6210 6245 6252 6268 6316 6408 6954 7130 6934 6646 6323 5941 5543 5460 2664 551 267 377 932 1377 1505 1773 1960 2053 1730 1914 2248 2892 3109 3388 
2410 2170 1980 1805 1043 1077 970 729 699 470 440 328 229 0 326 454 775 770 982 1649 1875 5131 5056 5090 4900 4971 4818 4975 5136 5318 5384 5022 4382 4123 3723 3386 3152 2894 2654 2484 2330 1943 1081 1324 1493 1856 2129 2049 2146 2285 2519 2771 3010 3365 3417 3380 3160 2886 2637 2358 2275 3717 3848 3716 3583 3388 3460 3593 3756 3797 3831 3865 4069 4331 4576 4553 4328 4153 3933 3705 3591 3344 3143 2751 1970 2330 5035 5050 4873 4558 4366 4015 3460 3508 3576 3579 3243 3127 2679 2842 3063 3239 3380 3587 3724 3905 3817 4158 4790 5443 5755 6167 6522 6849 7161 7327 7158 7317 7473 7723 8015 8129 8255 8281 8131 8196 8268 6786 6615 6492 6416 6378 6401 6402 6412 6449 6527 7149 7329 7139 6855 6529 6149 5752 5667 2893 781 474 387 767 1182 1293 1566 1768 1886 1602 1835 2147 2788 2999 3276 
2687 2458 2281 2121 1369 1387 1277 1013 916 687 728 654 548 326 0 167 457 484 707 1415 1624 5418 5351 5397 5208 5287 5137 5297 5458 5642 5709 5348 4708 4449 4047 3706 3468 3200 2970 2807 2655 2267 1400 1619 1775 2113 2361 2236 2268 2389 2600 2830 3044 3369 3408 3333 3103 2810 2578 2277 2186 4021 4165 4034 3905 3713 3786 3919 4080 4121 4149 4179 4379 4632 4868 4835 4603 4416 4186 3950 3837 3593 3393 3013 2294 2656 5273 5284 5109 4796 4606 4259 3714 3772 3851 3860 3536 3424 2999 3167 3389 3565 3704 3909 4042 4221 4128 4470 5099 5769 6080 6492 6846 7175 7484 7647 7477 7633 7787 8038 8327 8444 8572 8601 8453 8519 8592 7104 6930 6802 6721 6678 6691 6687 6691 6717 6782 7468 7650 7463 7181 6854 6474 6077 5992 3203 1094 761 513 517 873 968 1244 1458 1603 1373 1669 1944 2575 2778 3049 
2846 2613 2431 2260 1488 1465 1354 1072 934 719 800 770 683 454 167 0 326 501 722 1446 1638 5459 5400 5460 5274 5366 5221 5387 5547 5737 5809 5457 4825 4569 4174 3839 3606 3347 3108 2937 2777 2395 1536 1771 1932 2276 2527 2404 2430 2549 2755 2980 3188 3504 3538 3450 3217 2918 2692 2384 2292 4084 4245 4119 3994 3813 3894 4035 4205 4248 4285 4320 4523 4782 5023 4993 4763 4579 4351 4115 4003 3758 3558 3176 2422 2775 5440 5450 5276 4963 4772 4425 3878 3935 4012 4019 3690 3576 3133 3291 3504 3671 3801 3998 4127 4299 4199 4542 5166 5873 6180 6590 6942 7275 7578 7733 7559 7710 7860 8114 8397 8519 8652 8684 8540 8610 8687 7185 7005 6870 6783 6733 6734 6725 6723 6740 6794 7550 7736 7557 7280 6949 6572 6177 6090 3348 1235 914 681 569 834 886 1168 1407 1587 1410 1742 1991 2612 2808 3074 
3135 2910 2738 2578 1813 1785 1674 1386 1223 1023 1121 1095 1002 775 457 326 0 434 597 1299 1456 5748 5697 5767 5583 5683 5540 5708 5868 6060 6134 5782 5151 4894 4498 4161 3925 3657 3426 3259 3102 2718 1855 2075 2227 2552 2784 2628 2603 2706 2888 3092 3275 3559 3580 3457 3218 2904 2699 2376 2279 4391 4562 4438 4316 4138 4220 4361 4529 4571 4605 4636 4836 5089 5321 5284 5048 4855 4618 4377 4265 4022 3825 3453 2745 3101 5692 5699 5528 5217 5027 4685 4148 4212 4297 4309 3990 3879 3454 3616 3830 3997 4125 4320 4447 4616 4512 4855 5476 6198 6505 6914 7266 7599 7900 8053 7877 8024 8173 8428 8708 8833 8969 9002 8861 8931 9010 7502 7320 7179 7088 7034 7025 7011 7004 7012 7052 7868 8056 7880 7605 7272 6896 6501 6414 3660 1551 1218 934 548 597 585 869 1132 1357 1273 1666 1861 2453 2635 2892 
2907 2708 2570 2457 1773 1847 1740 1490 1400 1172 1201 1088 955 770 484 501 434 0 224 944 1143 5896 5825 5860 5670 5735 5578 5730 5892 6067 6124 5748 5092 4824 4406 4047 3793 3490 3296 3162 3035 2633 1762 1907 2031 2304 2497 2298 2223 2313 2480 2673 2847 3126 3146 3025 2786 2474 2266 1945 1848 4487 4613 4477 4341 4134 4192 4305 4445 4478 4478 4490 4672 4899 5104 5049 4799 4588 4337 4086 3977 3739 3546 3197 2660 3043 5384 5385 5219 4911 4725 4391 3872 3952 4053 4076 3785 3686 3340 3535 3781 3974 4129 4345 4485 4671 4586 4926 5560 6178 6494 6910 7268 7589 7909 8084 7918 8082 8240 8488 8783 8894 9016 9040 8886 8948 9014 7547 7380 7261 7186 7148 7168 7166 7172 7201 7267 7909 8086 7887 7595 7276 6892 6493 6411 3504 1450 1092 728 120 424 600 838 1005 1121 908 1257 1491 2110 2307 2575 
3008 2823 2703 2611 1960 2057 1950 1707 1624 1395 1418 1293 1154 982 707 722 597 224 0 725 919 6113 6038 6068 5876 5933 5773 5921 6083 6253 6306 5922 5259 4988 4563 4196 3935 3619 3441 3320 3205 2798 1932 2047 2156 2398 2565 2334 2211 2285 2429 2602 2755 3009 3021 2877 2635 2316 2123 1794 1695 4696 4812 4674 4534 4320 4370 4475 4605 4634 4620 4624 4798 5011 5203 5137 4880 4657 4399 4142 4035 3802 3613 3279 2826 3216 5423 5421 5258 4954 4770 4443 3939 4028 4139 4168 3893 3800 3491 3698 3955 4155 4318 4538 4681 4871 4790 5129 5766 6356 6675 7093 7452 7770 8095 8276 8113 8281 8440 8687 8985 9093 9212 9234 9076 9136 9197 7743 7579 7465 7394 7359 7383 7383 7391 7422 7490 8104 8277 8072 7776 7460 7075 6675 6594 3637 1622 1264 885 224 288 527 707 823 904 691 1069 1278 1890 2085 2352 
3273 3138 3077 3054 2523 2692 2592 2377 2325 2093 2089 1929 1780 1649 1415 1446 1299 944 725 0 251 6760 6670 6672 6476 6500 6328 6457 6621 6771 6806 6396 5711 5429 4984 4595 4315 3957 3837 3763 3688 3274 2447 2467 2527 2664 2743 2427 2159 2174 2234 2330 2406 2569 2551 2339 2093 1759 1623 1288 1187 5310 5387 5238 5087 4846 4870 4941 5035 5052 4992 4968 5112 5277 5420 5320 5042 4787 4506 4234 4137 3923 3751 3476 3301 3709 5444 5429 5280 4992 4819 4519 4071 4189 4330 4379 4162 4090 3908 4151 4439 4665 4852 5091 5246 5450 5385 5719 6363 6842 7171 7594 7958 8259 8604 8810 8658 8841 9010 9249 9561 9655 9760 9771 9601 9650 9696 8292 8146 8052 7997 7976 8023 8031 8049 8094 8177 8649 8809 8580 8267 7966 7576 7174 7099 3991 2156 1817 1440 898 742 938 873 703 456 57 488 563 1165 1363 1634 
3513 3383 3326 3305 2770 2928 2827 2604 2539 2308 2315 2163 2016 1875 1624 1638 1456 1143 919 251 0 6996 6910 6916 6720 6748 6577 6707 6871 7022 7057 6647 5962 5680 5234 4844 4563 4203 4087 4014 3939 3525 2696 2718 2777 2907 2975 2650 2359 2361 2399 2470 2518 2642 2611 2366 2123 1786 1687 1362 1265 5553 5634 5486 5336 5097 5121 5192 5285 5301 5239 5213 5355 5515 5651 5547 5266 5006 4722 4448 4353 4143 3974 3708 3552 3960 5641 5623 5478 5194 5023 4730 4293 4414 4559 4611 4401 4332 4158 4402 4690 4915 5102 5340 5494 5696 5630 5965 6608 7093 7422 7845 8209 8511 8855 9060 8908 9090 9258 9498 9809 9904 10010 10021 9851 9901 9948 8542 8394 8299 8241 8218 8261 8268 8283 8324 8400 8899 9060 8831 8518 8217 7827 7425 7350 4238 2404 2062 1683 1112 868 1015 878 636 298 308 598 490 1000 1178 1438 
4598 4454 4274 4069 4276 4068 4169 4406 4526 4740 4695 4833 4980 5131 5418 5459 5748 5896 6113 6760 6996 0 294 763 859 1315 1495 1716 1702 1984 2215 2458 2706 2852 3132 3413 3633 4001 3757 3583 3467 3803 4410 4567 4636 4848 5106 5468 5949 6126 6408 6700 7018 7469 7590 7768 7631 7487 7207 7059 7016 1524 1713 1896 2084 2427 2595 2805 3045 3138 3501 3713 3923 4286 4679 4917 5015 5196 5299 5353 5291 5176 5089 4836 3783 3411 6129 6215 6057 5855 5737 5494 5115 4953 4776 4653 4333 4224 3621 3296 2948 2655 2369 2084 1893 1642 1568 1353 917 2388 2374 2499 2646 3022 3040 2931 2688 2672 2732 3018 3176 3383 3605 3710 3687 3827 4022 2348 2048 1736 1523 1372 1277 1271 1304 1447 1720 2680 2947 3039 3019 2642 2489 2337 2239 3906 4654 4960 5325 5898 6287 6334 6618 6866 7017 6709 6835 7199 7838 8063 8344 
4397 4265 4098 3909 4167 3984 4088 4337 4473 4681 4624 4750 4896 5056 5351 5400 5697 5825 6038 6670 6910 294 0 475 565 1021 1202 1422 1410 1696 1927 2163 2423 2578 2874 3169 3400 3778 3550 3391 3291 3642 4289 4424 4483 4675 4920 5290 5776 5952 6230 6519 6837 7288 7411 7600 7469 7336 7056 6920 6880 1377 1496 1679 1869 2209 2363 2558 2787 2877 3237 3449 3652 4010 4400 4641 4746 4933 5044 5107 5047 4941 4860 4620 3622 3238 5856 5943 5787 5590 5475 5239 4875 4709 4528 4403 4094 3990 3414 3087 2735 2440 2156 1868 1676 1423 1379 1125 630 2099 2098 2245 2415 2796 2845 2772 2537 2554 2637 2919 3113 3299 3503 3594 3550 3681 3861 2181 1896 1620 1447 1345 1357 1394 1469 1665 1974 2528 2787 2842 2794 2411 2234 2062 1962 3684 4544 4860 5231 5821 6223 6281 6565 6806 6943 6618 6726 7095 7731 7957 8238 
4203 4098 3957 3801 4149 4013 4121 4388 4548 4744 4669 4774 4915 5090 5397 5460 5767 5860 6068 6672 6916 763 475 0 206 565 772 965 939 1222 1452 1708 2032 2218 2559 2889 3143 3541 3350 3225 3160 3538 4250 4345 4383 4534 4754 5137 5631 5801 6072 6355 6671 7119 7247 7457 7339 7226 6948 6832 6799 1376 1329 1504 1687 2011 2125 2277 2470 2552 2903 3110 3295 3635 4016 4264 4388 4593 4725 4807 4755 4666 4601 4393 3515 3114 5484 5574 5424 5242 5136 4918 4589 4415 4225 4099 3818 3726 3218 2890 2533 2240 1970 1685 1499 1259 1288 965 320 1625 1628 1798 1997 2383 2478 2462 2240 2312 2431 2702 2948 3098 3271 3340 3262 3378 3536 1869 1618 1418 1326 1317 1493 1589 1719 1986 2346 2232 2473 2472 2382 1995 1786 1592 1491 3449 4522 4854 5233 5847 6269 6346 6629 6855 6969 6618 6692 7070 7698 7926 8207 
3998 3892 3751 3596 3952 3823 3931 4201 4367 4560 4481 4583 4723 4900 5208 5274 5583 5670 5876 6476 6720 859 565 206 0 468 636 865 873 1174 1401 1601 1870 2042 2370 2693 2943 3339 3145 3018 2954 3333 4050 4141 4178 4327 4548 4931 5425 5595 5866 6149 6465 6914 7041 7251 7133 7020 6742 6628 6595 1193 1124 1298 1481 1805 1922 2080 2281 2365 2719 2928 3119 3467 3853 4097 4214 4413 4538 4616 4562 4470 4402 4191 3310 2908 5316 5405 5252 5064 4955 4732 4395 4223 4035 3908 3622 3527 3013 2685 2328 2034 1764 1479 1293 1054 1090 762 114 1571 1618 1834 2064 2451 2580 2593 2380 2471 2600 2866 3126 3266 3429 3490 3400 3508 3655 2004 1770 1596 1521 1521 1696 1787 1910 2163 2508 2371 2603 2570 2451 2064 1820 1585 1480 3247 4324 4658 5038 5655 6080 6160 6443 6667 6776 6422 6492 6871 7497 7726 8007 
3836 3761 3652 3535 3982 3902 4012 4296 4484 4663 4566 4646 4780 4971 5287 5366 5683 5735 5933 6500 6748 1315 1021 565 468 0 233 401 408 714 937 1144 1498 1709 2090 2451 2723 3138 2990 2905 2881 3281 4055 4103 4117 4221 4411 4806 5303 5468 5730 6004 6316 6761 6893 7123 7020 6928 6652 6560 6534 1371 1122 1262 1416 1695 1756 1852 2001 2073 2410 2610 2777 3103 3475 3727 3865 4084 4232 4331 4286 4214 4165 3991 3256 2844 4949 5041 4895 4723 4626 4424 4127 3948 3750 3622 3371 3291 2865 2543 2191 1911 1672 1413 1254 1067 1188 850 461 1106 1182 1449 1725 2106 2297 2382 2196 2347 2509 2753 3061 3159 3285 3321 3195 3283 3400 1820 1646 1575 1587 1667 1949 2075 2230 2524 2901 2187 2388 2283 2107 1727 1434 1152 1045 3050 4344 4690 5074 5710 6153 6251 6530 6739 6824 6445 6482 6866 7482 7711 7991 
3617 3549 3447 3341 3817 3755 3866 4155 4351 4524 4420 4492 4622 4818 5137 5221 5540 5578 5773 6328 6577 1495 1202 772 636 233 0 269 370 661 858 971 1269 1476 1857 2221 2496 2913 2774 2699 2687 3090 3881 3915 3922 4013 4197 4593 5091 5254 5514 5786 6097 6541 6674 6908 6808 6721 6446 6360 6336 1303 983 1102 1241 1499 1544 1626 1768 1840 2176 2377 2545 2874 3249 3500 3635 3851 3998 4097 4053 3982 3934 3765 3065 2652 4722 4813 4666 4492 4393 4191 3894 3714 3517 3389 3140 3061 2651 2331 1983 1708 1482 1237 1094 938 1091 776 592 1016 1159 1480 1788 2159 2390 2513 2340 2513 2686 2920 3243 3326 3438 3463 3322 3399 3500 1969 1821 1779 1808 1897 2183 2307 2460 2748 3117 2331 2516 2373 2162 1792 1464 1135 1028 2825 4174 4524 4907 5550 5998 6103 6381 6583 6660 6272 6298 6684 7296 7525 7804 
3653 3605 3523 3441 3960 3923 4034 4327 4532 4698 4587 4647 4775 4975 5297 5387 5708 5730 5921 6457 6707 1716 1422 965 865 401 269 0 165 401 588 743 1166 1409 1830 2217 2504 2928 2822 2775 2788 3198 4011 4022 4016 4080 4244 4645 5143 5301 5554 5820 6128 6568 6703 6950 6858 6784 6512 6439 6419 1547 1184 1277 1392 1610 1616 1649 1743 1802 2116 2307 2451 2757 3117 3375 3528 3761 3925 4041 4004 3949 3915 3773 3172 2758 4596 4688 4548 4389 4300 4115 3852 3668 3465 3336 3116 3050 2706 2396 2059 1802 1605 1388 1269 1149 1321 1025 839 746 902 1248 1575 1935 2195 2355 2201 2402 2590 2808 3152 3212 3303 3315 3156 3223 3308 1840 1731 1747 1820 1945 2278 2420 2588 2898 3286 2192 2356 2176 1939 1580 1231 881 776 2845 4311 4664 5048 5697 6152 6265 6541 6735 6800 6401 6408 6796 7401 7631 7908 
3813 3767 3687 3606 4123 4082 4194 4486 4689 4856 4747 4809 4937 5136 5458 5547 5868 5892 6083 6621 6871 1702 1410 939 873 408 370 165 0 307 528 797 1295 1549 1980 2371 2660 3085 2984 2939 2953 3363 4176 4187 4181 4244 4405 4806 5305 5462 5714 5979 6286 6726 6861 7110 7019 6946 6675 6603 6583 1673 1332 1433 1553 1775 1780 1809 1894 1949 2255 2442 2577 2870 3222 3483 3645 3885 4056 4178 4143 4093 4063 3928 3337 2923 4702 4795 4658 4506 4422 4245 3994 3808 3603 3475 3264 3201 2868 2560 2224 1967 1769 1548 1424 1292 1456 1146 869 698 794 1111 1426 1793 2040 2192 2036 2237 2426 2643 2988 3047 3139 3151 2995 3063 3152 1675 1568 1595 1681 1819 2172 2322 2498 2820 3220 2027 2193 2022 1796 1431 1094 768 661 3002 4474 4827 5211 5859 6314 6426 6702 6897 6963 6565 6573 6962 7566 7796 8073 
3871 3848 3789 3733 4294 4278 4389 4685 4897 5057 4939 4990 5114 5318 5642 5737 6060 6067 6253 6771 7022 1984 1696 1222 1174 714 661 401 307 0 231 632 1260 1541 1997 2403 2701 3128 3063 3047 3086 3499 4332 4319 4299 4333 4472 4877 5373 5526 5769 6026 6329 6763 6901 7163 7082 7023 6756 6698 6683 1949 1573 1652 1750 1933 1902 1883 1916 1956 2230 2402 2506 2767 3097 3363 3546 3803 3992 4133 4106 4075 4059 3956 3472 3062 4573 4668 4539 4405 4332 4178 3967 3777 3567 3439 3264 3214 2955 2660 2341 2106 1938 1746 1644 1542 1720 1426 1175 403 500 862 1205 1551 1842 2046 1917 2154 2359 2553 2922 2950 3014 3008 2829 2882 2950 1578 1530 1632 1767 1941 2336 2500 2690 3030 3444 1909 2043 1820 1556 1212 844 480 375 3050 4636 4992 5375 6029 6490 6611 6884 7071 7124 6714 6703 7093 7689 7918 8193 
3840 3834 3793 3756 4351 4357 4467 4767 4986 5138 5014 5055 5175 5384 5709 5809 6134 6124 6306 6806 7057 2215 1927 1452 1401 937 858 588 528 231 0 500 1193 1484 1951 2363 2664 3089 3052 3059 3117 3531 4378 4344 4314 4324 4446 4852 5346 5494 5731 5982 6281 6710 6850 7121 7048 7000 6735 6689 6677 2114 1709 1769 1847 1996 1937 1881 1875 1903 2149 2308 2391 2627 2942 3210 3406 3672 3874 4027 4006 3987 3983 3902 3504 3098 4411 4507 4383 4261 4196 4057 3873 3682 3469 3343 3192 3153 2952 2670 2366 2150 2009 1843 1760 1686 1876 1601 1398 172 371 788 1152 1465 1800 2049 1947 2209 2424 2598 2982 2987 3027 3006 2809 2847 2892 1632 1628 1773 1933 2124 2535 2704 2899 3244 3663 1939 2044 1775 1471 1161 770 369 297 3016 4685 5042 5424 6082 6549 6677 6948 7127 7168 6749 6721 7112 7700 7929 8203 
3368 3377 3353 3341 3981 4023 4132 4435 4667 4805 4670 4694 4807 5022 5348 5457 5782 5748 5922 6396 6647 2458 2163 1708 1601 1144 971 743 797 632 500 0 712 1007 1476 1890 2192 2614 2602 2634 2718 3129 3990 3929 3886 3871 3977 4383 4875 5019 5251 5498 5794 6221 6361 6638 6569 6529 6267 6231 6222 2018 1553 1561 1592 1666 1562 1455 1405 1424 1653 1808 1891 2138 2465 2731 2917 3178 3375 3526 3505 3487 3486 3415 3102 2706 3941 4036 3907 3775 3705 3559 3373 3181 2968 2842 2698 2663 2509 2245 1967 1786 1695 1587 1553 1551 1762 1558 1563 463 808 1231 1599 1868 2243 2526 2437 2706 2923 3092 3479 3477 3505 3474 3263 3287 3309 2130 2128 2258 2399 2571 2953 3110 3291 3617 4017 2429 2519 2216 1876 1610 1214 823 781 2545 4300 4659 5037 5700 6173 6313 6579 6745 6771 6339 6292 6683 7262 7491 7762 
2656 2667 2653 2659 3339 3420 3527 3831 4076 4197 4051 4056 4162 4382 4708 4825 5151 5092 5259 5711 5962 2706 2423 2032 1870 1498 1269 1166 1295 1260 1193 712 0 294 764 1178 1479 1902 1897 1948 2056 2460 3330 3245 3191 3162 3264 3671 4162 4307 4540 4789 5088 5517 5657 5929 5858 5817 5555 5520 5512 1829 1334 1258 1205 1144 972 789 694 712 970 1149 1286 1605 1983 2231 2368 2595 2761 2885 2853 2815 2799 2709 2433 2052 3453 3543 3397 3227 3135 2950 2709 2521 2313 2185 2005 1961 1810 1563 1320 1196 1195 1200 1252 1366 1576 1509 1793 1176 1521 1944 2312 2572 2955 3236 3140 3399 3611 3790 4171 4180 4215 4186 3976 3997 4012 2822 2791 2875 2976 3111 3438 3571 3728 4016 4377 3132 3229 2927 2580 2322 1927 1534 1485 1832 3642 4000 4374 5038 5516 5666 5927 6082 6094 5654 5593 5985 6558 6786 7056 
2361 2374 2365 2382 3081 3183 3288 3592 3842 3955 3803 3799 3901 4123 4449 4569 4894 4824 4988 5429 5680 2852 2578 2218 2042 1709 1476 1409 1549 1541 1484 1007 294 0 469 883 1185 1608 1606 1670 1793 2191 3063 2965 2906 2869 2970 3376 3868 4013 4247 4497 4797 5228 5366 5636 5565 5522 5260 5226 5218 1824 1345 1233 1138 997 788 547 401 419 706 902 1077 1433 1831 2064 2171 2377 2523 2632 2594 2545 2521 2419 2164 1793 3277 3365 3210 3023 2919 2715 2444 2259 2055 1927 1724 1673 1523 1289 1076 999 1060 1134 1229 1390 1586 1583 1955 1470 1815 2239 2606 2865 3249 3530 3431 3687 3897 4080 4458 4471 4509 4480 4270 4292 4305 3110 3071 3141 3229 3351 3658 3783 3931 4203 4548 3423 3523 3221 2873 2617 2221 1828 1777 1538 3375 3732 4103 4768 5248 5403 5661 5811 5816 5372 5305 5696 6267 6495 6765 
1891 1907 1910 1951 2688 2829 2930 3231 3491 3586 3426 3404 3498 3723 4047 4174 4498 4406 4563 4984 5234 3132 2874 2559 2370 2090 1857 1830 1980 1997 1951 1476 764 469 0 413 715 1138 1149 1244 1401 1780 2651 2526 2457 2403 2500 2906 3398 3543 3779 4032 4333 4766 4904 5170 5096 5052 4790 4757 4751 1918 1491 1337 1188 926 683 382 89 74 389 600 851 1254 1665 1860 1907 2065 2170 2247 2198 2125 2084 1958 1753 1413 3032 3114 2947 2728 2605 2365 2037 1859 1666 1539 1286 1221 1076 883 766 819 1001 1185 1336 1551 1713 1800 2272 1940 2285 2708 3076 3332 3719 3999 3898 4149 4357 4544 4919 4937 4978 4950 4740 4760 4771 3572 3523 3575 3647 3753 4032 4144 4278 4528 4848 3890 3993 3691 3340 3087 2691 2298 2246 1068 2962 3317 3681 4345 4828 4991 5244 5384 5377 4926 4848 5239 5805 6032 6301 
1478 1498 1517 1590 2364 2548 2643 2939 3205 3283 3113 3073 3158 3386 3706 3839 4161 4047 4196 4595 4844 3413 3169 2889 2693 2451 2221 2217 2371 2403 2363 1890 1178 883 413 0 301 726 758 905 1107 1448 2305 2151 2068 1995 2086 2493 2984 3130 3368 3623 3925 4361 4498 4760 4684 4639 4376 4345 4339 2085 1718 1545 1370 1049 833 613 488 470 459 572 842 1232 1622 1768 1748 1848 1903 1941 1878 1777 1715 1557 1422 1134 2864 2938 2761 2514 2372 2097 1705 1540 1367 1246 928 840 708 607 670 864 1122 1369 1546 1785 1915 2061 2589 2354 2698 3122 3490 3744 4132 4412 4309 4557 4763 4954 5325 5347 5391 5364 5154 5174 5182 3980 3924 3964 4024 4118 4376 4478 4602 4833 5133 4301 4406 4104 3752 3500 3105 2711 2658 654 2614 2963 3319 3981 4466 4638 4885 5014 4996 4538 4447 4838 5398 5625 5893 
1176 1202 1240 1346 2148 2369 2458 2746 3017 3078 2902 2846 2923 3152 3468 3606 3925 3793 3935 4315 4563 3633 3400 3143 2943 2723 2496 2504 2660 2701 2664 2192 1479 1185 715 301 0 426 498 710 951 1237 2070 1888 1793 1698 1785 2191 2683 2829 3068 3325 3629 4066 4203 4461 4384 4337 4075 4044 4039 2248 1923 1744 1560 1222 1038 871 789 770 685 720 955 1300 1656 1759 1687 1734 1745 1745 1671 1543 1461 1270 1213 993 2774 2841 2658 2391 2235 1933 1489 1340 1192 1083 706 590 487 534 751 1009 1290 1559 1745 1993 2103 2280 2836 2655 3000 3424 3791 4044 4434 4713 4609 4856 5060 5253 5623 5647 5692 5665 5455 5475 5482 4279 4218 4251 4303 4390 4634 4730 4847 5066 5352 4601 4707 4406 4053 3802 3406 3013 2959 353 2373 2717 3065 3723 4208 4387 4629 4750 4721 4258 4157 4547 5103 5330 5596 
755 819 921 1111 1942 2224 2300 2570 2845 2876 2690 2605 2665 2894 3200 3347 3657 3490 3619 3957 4203 4001 3778 3541 3339 3138 2913 2928 3085 3128 3089 2614 1902 1608 1138 726 426 0 375 673 938 1084 1827 1587 1462 1308 1366 1771 2260 2405 2642 2898 3203 3641 3777 4035 3958 3915 3655 3632 3630 2567 2287 2104 1916 1574 1418 1286 1214 1190 1045 1011 1182 1443 1729 1768 1625 1591 1529 1469 1379 1211 1096 854 1066 998 2633 2689 2501 2210 2037 1704 1190 1076 984 907 479 325 480 740 1060 1347 1634 1916 2107 2359 2447 2653 3230 3078 3423 3846 4213 4460 4854 5137 5035 5282 5487 5679 6049 6073 6116 6088 5876 5893 5895 4706 4645 4674 4721 4802 5034 5125 5234 5441 5712 5027 5131 4826 4469 4224 3829 3436 3384 95 2113 2439 2766 3413 3898 4089 4321 4423 4374 3900 3775 4163 4707 4932 5196 
852 784 761 848 1658 1901 1985 2266 2540 2591 2412 2350 2425 2654 2970 3108 3426 3296 3441 3837 4087 3757 3550 3350 3145 2990 2774 2822 2984 3063 3052 2602 1897 1606 1149 758 498 375 0 298 563 757 1573 1394 1310 1271 1423 1822 2321 2481 2740 3014 3328 3774 3905 4134 4037 3963 3693 3636 3624 2284 2054 1870 1681 1344 1234 1180 1206 1215 1182 1213 1431 1743 2062 2122 1993 1966 1900 1826 1730 1543 1404 1088 735 623 3009 3064 2876 2584 2408 2071 1540 1440 1358 1282 854 701 137 462 818 1113 1394 1682 1874 2127 2190 2427 3033 3062 3403 3829 4197 4469 4843 5100 4981 5211 5407 5613 5970 6013 6074 6058 5860 5889 5909 4638 4553 4551 4577 4638 4840 4919 5016 5204 5455 4972 5096 4816 4477 4207 3811 3412 3350 310 1875 2218 2568 3227 3713 3889 4133 4257 4237 3780 3699 4090 4661 4889 5159 
1023 875 749 711 1459 1659 1749 2040 2310 2379 2208 2169 2258 2484 2807 2937 3259 3162 3320 3763 4014 3583 3391 3225 3018 2905 2699 2775 2939 3047 3059 2634 1948 1670 1244 905 710 673 298 0 266 542 1407 1296 1254 1316 1531 1912 2407 2576 2848 3133 3450 3900 4025 4232 4120 4023 3748 3664 3644 2082 1905 1724 1538 1217 1159 1180 1284 1317 1359 1426 1665 2001 2336 2408 2287 2264 2195 2112 2014 1818 1668 1319 516 325 3307 3361 3173 2880 2704 2364 1824 1732 1655 1580 1152 999 227 390 716 994 1254 1540 1729 1977 2015 2279 2905 3085 3419 3844 4211 4501 4859 5093 4961 5176 5365 5582 5926 5984 6060 6055 5867 5906 5941 4609 4504 4478 4484 4529 4705 4773 4860 5030 5264 4952 5090 4833 4509 4220 3826 3425 3355 606 1718 2072 2437 3102 3584 3747 4000 4142 4146 3706 3662 4053 4642 4872 5146 
1198 1003 807 654 1289 1441 1537 1835 2100 2186 2024 2007 2108 2330 2655 2777 3102 3035 3205 3688 3939 3467 3291 3160 2954 2881 2687 2788 2953 3086 3117 2718 2056 1793 1401 1107 951 938 563 266 0 413 1274 1234 1235 1383 1643 2001 2485 2661 2941 3233 3551 4002 4123 4309 4183 4066 3788 3681 3653 1948 1830 1656 1479 1187 1183 1269 1428 1476 1566 1654 1903 2251 2594 2671 2554 2529 2454 2363 2262 2059 1900 1530 386 67 3571 3625 3436 3141 2963 2621 2073 1989 1918 1845 1417 1264 485 518 752 985 1209 1481 1662 1901 1912 2199 2839 3157 3483 3905 4269 4574 4916 5130 4987 5188 5369 5595 5929 6000 6089 6092 5915 5962 6009 4628 4505 4456 4445 4474 4624 4682 4757 4910 5126 4978 5128 4892 4581 4278 3887 3486 3410 872 1585 1944 2320 2984 3460 3610 3870 4029 4054 3631 3620 4009 4613 4843 5121 
1055 797 531 266 916 1145 1227 1510 1782 1841 1667 1627 1718 1943 2267 2395 2718 2633 2798 3274 3525 3803 3642 3538 3333 3281 3090 3198 3363 3499 3531 3129 2460 2191 1780 1448 1237 1084 757 542 413 0 872 824 845 1065 1370 1688 2154 2334 2621 2918 3236 3685 3800 3965 3828 3695 3415 3294 3262 2278 2210 2041 1869 1592 1597 1677 1815 1853 1900 1957 2186 2500 2810 2852 2695 2622 2500 2365 2256 2029 1847 1437 27 439 3641 3686 3496 3190 3003 2648 2074 2027 1999 1950 1536 1389 751 902 1165 1396 1609 1872 2047 2279 2270 2573 3218 3570 3897 4319 4683 4987 5329 5542 5398 5596 5776 6003 6334 6409 6500 6504 6328 6376 6422 5038 4911 4854 4835 4855 4987 5036 5102 5237 5431 5389 5541 5305 4994 4691 4301 3899 3824 1049 1184 1541 1913 2578 3056 3213 3470 3622 3642 3218 3210 3598 4206 4435 4713 
1443 1172 936 725 226 652 655 822 1086 1067 875 779 853 1081 1400 1536 1855 1762 1932 2447 2696 4410 4289 4250 4050 4055 3881 4011 4176 4332 4378 3990 3330 3063 2651 2305 2070 1827 1573 1407 1274 872 0 385 588 1023 1369 1490 1823 2003 2291 2588 2888 3316 3409 3496 3322 3130 2851 2667 2616 2913 2947 2794 2641 2402 2440 2543 2687 2724 2749 2785 2993 3269 3535 3534 3331 3191 3005 2808 2693 2446 2244 1824 899 1284 4141 4169 3984 3668 3475 3115 2538 2551 2588 2573 2206 2080 1598 1775 2022 2228 2406 2644 2801 3011 2961 3289 3936 4425 4746 5166 5527 5840 6171 6366 6211 6394 6564 6802 7117 7208 7313 7326 7160 7215 7270 5845 5699 5613 5569 5563 5646 5674 5714 5805 5947 6202 6366 6148 5846 5535 5147 4747 4668 1820 312 670 1047 1710 2186 2341 2598 2755 2792 2391 2443 2820 3449 3676 3957 
1100 848 665 588 606 1030 1040 1197 1452 1405 1209 1066 1099 1324 1619 1771 2075 1907 2047 2467 2718 4567 4424 4345 4141 4103 3915 4022 4187 4319 4344 3929 3245 2965 2526 2151 1888 1587 1394 1296 1234 824 385 0 204 638 984 1127 1502 1685 1976 2277 2585 3023 3125 3244 3085 2923 2642 2495 2457 3049 3022 2857 2689 2416 2416 2474 2574 2596 2573 2583 2769 3014 3252 3231 3012 2854 2654 2447 2331 2083 1881 1467 850 1264 3782 3807 3624 3307 3114 2756 2183 2210 2263 2259 1919 1805 1450 1684 1979 2220 2432 2692 2863 3090 3066 3379 4027 4377 4708 5132 5497 5794 6144 6364 6221 6421 6600 6828 7158 7233 7324 7326 7147 7191 7232 5862 5735 5675 5650 5663 5777 5817 5871 5984 6151 6213 6362 6120 5801 5506 5114 4712 4639 1598 566 857 1180 1834 2320 2504 2742 2863 2851 2410 2386 2774 3381 3610 3889 
917 682 552 583 806 1228 1241 1401 1655 1602 1406 1252 1272 1493 1775 1932 2227 2031 2156 2527 2777 4636 4483 4383 4178 4117 3922 4016 4181 4299 4314 3886 3191 2906 2457 2068 1793 1462 1310 1254 1235 845 588 204 0 434 784 956 1364 1548 1839 2140 2453 2897 3004 3143 2996 2853 2572 2450 2419 3113 3054 2884 2711 2422 2402 2434 2509 2524 2475 2469 2642 2869 3093 3061 2835 2667 2461 2249 2134 1886 1683 1273 867 1274 3585 3608 3426 3109 2917 2559 1989 2022 2084 2087 1763 1656 1383 1644 1959 2216 2445 2713 2891 3124 3114 3418 4063 4339 4674 5099 5466 5754 6113 6345 6210 6418 6602 6825 7162 7229 7311 7308 7122 7161 7194 5855 5738 5692 5678 5700 5830 5877 5938 6064 6243 6201 6343 6088 5761 5475 5081 4679 4610 1483 757 1020 1313 1951 2436 2631 2859 2963 2928 2470 2407 2798 3389 3618 3894 
613 496 577 809 1240 1660 1676 1832 2081 2015 1819 1648 1647 1856 2113 2276 2552 2304 2398 2664 2907 4848 4675 4534 4327 4221 4013 4080 4244 4333 4324 3871 3162 2869 2403 1995 1698 1308 1271 1316 1383 1065 1023 638 434 0 354 623 1101 1278 1560 1856 2174 2624 2742 2926 2806 2707 2433 2365 2352 3326 3207 3029 2847 2532 2470 2449 2468 2464 2353 2311 2448 2624 2805 2744 2498 2303 2076 1850 1735 1488 1286 901 1080 1437 3184 3202 3023 2707 2514 2160 1603 1660 1750 1772 1505 1426 1377 1684 2030 2311 2567 2849 3034 3279 3296 3579 4213 4331 4673 5099 5467 5734 6113 6371 6250 6477 6669 6880 7232 7281 7345 7330 7131 7158 7174 5905 5811 5793 5801 5842 6005 6065 6141 6289 6493 6242 6367 6086 5742 5477 5081 4683 4621 1355 1169 1383 1618 2210 2685 2900 3106 3173 3092 2607 2466 2855 3404 3631 3898 
610 656 847 1128 1590 2012 2024 2168 2410 2328 2135 1950 1932 2129 2361 2527 2784 2497 2565 2743 2975 5106 4920 4754 4548 4411 4197 4244 4405 4472 4446 3977 3264 2970 2500 2086 1785 1366 1423 1531 1643 1370 1369 984 784 354 0 406 901 1057 1319 1601 1918 2368 2493 2711 2614 2553 2290 2270 2272 3592 3437 3256 3069 2743 2655 2596 2572 2555 2395 2322 2422 2546 2677 2586 2319 2092 1840 1593 1482 1242 1049 733 1382 1703 2912 2923 2748 2435 2245 1901 1375 1465 1590 1636 1446 1402 1546 1870 2225 2515 2784 3071 3260 3509 3543 3810 4435 4440 4785 5209 5577 5826 6219 6496 6387 6625 6824 7025 7388 7423 7474 7450 7240 7259 7261 6050 5973 5975 5998 6053 6237 6305 6389 6551 6770 6379 6490 6191 5835 5587 5192 4797 4742 1432 1490 1665 1852 2394 2853 3082 3267 3304 3187 2688 2486 2865 3372 3594 3852 
1016 1044 1193 1429 1716 2142 2134 2225 2441 2323 2139 1929 1880 2049 2236 2404 2628 2298 2334 2427 2650 5468 5290 5137 4931 4806 4593 4645 4806 4877 4852 4383 3671 3376 2906 2493 2191 1771 1822 1912 2001 1688 1490 1127 956 623 406 0 498 664 940 1233 1551 2002 2122 2320 2214 2147 1883 1869 1875 3947 3815 3635 3450 3129 3049 2999 2979 2961 2797 2718 2807 2908 3010 2897 2615 2361 2085 1819 1717 1496 1324 1087 1703 2056 3089 3088 2924 2620 2436 2114 1644 1764 1915 1976 1828 1795 1942 2263 2616 2903 3167 3452 3640 3887 3911 4187 4817 4847 5191 5615 5983 6232 6625 6902 6792 7029 7227 7430 7791 7827 7880 7856 7647 7665 7666 6455 6375 6372 6391 6441 6615 6679 6757 6910 7116 6784 6897 6597 6241 5994 5598 5204 5148 1838 1529 1618 1723 2186 2619 2860 3020 3027 2879 2374 2133 2503 2988 3208 3461 
1506 1542 1678 1890 2044 2457 2429 2467 2648 2495 2329 2100 2019 2146 2268 2430 2603 2223 2211 2159 2359 5949 5776 5631 5425 5303 5091 5143 5305 5373 5346 4875 4162 3868 3398 2984 2683 2260 2321 2407 2485 2154 1823 1502 1364 1101 901 498 0 183 475 776 1089 1535 1647 1826 1716 1654 1396 1413 1433 4426 4306 4127 3943 3624 3547 3497 3471 3451 3275 3186 3258 3327 3392 3253 2959 2678 2384 2106 2018 1827 1683 1526 2171 2538 3285 3270 3121 2835 2664 2377 1983 2129 2303 2380 2281 2262 2440 2760 3113 3399 3661 3945 4132 4378 4397 4678 5310 5338 5683 6106 6474 6718 7114 7396 7288 7526 7725 7927 8288 8324 8374 8348 8137 8153 8150 6951 6873 6871 6888 6936 7106 7167 7242 7388 7585 7279 7390 7086 6727 6484 6089 5696 5642 2330 1787 1780 1777 2104 2481 2734 2853 2812 2615 2110 1797 2140 2570 2783 3026 
