6
222
48 0 1 2 3 4 5 6 7 8 9 10 11 12 13 14 15 16 17 18 19 20 21 22 23 24 25 26 27 28 29 30 31 32 33 34 35 36 37 38 39 40 41 42 43 44 45 46 47
47 48 49 50 51 52 53 54 55 56 57 11 12 13 14 15 16 17 18 19 20 21 22 23 24 25 26 27 28 29 30 31 32 33 34 35 36 37 38 39 40 41 42 43 44 45 46 47
29 58 59 60 61 62 63 64 65 66 41 42 67 68 69 70 71 72 73 74 75 76 77 78 79 80 81 82 83 84
41 85 86 87 88 89 90 91 92 93 94 95 96 97 98 99 100 34 35 36 37 101 102 103 104 105 106 107 108 109 110 111 112 113 114 115 116 117 118 119 120 121
70 122 123 124 125 126 127 128 129 130 131 0 132 133 134 135 136 137 138 139 118 119 16 17 18 140 141 142 143 144 145 146 147 26 27 28 29 30 31 32 33 148 149 150 151 152 153 154 155 156 157 158 159 160 161 162 163 164 165 166 167 168 169 170 171 172 173 174 175 176 177
71 178 179 180 181 182 183 184 185 186 187 188 189 190 191 192 193 194 195 196 197 198 199 200 201 116 117 202 203 204 205 17 18 206 140 141 142 143 207 147 26 27 28 208 209 210 211 212 213 98 99 100 148 149 150 151 152 65 66 41 42 67 68 214 215 216 217 46 218 219 220 221
1800 1800 1800 1800 2400 3600 
0 315 540 814 887 1018 1240 1589 1314 1542 1438 1389 1106 1148 1441 1752 2135 2535 2616 2961 3190 3419 3502 3798 4319 4604 4501 4602 4712 4908 5066 5296 5600 5851 5930 5930 5939 5970 6085 6284 6463 6562 6555 6489 6513 6515 6524 6489 4469 4056 3672 3410 3281 2852 2601 2359 1998 1702 6002 6433 6658 6684 6691 6660 6665 6653 6598 6338 6117 5719 5452 5199 5039 5024 4961 4841 4694 4720 4783 4840 4888 4708 4594 4458 4788 5655 5739 6029 6152 6216 6467 6573 6515 6463 6453 6449 6481 6208 6057 5988 5954 5887 5565 5307 5077 4881 4707 4415 4275 4148 4017 3748 3499 3271 3068 2707 2551 2448 1941 2001 1762 1454 966 1411 952 879 598 808 895 762 519 328 844 821 1017 970 757 798 1328 1588 2904 3317 3964 4042 4118 4192 4330 4289 5931 5931 6177 6327 6530 7184 7265 7670 8153 8035 8059 8103 7833 7845 8068 8427 8725 8830 8902 9156 9370 9579 9956 10152 10486 10485 10468 10465 10592 10803 4217 4064 3907 3799 3557 3315 3136 3273 3053 2838 2858 2652 2280 2225 2169 2014 1891 1655 1527 1755 1916 2082 2230 2240 2486 2657 2490 2447 2651 4170 4930 5219 5457 5706 5892 6019 5820 5773 6156 6452 6588 6621 6082 5690 
315 0 225 499 606 709 926 1274 1013 1255 1185 1176 917 1080 1433 1693 2087 2489 2560 2883 3092 3325 3389 3646 4193 4481 4393 4505 4625 4834 5008 5250 5565 5828 5928 5947 5967 6015 6135 6335 6515 6622 6622 6570 6607 6620 6643 6615 4182 3773 3395 3138 3012 2599 2359 2128 1791 1515 5949 6384 6615 6660 6679 6663 6685 6693 6649 6412 6199 5806 5548 5288 5106 5071 4986 4852 4687 4701 4742 4784 4819 4621 4497 4347 4652 5514 5609 5906 6029 6082 6327 6439 6390 6347 6349 6353 6396 6149 6009 5951 5935 5935 5619 5365 5139 4936 4768 4489 4338 4189 4046 3799 3572 3355 3127 2769 2602 2484 1972 1966 1689 1401 1000 1404 907 806 493 617 620 458 205 14 1160 1122 1281 1183 935 908 1385 1627 2855 3294 3949 4001 4054 4116 4244 4190 5934 5949 6200 6354 6561 7205 7265 7671 8159 8049 8080 8140 7874 7891 8115 8467 8762 8879 8959 9213 9427 9634 10010 10217 10552 10542 10518 10508 10618 10820 4527 4369 4205 4088 3839 3593 3404 3526 3298 3075 3074 2880 2491 2451 2420 2291 2135 1892 1734 1936 2072 2214 2326 2308 2493 2672 2504 2434 2558 4087 4853 5141 5380 5634 5823 5963 5908 5872 6264 6559 6715 6762 6222 5842 
540 225 0 279 453 505 706 1048 795 1047 1008 1035 808 1063 1446 1662 2058 2456 2520 2824 3017 3251 3301 3530 4093 4382 4306 4425 4551 4769 4954 5204 5527 5798 5914 5945 5973 6033 6157 6358 6538 6650 6656 6613 6660 6680 6713 6691 3969 3563 3189 2936 2812 2411 2181 1959 1644 1389 5898 6334 6570 6628 6656 6651 6684 6706 6671 6451 6243 5855 5603 5339 5142 5093 4992 4849 4671 4677 4701 4732 4758 4547 4416 4257 4544 5401 5503 5805 5927 5973 6212 6329 6286 6250 6260 6269 6320 6093 5960 5910 5907 5956 5644 5394 5172 4963 4801 4532 4373 4208 4058 3827 3616 3410 3165 2811 2638 2511 2002 1948 1648 1382 1103 1465 963 850 554 579 476 276 23 211 1385 1336 1471 1345 1086 1021 1445 1668 2817 3272 3929 3963 3999 4053 4172 4110 5922 5948 6203 6360 6568 7204 7250 7656 8146 8042 8079 8150 7887 7907 8132 8479 8771 8897 8983 9237 9450 9657 10031 10245 10582 10565 10535 10520 10619 10815 4743 4580 4412 4288 4033 3784 3588 3698 3465 3237 3222 3037 2638 2608 2595 2484 2306 2060 1885 2068 2186 2310 2396 2358 2498 2681 2514 2426 2490 4019 4786 5074 5312 5569 5760 5909 5958 5929 6328 6621 6791 6847 6309 5937 
814 499 279 0 300 241 427 780 586 864 899 992 833 1183 1586 1747 2138 2527 2581 2859 3030 3264 3294 3481 4066 4356 4296 4423 4558 4786 4985 5245 5576 5857 5991 6037 6073 6147 6275 6476 6656 6775 6786 6754 6812 6840 6883 6867 3751 3354 2990 2745 2626 2253 2043 1841 1569 1354 5930 6368 6608 6683 6721 6729 6776 6814 6789 6587 6386 6004 5759 5490 5278 5214 5094 4941 4749 4746 4749 4767 4781 4554 4415 4243 4504 5351 5464 5771 5893 5927 6159 6282 6248 6221 6242 6259 6320 6118 5996 5955 5968 6074 5766 5522 5304 5090 4934 4676 4510 4329 4170 3958 3766 3570 3310 2962 2784 2648 2147 2043 1722 1489 1206 1504 1020 902 662 568 332 149 302 486 1657 1615 1744 1606 1342 1256 1629 1830 2878 3350 4005 4018 4032 4074 4184 4109 6002 6041 6299 6459 6670 7295 7324 7730 8223 8125 8170 8253 7993 8018 8243 8583 8872 9009 9100 9353 9566 9772 10144 10366 10705 10680 10645 10624 10709 10897 5022 4859 4690 4564 4305 4055 3856 3958 3723 3492 3466 3289 2883 2860 2859 2758 2568 2320 2135 2303 2407 2515 2577 2521 2613 2799 2634 2526 2517 4034 4801 5087 5324 5584 5777 5938 6106 6085 6491 6783 6967 7032 6496 6132 
887 606 453 300 0 232 481 861 803 1090 1173 1285 1133 1470 1868 2044 2436 2826 2881 3158 3328 3561 3589 3763 4354 4644 4588 4717 4854 5084 5284 5544 5876 6158 6290 6334 6370 6441 6568 6769 6949 7066 7075 7040 7093 7117 7156 7136 3896 3513 3164 2932 2819 2475 2283 2096 1847 1646 6229 6667 6908 6983 7021 7028 7074 7109 7082 6875 6671 6286 6038 5771 5565 5505 5390 5239 5048 5046 5049 5066 5079 4850 4709 4535 4787 5631 5747 6056 6177 6208 6437 6563 6532 6508 6532 6551 6614 6416 6295 6255 6268 6367 6058 5812 5592 5380 5222 4960 4797 4620 4463 4247 4047 3846 3593 3243 3067 2933 2429 2338 2020 1781 999 1242 784 669 510 322 33 185 474 598 1690 1708 1886 1785 1530 1475 1890 2104 3178 3649 4305 4318 4331 4373 4480 4404 6301 6338 6596 6756 6966 7593 7623 8029 8522 8424 8468 8549 8288 8312 8537 8879 9168 9303 9393 9647 9860 10066 10439 10659 10997 10974 10940 10920 11007 11196 5093 4948 4794 4686 4441 4196 4010 4131 3902 3678 3670 3481 3086 3052 3026 2895 2740 2496 2331 2520 2640 2763 2842 2796 2905 3090 2924 2821 2816 4331 5099 5384 5621 5881 6075 6236 6389 6364 6767 7060 7236 7296 6758 6388 
1018 709 505 241 232 0 255 636 584 870 981 1121 1011 1396 1802 1938 2323 2704 2752 3012 3168 3400 3417 3570 4169 4460 4412 4545 4686 4921 5129 5395 5732 6019 6163 6218 6260 6341 6471 6673 6853 6975 6988 6962 7025 7056 7104 7090 3666 3282 2932 2700 2588 2248 2063 1883 1655 1476 6073 6512 6755 6841 6885 6901 6957 7005 6984 6793 6595 6216 5974 5703 5484 5412 5283 5124 4924 4915 4905 4914 4919 4682 4537 4357 4596 5434 5555 5865 5986 6012 6237 6366 6339 6319 6349 6371 6440 6256 6142 6108 6131 6270 5965 5723 5508 5292 5138 4887 4717 4528 4365 4164 3980 3789 3522 3178 2999 2858 2363 2235 1907 1692 1231 1463 1015 900 731 554 257 257 528 698 1849 1832 1976 1844 1581 1497 1860 2054 3047 3527 4180 4179 4179 4214 4316 4233 6177 6223 6483 6644 6856 7475 7493 7899 8393 8300 8349 8439 8181 8208 8434 8770 9057 9200 9295 9547 9760 9965 10336 10563 10902 10872 10834 10810 10886 11070 5235 5079 4914 4793 4538 4289 4093 4198 3963 3732 3707 3529 3124 3101 3097 2990 2806 2559 2376 2544 2646 2751 2806 2743 2813 3000 2836 2719 2667 4169 4935 5218 5454 5716 5911 6079 6318 6301 6709 7000 7190 7259 6723 6362 
1240 926 706 427 481 255 0 381 423 687 862 1046 1005 1433 1839 1924 2296 2662 2701 2934 3070 3300 3301 3420 4031 4321 4286 4425 4572 4815 5033 5306 5649 5944 6103 6172 6221 6316 6449 6650 6830 6958 6977 6961 7035 7074 7133 7126 3415 3034 2689 2462 2353 2033 1865 1704 1517 1381 5974 6413 6660 6760 6813 6841 6909 6972 6960 6788 6597 6224 5990 5716 5481 5395 5250 5082 4869 4852 4825 4822 4817 4569 4417 4228 4446 5273 5401 5715 5835 5853 6072 6205 6184 6172 6210 6238 6315 6152 6046 6020 6057 6248 5949 5712 5502 5282 5134 4895 4719 4515 4345 4163 3998 3819 3539 3204 3021 2874 2394 2223 1884 1705 1477 1681 1254 1142 986 799 503 499 729 913 2081 2042 2160 2005 1738 1630 1936 2106 2991 3481 4129 4108 4090 4115 4207 4116 6120 6177 6440 6604 6817 7424 7427 7832 8328 8241 8296 8398 8144 8175 8401 8730 9014 9166 9267 9519 9730 9934 10304 10538 10878 10841 10797 10768 10831 11007 5449 5284 5112 4981 4718 4466 4261 4352 4112 3876 3836 3669 3255 3243 3258 3172 2965 2717 2518 2666 2750 2836 2865 2785 2808 2995 2835 2702 2588 4065 4827 5107 5341 5605 5800 5977 6327 6318 6732 7020 7225 7305 6772 6421 
1589 1274 1048 780 861 636 381 0 417 532 805 1039 1104 1561 1950 1960 2301 2637 2661 2850 2953 3176 3152 3215 3842 4128 4113 4262 4418 4671 4905 5188 5539 5844 6026 6115 6177 6290 6428 6629 6807 6944 6971 6971 7060 7111 7187 7189 3040 2664 2329 2112 2010 1728 1594 1472 1370 1314 5838 6277 6528 6649 6715 6760 6848 6933 6935 6792 6612 6250 6028 5750 5493 5385 5216 5036 4806 4776 4722 4700 4681 4415 4255 4052 4234 5042 5182 5500 5618 5624 5833 5972 5961 5959 6010 6047 6136 6006 5914 5901 5959 6228 5938 5710 5508 5283 5145 4926 4741 4515 4336 4184 4049 3888 3590 3272 3087 2931 2481 2251 1908 1787 1850 2026 1621 1512 1368 1174 881 874 1070 1260 2434 2368 2454 2273 2006 1872 2097 2230 2941 3440 4073 4022 3976 3987 4064 3959 6047 6121 6388 6554 6770 7359 7338 7741 8239 8161 8225 8344 8096 8133 8359 8677 8955 9122 9231 9482 9692 9894 10260 10505 10846 10798 10746 10709 10751 10917 5771 5595 5412 5268 4994 4739 4523 4593 4348 4106 4045 3894 3472 3475 3514 3457 3220 2973 2757 2876 2934 2994 2986 2881 2837 3022 2870 2715 2506 3929 4680 4955 5185 5450 5647 5837 6352 6355 6777 7061 7288 7383 6855 6520 
1314 1013 795 586 803 584 423 417 0 286 443 650 687 1143 1534 1561 1916 2268 2301 2520 2650 2879 2877 3001 3609 3899 3862 4001 4149 4392 4612 4887 5231 5528 5694 5769 5823 5925 6061 6262 6442 6574 6596 6589 6671 6718 6788 6786 3175 2773 2405 2159 2040 1674 1479 1299 1094 966 5552 5992 6239 6342 6398 6431 6505 6576 6570 6413 6227 5861 5634 5357 5109 5012 4856 4683 4464 4443 4408 4402 4395 4145 3994 3805 4027 4858 4983 5296 5417 5438 5660 5790 5767 5752 5788 5815 5891 5729 5625 5601 5642 5861 5566 5333 5127 4904 4762 4534 4352 4136 3961 3795 3649 3482 3190 2866 2681 2528 2069 1856 1513 1375 1784 2046 1584 1466 1247 1121 834 726 812 998 2149 2041 2092 1893 1629 1480 1680 1813 2588 3082 3725 3695 3671 3694 3784 3692 5712 5775 6039 6204 6418 7019 7015 7419 7916 7832 7889 7997 7745 7779 8005 8330 8611 8769 8873 9125 9336 9539 9907 10146 10486 10445 10398 10366 10422 10595 5424 5237 5043 4890 4609 4352 4130 4191 3945 3701 3634 3487 3063 3071 3121 3081 2827 2581 2358 2467 2519 2577 2570 2468 2443 2629 2474 2327 2174 3643 4404 4684 4918 5181 5377 5555 5963 5962 6380 6667 6886 6977 6447 6109 
1542 1255 1047 864 1090 870 687 532 286 0 299 546 705 1148 1504 1460 1783 2109 2131 2318 2427 2653 2638 2735 3351 3640 3612 3755 3907 4156 4384 4664 5013 5316 5495 5582 5644 5759 5898 6098 6277 6414 6442 6446 6539 6594 6676 6682 2928 2518 2142 1889 1767 1389 1193 1018 849 784 5321 5760 6009 6124 6187 6230 6316 6401 6404 6266 6088 5730 5512 5233 4969 4857 4685 4504 4273 4244 4194 4177 4163 3904 3748 3553 3760 4586 4715 5029 5149 5166 5385 5517 5497 5486 5527 5558 5639 5492 5395 5378 5431 5698 5410 5183 4983 4757 4622 4409 4221 3989 3808 3664 3542 3390 3085 2777 2592 2433 2006 1743 1403 1322 2067 2332 1870 1752 1527 1407 1120 1008 1061 1240 2358 2220 2232 2010 1755 1585 1695 1788 2409 2908 3540 3492 3451 3465 3548 3449 5516 5589 5855 6022 6237 6827 6809 7212 7709 7631 7694 7812 7563 7601 7827 8145 8423 8590 8699 8950 9160 9362 9727 9973 10315 10266 10214 10177 10221 10389 5567 5366 5161 4993 4703 4443 4211 4250 4000 3752 3664 3535 3107 3129 3204 3195 2913 2671 2433 2512 2538 2570 2529 2408 2325 2508 2361 2197 1974 3411 4166 4444 4676 4940 5137 5321 5831 5839 6263 6546 6781 6883 6358 6033 
1438 1185 1008 899 1173 981 862 805 443 299 0 247 447 865 1208 1164 1496 1835 1863 2076 2207 2437 2442 2591 3188 3478 3433 3568 3713 3954 4171 4444 4788 5084 5251 5328 5384 5491 5628 5829 6008 6143 6168 6166 6255 6307 6385 6389 3059 2636 2244 1977 1846 1415 1174 952 674 523 5112 5551 5797 5898 5954 5987 6064 6139 6136 5987 5806 5445 5224 4945 4688 4582 4419 4244 4022 3999 3964 3959 3955 3709 3561 3377 3616 4457 4575 4885 5006 5035 5263 5389 5359 5338 5367 5390 5462 5290 5183 5158 5198 5428 5136 4907 4703 4478 4340 4121 3936 3710 3533 3379 3249 3094 2791 2480 2295 2136 1706 1450 1108 1023 2092 2404 1919 1800 1540 1468 1206 1049 1016 1170 2214 2040 2017 1778 1533 1350 1410 1492 2148 2644 3284 3251 3228 3253 3346 3258 5269 5334 5599 5764 5979 6577 6571 6975 7472 7388 7447 7557 7306 7340 7566 7890 8170 8331 8436 8688 8898 9101 9468 9710 10051 10006 9958 9924 9978 10151 5339 5129 4916 4739 4443 4182 3945 3975 3723 3474 3379 3256 2827 2855 2943 2953 2654 2415 2171 2235 2251 2276 2230 2108 2034 2218 2068 1910 1730 3203 3966 4247 4482 4745 4940 5115 5547 5551 5973 6257 6488 6588 6062 5735 
1389 1176 1035 992 1285 1121 1046 1039 650 546 247 0 294 640 964 921 1266 1619 1655 1893 2046 2279 2303 2498 3075 3365 3303 3432 3569 3801 4007 4274 4613 4903 5058 5125 5177 5276 5411 5612 5791 5923 5946 5939 6023 6072 6147 6149 3189 2760 2360 2086 1949 1489 1222 972 614 361 4951 5390 5633 5722 5771 5795 5863 5928 5921 5762 5578 5213 4989 4711 4460 4361 4207 4037 3823 3807 3787 3792 3798 3565 3424 3250 3517 4370 4477 4782 4904 4944 5180 5300 5261 5231 5250 5266 5329 5135 5020 4987 5015 5210 4915 4683 4477 4253 4112 3887 3704 3485 3311 3147 3009 2851 2551 2236 2051 1894 1459 1211 869 777 2138 2483 1986 1870 1587 1554 1318 1137 1038 1163 2113 1909 1851 1599 1367 1174 1177 1247 1945 2436 3082 3065 3058 3093 3196 3118 5074 5131 5394 5558 5772 6378 6383 6788 7284 7195 7250 7352 7099 7131 7357 7685 7967 8122 8225 8476 8688 8891 9260 9497 9837 9797 9752 9722 9784 9962 5152 4935 4714 4530 4230 3968 3727 3748 3495 3245 3143 3026 2597 2630 2729 2757 2443 2209 1958 2008 2014 2033 1983 1861 1797 1983 1831 1678 1547 3049 3815 4100 4336 4597 4791 4957 5315 5316 5737 6022 6249 6346 5819 5490 
1106 917 808 833 1133 1011 1005 1104 687 705 447 294 0 457 848 927 1312 1695 1748 2029 2212 2447 2492 2730 3285 3574 3498 3617 3745 3967 4158 4415 4744 5024 5158 5208 5248 5330 5461 5662 5842 5966 5981 5960 6031 6069 6128 6122 3478 3050 2651 2378 2242 1783 1516 1264 892 599 5103 5541 5779 5850 5887 5896 5948 5993 5973 5789 5595 5220 4985 4712 4481 4402 4271 4114 3917 3913 3917 3939 3958 3741 3609 3448 3739 4599 4698 4998 5120 5169 5411 5526 5480 5442 5451 5461 5513 5295 5168 5124 5135 5260 4957 4716 4503 4285 4135 3891 3717 3520 3355 3161 2993 2815 2534 2200 2017 1868 1393 1226 895 701 1904 2274 1772 1658 1361 1365 1165 964 807 905 1818 1618 1574 1331 1089 904 1000 1126 2044 2519 3173 3185 3204 3252 3368 3302 5170 5212 5472 5633 5845 6465 6490 6897 7390 7293 7340 7427 7169 7197 7422 7759 8046 8188 8283 8536 8748 8954 9325 9552 9891 9861 9823 9799 9878 10065 4892 4682 4469 4294 4001 3741 3507 3546 3295 3048 2966 2832 2404 2424 2501 2506 2211 1971 1730 1809 1843 1891 1883 1788 1807 1994 1833 1708 1691 3215 3983 4270 4508 4766 4958 5112 5323 5313 5726 6015 6222 6305 5774 5429 
1148 1080 1063 1183 1470 1396 1433 1561 1143 1148 865 640 457 0 406 613 1007 1408 1481 1815 2041 2271 2356 2677 3177 3460 3353 3454 3565 3765 3931 4170 4484 4748 4854 4882 4910 4973 5099 5300 5480 5596 5605 5571 5629 5659 5709 5697 3769 3334 2929 2649 2509 2024 1738 1472 1061 743 4872 5305 5535 5579 5601 5590 5621 5645 5613 5404 5203 4821 4577 4308 4095 4036 3929 3786 3611 3623 3661 3707 3747 3561 3445 3310 3651 4519 4597 4884 5007 5076 5331 5433 5371 5316 5305 5301 5335 5074 4930 4870 4855 4898 4587 4341 4121 3910 3751 3493 3327 3151 2996 2776 2584 2393 2127 1782 1602 1464 967 888 615 321 2071 2485 1987 1883 1571 1641 1500 1287 1052 1073 1677 1411 1281 1009 818 612 546 674 1775 2216 2871 2921 2979 3048 3183 3140 4861 4885 5140 5297 5505 6141 6191 6597 7086 6980 7017 7087 6825 6846 7071 7416 7708 7837 7925 8178 8391 8598 8971 9189 9526 9506 9474 9458 9556 9753 4531 4306 4081 3892 3590 3328 3087 3110 2858 2608 2516 2390 1961 1991 2090 2131 1806 1574 1320 1369 1390 1434 1434 1352 1437 1621 1455 1363 1502 3023 3785 4075 4313 4564 4752 4886 4923 4905 5313 5604 5797 5872 5339 4988 
1441 1433 1446 1586 1868 1802 1839 1950 1534 1504 1208 964 848 406 0 387 712 1103 1191 1559 1815 2034 2151 2537 2980 3254 3123 3208 3304 3486 3632 3856 4159 4411 4498 4513 4534 4587 4710 4911 5091 5203 5209 5171 5226 5254 5302 5290 3925 3489 3082 2801 2661 2164 1873 1612 1209 927 4564 4994 5217 5243 5255 5232 5251 5262 5225 5006 4802 4418 4173 3904 3697 3646 3553 3419 3259 3280 3342 3405 3461 3300 3200 3087 3464 4332 4392 4667 4790 4874 5138 5229 5155 5087 5060 5046 5065 4773 4618 4547 4515 4510 4197 3947 3725 3516 3355 3091 2928 2762 2614 2380 2180 1987 1724 1376 1199 1065 561 568 438 206 2397 2827 2337 2239 1927 2021 1897 1684 1433 1428 1805 1494 1275 995 902 723 299 283 1471 1876 2525 2602 2690 2774 2922 2899 4502 4515 4767 4921 5128 5771 5835 6241 6727 6615 6647 6708 6443 6463 6687 7036 7330 7452 7536 7790 8003 8210 8585 8798 9135 9118 9090 9077 9185 9387 4357 4112 3868 3658 3344 3082 2828 2818 2563 2311 2191 2092 1664 1719 1862 1965 1596 1390 1125 1098 1066 1068 1036 945 1059 1239 1071 1007 1286 2760 3510 3798 4035 4280 4464 4583 4521 4500 4907 5198 5390 5466 4933 4584 
1752 1693 1662 1747 2044 1938 1924 1960 1561 1460 1164 921 927 613 387 0 396 795 867 1209 1450 1675 1778 2151 2607 2884 2763 2856 2961 3155 3318 3556 3871 4138 4252 4290 4325 4403 4533 4734 4914 5038 5054 5036 5112 5156 5227 5228 3621 3186 2781 2502 2364 1867 1579 1329 956 741 4258 4691 4922 4968 4993 4989 5030 5067 5046 4863 4672 4302 4073 3796 3556 3475 3347 3194 3009 3015 3048 3093 3136 2957 2847 2724 3088 3957 4022 4302 4426 4504 4765 4860 4790 4728 4709 4700 4729 4460 4316 4257 4246 4332 4029 3789 3577 3358 3210 2973 2795 2592 2427 2238 2088 1930 1629 1316 1131 972 579 298 75 298 2685 3098 2599 2494 2183 2241 2076 1867 1653 1685 2183 1878 1662 1382 1281 1094 674 533 1161 1610 2266 2308 2367 2439 2578 2544 4261 4294 4552 4711 4922 5548 5587 5994 6484 6382 6424 6505 6245 6271 6496 6835 7124 7262 7356 7609 7821 8027 8399 8624 8964 8934 8898 8876 8963 9155 4683 4426 4172 3947 3625 3365 3102 3061 2806 2554 2403 2337 1920 1997 2172 2309 1922 1735 1471 1397 1313 1252 1125 971 883 1070 913 780 914 2418 3177 3466 3704 3954 4141 4273 4404 4400 4819 5105 5327 5424 4898 4573 
2135 2087 2058 2138 2436 2323 2296 2301 1916 1783 1496 1266 1312 1007 712 396 0 401 481 849 1113 1326 1456 1885 2283 2552 2414 2497 2592 2777 2931 3165 3477 3742 3856 3898 3936 4021 4153 4355 4534 4662 4682 4673 4759 4811 4894 4902 3638 3211 2815 2544 2411 1928 1657 1438 1135 1013 3868 4301 4529 4573 4597 4594 4638 4681 4665 4496 4312 3948 3729 3449 3193 3098 2960 2803 2613 2619 2655 2705 2754 2588 2488 2380 2770 3636 3688 3959 4082 4171 4438 4525 4447 4377 4348 4334 4355 4073 3925 3863 3850 3952 3653 3418 3211 2988 2846 2625 2439 2220 2049 1882 1766 1636 1315 1045 868 703 533 151 416 686 3076 3492 2994 2889 2578 2637 2468 2260 2049 2080 2507 2186 1935 1663 1606 1435 943 716 770 1214 1871 1914 1984 2063 2210 2188 3866 3902 4161 4321 4533 5156 5192 5598 6089 5988 6031 6116 5857 5885 6111 6447 6734 6877 6973 7226 7438 7643 8013 8243 8583 8550 8511 8487 8570 8760 4763 4489 4219 3974 3644 3389 3117 3035 2784 2538 2351 2327 1937 2041 2255 2446 2038 1886 1634 1495 1354 1227 1015 818 548 726 590 414 604 2048 2800 3089 3326 3573 3758 3884 4050 4056 4479 4762 5001 5111 4592 4286 
2535 2489 2456 2527 2826 2704 2662 2637 2268 2109 1835 1619 1695 1408 1103 795 401 0 108 497 785 974 1135 1621 1947 2204 2049 2120 2207 2383 2531 2763 3076 3342 3464 3514 3560 3657 3793 3994 4173 4307 4333 4338 4439 4502 4603 4622 3644 3230 2851 2594 2469 2015 1772 1595 1372 1325 3467 3899 4128 4173 4200 4202 4253 4310 4302 4157 3982 3631 3427 3144 2864 2748 2588 2422 2221 2222 2253 2305 2357 2202 2111 2020 2435 3292 3332 3594 3716 3815 4087 4167 4082 4004 3966 3948 3963 3673 3524 3462 3451 3593 3301 3074 2876 2648 2517 2324 2127 1882 1699 1577 1520 1441 1103 927 790 652 780 535 808 1088 3477 3893 3395 3290 2979 3034 2858 2652 2448 2481 2877 2549 2278 2016 1983 1820 1308 1058 369 823 1478 1512 1587 1672 1826 1817 3475 3519 3780 3943 4156 4770 4797 5204 5696 5598 5644 5737 5482 5513 5739 6069 6354 6504 6606 6858 7069 7273 7642 7878 8218 8179 8136 8108 8183 8370 4927 4638 4356 4094 3759 3512 3235 3115 2872 2637 2421 2439 2086 2210 2452 2684 2268 2147 1911 1730 1552 1377 1107 897 422 524 476 271 400 1663 2407 2695 2932 3177 3361 3484 3732 3751 4181 4458 4720 4847 4339 4057 
2616 2560 2520 2581 2881 2752 2701 2661 2301 2131 1863 1655 1748 1481 1191 867 481 108 0 390 677 869 1028 1514 1841 2100 1948 2023 2114 2295 2451 2689 3007 3279 3411 3471 3522 3628 3767 3967 4146 4283 4313 4325 4432 4501 4609 4632 3571 3160 2785 2533 2409 1965 1731 1565 1368 1347 3390 3824 4055 4108 4140 4149 4209 4275 4273 4141 3972 3627 3430 3146 2856 2728 2556 2382 2171 2165 2182 2226 2272 2109 2014 1918 2329 3188 3229 3494 3616 3712 3983 4065 3981 3906 3871 3855 3874 3593 3448 3391 3389 3567 3280 3058 2865 2635 2510 2330 2129 1872 1684 1586 1552 1489 1152 1003 876 746 887 623 872 1164 3553 3965 3465 3359 3048 3096 2913 2709 2512 2552 2974 2648 2381 2117 2078 1912 1405 1159 297 781 1429 1443 1502 1582 1732 1718 3424 3476 3739 3903 4117 4725 4742 5148 5642 5547 5598 5697 5444 5477 5703 6029 6312 6468 6573 6824 7035 7238 7606 7846 8187 8143 8097 8067 8134 8318 5031 4741 4457 4194 3858 3612 3336 3211 2970 2736 2517 2539 2190 2315 2559 2792 2376 2255 2019 1838 1659 1483 1209 1000 513 592 566 371 318 1569 2318 2607 2845 3092 3277 3405 3728 3753 4185 4459 4730 4863 4359 4086 
2961 2883 2824 2859 3158 3012 2934 2850 2520 2318 2076 1893 2029 1815 1559 1209 849 497 390 0 292 480 641 1150 1450 1710 1565 1649 1751 1950 2130 2386 2720 3010 3177 3268 3339 3476 3622 3820 3995 4145 4187 4225 4356 4444 4576 4614 3387 2994 2642 2410 2298 1901 1708 1596 1496 1553 3074 3511 3750 3829 3879 3912 3999 4099 4118 4034 3884 3565 3393 3109 2785 2617 2400 2203 1958 1926 1893 1909 1935 1747 1640 1532 1939 2798 2843 3111 3234 3326 3595 3679 3599 3528 3501 3491 3520 3268 3138 3097 3123 3425 3158 2955 2782 2547 2448 2317 2107 1812 1611 1602 1652 1650 1324 1269 1180 1077 1277 998 1199 1508 3882 4283 3781 3671 3364 3393 3191 2993 2819 2874 3355 3031 2769 2503 2455 2283 1788 1546 272 672 1238 1175 1175 1233 1368 1340 3197 3275 3543 3712 3928 4508 4495 4899 5396 5313 5375 5497 5252 5294 5519 5830 6106 6280 6396 6645 6853 7054 7417 7670 8012 7955 7899 7859 7903 8075 5381 5085 4797 4526 4189 3948 3671 3528 3293 3066 2835 2877 2546 2678 2929 3173 2756 2642 2408 2221 2036 1848 1564 1358 850 865 897 737 346 1208 1970 2259 2497 2750 2939 3084 3662 3708 4145 4407 4710 4865 4379 4140 
3190 3092 3017 3030 3328 3168 3070 2953 2650 2427 2207 2046 2212 2041 1815 1450 1113 785 677 292 0 234 350 864 1171 1439 1313 1413 1533 1755 1963 2237 2586 2891 3091 3211 3298 3461 3611 3805 3977 4137 4188 4246 4396 4496 4647 4695 3209 2831 2499 2284 2183 1830 1675 1608 1583 1693 2905 3344 3590 3696 3763 3819 3930 4059 4095 4050 3918 3619 3468 3186 2840 2644 2394 2180 1909 1853 1769 1752 1751 1529 1405 1273 1658 2522 2576 2853 2976 3059 3324 3414 3341 3278 3263 3262 3304 3089 2976 2952 3007 3418 3169 2985 2829 2594 2514 2421 2208 1893 1688 1741 1840 1868 1556 1538 1461 1365 1565 1264 1430 1745 4093 4482 3980 3868 3565 3577 3361 3170 3014 3082 3618 3299 3045 2776 2716 2538 2057 1822 539 795 1236 1097 1023 1046 1155 1099 3118 3220 3490 3661 3878 4432 4389 4790 5288 5217 5289 5431 5194 5242 5467 5764 6033 6222 6347 6594 6800 6997 7356 7621 7963 7894 7830 7782 7805 7966 5669 5371 5081 4808 4471 4232 3954 3805 3573 3349 3114 3162 2837 2969 3222 3465 3048 2933 2697 2513 2328 2141 1854 1649 1140 1143 1186 1029 538 1003 1771 2057 2295 2554 2747 2910 3713 3775 4212 4465 4789 4959 4488 4273 
3419 3325 3251 3264 3561 3400 3300 3176 2879 2653 2437 2279 2447 2271 2034 1675 1326 974 869 480 234 0 227 782 974 1230 1088 1183 1300 1522 1733 2011 2363 2673 2885 3017 3112 3287 3439 3631 3801 3965 4022 4092 4252 4361 4524 4580 3269 2908 2596 2398 2306 1986 1854 1807 1806 1924 2674 3113 3360 3472 3544 3608 3729 3871 3916 3893 3771 3487 3352 3072 2713 2499 2231 2008 1725 1657 1552 1524 1519 1296 1174 1053 1462 2318 2362 2633 2756 2845 3115 3199 3121 3054 3034 3030 3070 2856 2745 2725 2789 3249 3012 2840 2697 2462 2397 2334 2121 1795 1591 1692 1834 1895 1602 1635 1581 1504 1753 1477 1658 1971 4326 4716 4214 4102 3798 3812 3595 3404 3248 3315 3833 3511 3250 2984 2933 2758 2268 2027 671 774 1092 911 802 815 921 869 2914 3026 3297 3468 3685 4226 4173 4573 5071 5003 5080 5229 4996 5047 5271 5562 5828 6024 6152 6398 6603 6799 7155 7425 7767 7693 7626 7574 7590 7747 5793 5490 5196 4916 4580 4346 4069 3904 3679 3462 3218 3283 2975 3113 3374 3630 3213 3109 2880 2684 2490 2293 1999 1800 1289 1263 1330 1197 768 769 1537 1823 2061 2320 2513 2678 3580 3652 4088 4334 4672 4853 4394 4199 
3502 3389 3301 3294 3589 3417 3301 3152 2877 2638 2442 2303 2492 2356 2151 1778 1456 1135 1028 641 350 227 0 555 829 1105 1005 1128 1271 1519 1759 2052 2413 2734 2972 3125 3231 3422 3576 3765 3932 4101 4164 4246 4416 4532 4703 4764 3065 2714 2415 2229 2144 1857 1753 1738 1788 1942 2686 3124 3376 3514 3601 3684 3823 3986 4044 4045 3933 3662 3538 3260 2893 2666 2381 2152 1856 1772 1626 1565 1529 1267 1120 958 1314 2181 2244 2528 2651 2725 2987 3081 3015 2962 2960 2968 3025 2855 2763 2761 2852 3390 3166 3005 2873 2640 2585 2538 2325 1995 1792 1911 2061 2123 1828 1852 1789 1703 1915 1608 1753 2069 4388 4766 4265 4151 3853 3851 3622 3437 3299 3378 3956 3640 3391 3120 3053 2871 2400 2169 869 1001 1272 1052 883 851 911 816 3006 3136 3405 3578 3794 4313 4236 4631 5129 5072 5156 5320 5093 5150 5372 5653 5913 6120 6254 6497 6701 6894 7247 7524 7867 7783 7710 7652 7652 7799 6001 5701 5408 5131 4794 4558 4281 4122 3894 3674 3434 3492 3176 3311 3566 3813 3397 3283 3047 2862 2675 2485 2195 1992 1481 1470 1526 1377 865 782 1528 1806 2040 2304 2499 2685 3752 3832 4267 4507 4854 5043 4591 4406 
3798 3646 3530 3481 3763 3570 3420 3215 3001 2735 2591 2498 2730 2677 2537 2151 1885 1621 1514 1150 864 782 555 0 643 919 957 1133 1316 1599 1887 2198 2566 2903 3196 3394 3524 3749 3906 4085 4243 4424 4500 4609 4801 4932 5124 5196 2617 2303 2054 1915 1858 1690 1675 1744 1916 2141 2742 3166 3427 3623 3744 3871 4052 4261 4345 4405 4318 4077 3979 3708 3326 3073 2757 2517 2204 2090 1866 1739 1640 1314 1127 887 1025 1871 1984 2295 2416 2446 2682 2801 2768 2751 2795 2833 2933 2874 2832 2871 3021 3730 3538 3405 3297 3070 3038 3027 2817 2481 2284 2439 2607 2676 2383 2398 2325 2228 2384 2034 2111 2423 4632 4981 4485 4369 4084 4049 3796 3629 3531 3635 4330 4030 3806 3528 3431 3238 2809 2600 1403 1551 1732 1460 1207 1102 1060 891 3241 3407 3672 3845 4057 4516 4384 4767 5260 5225 5329 5528 5318 5386 5604 5856 6100 6333 6483 6719 6917 7104 7445 7741 8082 7978 7890 7817 7776 7901 6531 6235 5945 5672 5335 5096 4819 4667 4436 4213 3977 4026 3696 3826 4073 4304 3888 3758 3513 3348 3174 2995 2713 2506 2000 2007 2048 1880 1282 1006 1593 1831 2042 2305 2500 2727 4163 4260 4689 4914 5284 5488 5056 4895 
4319 4193 4093 4066 4354 4169 4031 3842 3609 3351 3188 3075 3285 3177 2980 2607 2283 1947 1841 1450 1171 974 829 643 0 290 337 521 710 995 1296 1607 1971 2311 2631 2858 3006 3257 3415 3583 3731 3920 4007 4143 4357 4507 4723 4812 3087 2822 2622 2513 2469 2331 2317 2376 2516 2713 2109 2529 2790 3000 3133 3278 3481 3719 3824 3938 3879 3681 3622 3368 2969 2685 2340 2096 1779 1638 1355 1183 1050 709 517 264 488 1352 1419 1712 1835 1898 2158 2255 2197 2157 2179 2207 2296 2234 2201 2253 2428 3252 3097 2999 2928 2716 2721 2780 2582 2249 2073 2314 2556 2684 2442 2549 2521 2461 2726 2435 2579 2896 5189 5555 5055 4940 4647 4629 4387 4212 4092 4182 4785 4469 4216 3947 3882 3700 3227 2993 1638 1584 1504 1184 875 715 578 395 2682 2873 3130 3301 3508 3928 3771 4147 4638 4611 4723 4937 4737 4811 5026 5262 5498 5743 5900 6132 6327 6510 6845 7149 7489 7376 7282 7203 7149 7268 6713 6403 6103 5814 5479 5255 4979 4792 4578 4374 4119 4206 3922 4065 4332 4597 4181 4082 3854 3655 3458 3254 2956 2762 2255 2209 2293 2170 1694 622 982 1199 1403 1664 1859 2091 3758 3878 4295 4497 4894 5120 4725 4614 
4604 4481 4382 4356 4644 4460 4321 4128 3899 3640 3478 3365 3574 3460 3254 2884 2552 2204 2100 1710 1439 1230 1105 919 290 0 256 391 560 824 1130 1432 1785 2124 2468 2717 2877 3146 3302 3462 3602 3795 3890 4043 4271 4430 4661 4758 3241 3004 2831 2741 2706 2596 2594 2660 2806 3003 1872 2281 2543 2773 2920 3084 3306 3567 3688 3838 3797 3627 3592 3349 2947 2648 2291 2049 1738 1584 1266 1063 896 562 393 227 274 1088 1138 1425 1548 1620 1885 1976 1911 1867 1889 1918 2013 1981 1968 2037 2239 3150 3021 2947 2898 2698 2725 2819 2631 2305 2145 2420 2687 2836 2616 2752 2738 2689 2980 2703 2858 3175 5477 5844 5345 5230 4936 4919 4677 4502 4381 4470 5058 4739 4480 4213 4155 3975 3495 3257 1881 1770 1588 1264 956 786 604 470 2524 2733 2982 3150 3351 3736 3555 3923 4409 4392 4511 4740 4549 4628 4840 5062 5290 5545 5709 5937 6128 6308 6637 6948 7287 7165 7065 6980 6912 7024 6906 6591 6288 5995 5661 5442 5169 4970 4763 4566 4306 4405 4138 4284 4555 4830 4415 4325 4102 3895 3693 3483 3183 2994 2491 2432 2527 2416 1970 713 802 973 1157 1412 1604 1849 3700 3832 4238 4426 4837 5075 4702 4618 
4501 4393 4306 4296 4588 4412 4286 4113 3862 3612 3433 3303 3498 3353 3123 2763 2414 2049 1948 1565 1313 1088 1005 957 337 256 0 183 372 657 959 1269 1633 1973 2296 2528 2679 2937 3095 3260 3405 3595 3686 3829 4050 4205 4430 4524 3417 3158 2959 2848 2802 2648 2618 2659 2768 2942 1784 2210 2470 2668 2797 2940 3144 3386 3496 3624 3574 3392 3349 3103 2701 2407 2053 1810 1495 1346 1041 855 713 372 180 72 524 1274 1286 1545 1668 1768 2045 2118 2033 1965 1955 1963 2029 1920 1874 1919 2090 2936 2795 2711 2655 2451 2473 2563 2375 2049 1890 2169 2442 2597 2388 2540 2537 2498 2816 2564 2743 3058 5393 5772 5270 5156 4858 4854 4622 4440 4304 4383 4920 4596 4327 4065 4021 3847 3353 3107 1709 1553 1335 1012 706 537 350 243 2348 2543 2798 2968 3174 3590 3437 3815 4306 4277 4387 4599 4400 4474 4688 4925 5162 5406 5562 5795 5989 6173 6509 6812 7152 7039 6946 6869 6820 6943 6681 6365 6060 5765 5432 5216 4944 4739 4536 4343 4081 4187 3931 4080 4354 4638 4224 4144 3928 3712 3504 3290 2988 2805 2309 2237 2341 2246 1851 472 645 873 1088 1352 1549 1770 3466 3594 4004 4198 4604 4837 4458 4368 
4602 4505 4425 4423 4717 4545 4425 4262 4001 3755 3568 3432 3617 3454 3208 2856 2497 2120 2023 1649 1413 1183 1128 1133 521 391 183 0 189 474 775 1086 1450 1790 2113 2347 2501 2763 2920 3083 3226 3418 3510 3658 3882 4040 4269 4367 3598 3342 3143 3030 2982 2820 2782 2815 2909 3071 1612 2041 2300 2490 2616 2757 2960 3205 3316 3452 3408 3236 3202 2961 2558 2258 1900 1658 1348 1193 875 679 530 188 8 256 629 1273 1253 1484 1605 1726 2010 2068 1968 1883 1852 1848 1897 1755 1700 1739 1907 2764 2631 2556 2509 2311 2344 2452 2270 1952 1804 2102 2392 2561 2372 2549 2559 2531 2876 2644 2841 3153 5505 5890 5388 5275 4975 4978 4750 4566 4422 4495 4997 4669 4392 4134 4101 3932 3428 3177 1769 1561 1266 950 663 506 315 314 2165 2363 2617 2786 2992 3407 3256 3635 4127 4096 4205 4416 4216 4290 4504 4742 4979 5222 5379 5611 5806 5990 6326 6629 6969 6857 6765 6688 6643 6769 6665 6345 6038 5740 5410 5199 4929 4714 4517 4331 4066 4183 3942 4094 4372 4665 4253 4183 3974 3750 3537 3318 3015 2839 2353 2267 2382 2301 1951 473 463 703 926 1191 1388 1600 3308 3440 3846 4035 4445 4683 4313 4235 
4712 4625 4551 4558 4854 4686 4572 4418 4149 3907 3713 3569 3745 3565 3304 2961 2592 2207 2114 1751 1533 1300 1271 1316 710 560 372 189 0 285 586 896 1261 1601 1924 2162 2318 2585 2742 2902 3044 3236 3330 3482 3711 3872 4107 4207 3785 3530 3332 3218 3169 2999 2955 2979 3058 3210 1437 1869 2127 2307 2430 2568 2771 3018 3132 3277 3239 3078 3055 2821 2417 2111 1748 1510 1207 1047 714 502 342 4 192 445 769 1300 1245 1444 1560 1703 1992 2033 1917 1815 1760 1741 1771 1590 1522 1555 1718 2589 2465 2400 2364 2174 2218 2348 2174 1865 1731 2049 2354 2538 2371 2571 2594 2579 2947 2737 2950 3259 5625 6016 5514 5402 5099 5109 4887 4699 4547 4615 5082 4750 4466 4213 4191 4026 3514 3259 1847 1592 1221 921 671 542 382 459 1977 2178 2431 2600 2804 3218 3069 3450 3943 3910 4017 4227 4027 4101 4315 4553 4791 5033 5190 5422 5617 5801 6138 6440 6780 6669 6578 6502 6461 6589 6654 6331 6022 5721 5393 5188 4920 4696 4506 4328 4060 4186 3963 4117 4398 4699 4291 4231 4029 3798 3580 3357 3054 2886 2412 2314 2438 2372 2066 544 277 537 769 1033 1229 1428 3148 3285 3686 3869 4284 4527 4167 4102 
4908 4834 4769 4786 5084 4921 4815 4671 4392 4156 3954 3801 3967 3765 3486 3155 2777 2383 2295 1950 1755 1522 1519 1599 995 824 657 474 285 0 305 613 976 1316 1645 1893 2055 2332 2488 2642 2779 2974 3072 3234 3471 3639 3882 3989 4062 3813 3617 3503 3454 3279 3227 3244 3307 3445 1169 1605 1860 2027 2145 2283 2489 2743 2864 3030 3004 2865 2863 2642 2239 1924 1557 1330 1048 882 531 293 90 286 478 730 997 1363 1260 1400 1506 1680 1969 1985 1846 1717 1627 1583 1581 1336 1250 1272 1433 2342 2238 2195 2181 2006 2071 2237 2080 1793 1684 2029 2354 2558 2426 2658 2699 2700 3099 2918 3149 3454 5833 6231 5729 5618 5313 5332 5117 4926 4764 4824 5244 4908 4614 4369 4361 4203 3681 3422 2016 1704 1234 978 800 717 608 726 1700 1909 2158 2326 2528 2933 2785 3167 3661 3626 3732 3942 3742 3817 4031 4268 4506 4748 4905 5137 5332 5516 5852 6154 6495 6384 6292 6218 6180 6312 6675 6349 6038 5732 5408 5213 4950 4712 4533 4366 4095 4236 4038 4195 4480 4793 4390 4345 4154 3913 3690 3461 3161 3004 2550 2436 2571 2526 2278 752 41 312 549 800 991 1166 2931 3077 3468 3640 4064 4314 3973 3933 
5066 5008 4954 4985 5284 5129 5033 4905 4612 4384 4171 4007 4158 3931 3632 3318 2931 2531 2451 2130 1963 1733 1759 1887 1296 1130 959 775 586 305 0 311 679 1017 1340 1589 1754 2036 2191 2342 2477 2672 2773 2941 3183 3356 3606 3718 4368 4117 3916 3798 3745 3555 3492 3495 3535 3656 944 1383 1626 1758 1861 1985 2185 2437 2560 2737 2721 2601 2618 2410 2012 1691 1325 1114 871 710 389 228 247 586 778 1031 1292 1554 1415 1493 1586 1784 2068 2056 1897 1742 1610 1537 1488 1142 1012 1003 1135 2051 1965 1941 1949 1791 1878 2079 1942 1684 1607 1971 2312 2534 2441 2704 2766 2784 3213 3066 3318 3615 6003 6410 5909 5800 5492 5523 5317 5121 4948 4999 5360 5021 4717 4481 4490 4341 3810 3547 2162 1795 1242 1048 954 918 856 1000 1394 1605 1853 2020 2222 2633 2500 2888 3384 3341 3442 3644 3441 3515 3729 3971 4213 4450 4605 4838 5034 5219 5558 5857 6198 6091 6003 5932 5906 6045 6631 6301 5989 5680 5362 5176 4919 4668 4501 4348 4074 4230 4061 4220 4508 4832 4437 4409 4232 3980 3753 3520 3224 3081 2655 2524 2670 2649 2468 976 329 342 493 677 842 955 2662 2816 3197 3359 3790 4047 3723 3705 
5296 5250 5204 5245 5544 5395 5306 5188 4887 4664 4444 4274 4415 4170 3856 3556 3165 2763 2689 2386 2237 2011 2052 2198 1607 1432 1269 1086 896 613 311 0 368 705 1036 1302 1477 1773 1925 2065 2193 2391 2497 2679 2931 3112 3373 3493 4673 4426 4228 4109 4056 3862 3793 3790 3817 3926 712 1137 1366 1462 1555 1673 1876 2138 2270 2477 2480 2394 2440 2254 1867 1545 1191 1017 852 719 517 488 559 897 1089 1342 1578 1729 1560 1577 1652 1869 2140 2102 1925 1748 1579 1478 1382 936 761 714 823 1797 1746 1756 1798 1669 1784 2027 1917 1700 1660 2034 2383 2620 2565 2853 2931 2964 3413 3295 3560 3851 6241 6654 6154 6047 5737 5776 5577 5379 5197 5241 5555 5214 4903 4674 4697 4556 4020 3755 2395 1994 1390 1254 1216 1203 1159 1309 1094 1319 1558 1722 1920 2322 2193 2584 3081 3033 3132 3332 3130 3204 3418 3659 3902 4138 4293 4526 4722 4907 5247 5545 5886 5780 5693 5623 5603 5747 6675 6342 6029 5717 5406 5231 4981 4717 4563 4424 4150 4320 4179 4339 4629 4962 4575 4562 4397 4138 3908 3673 3383 3253 2852 2710 2863 2860 2728 1270 631 533 552 609 716 740 2447 2612 2976 3121 3561 3827 3531 3544 
5600 5565 5527 5576 5876 5732 5649 5539 5231 5013 4788 4613 4744 4484 4159 3871 3477 3076 3007 2720 2586 2363 2413 2566 1971 1785 1633 1450 1261 976 679 368 0 340 705 1006 1197 1513 1657 1778 1890 2091 2206 2410 2677 2870 3147 3278 5026 4786 4593 4476 4424 4229 4158 4151 4168 4268 515 870 1066 1110 1189 1307 1522 1807 1956 2214 2247 2214 2302 2151 1792 1480 1165 1058 1000 913 827 848 926 1262 1453 1706 1912 1952 1758 1710 1764 1994 2243 2175 1985 1789 1583 1453 1304 752 515 390 457 1555 1563 1627 1716 1632 1778 2064 1989 1825 1825 2197 2548 2797 2781 3090 3183 3230 3696 3602 3879 4164 6551 6970 6471 6366 6055 6102 5909 5709 5520 5557 5826 5483 5165 4946 4982 4848 4308 4042 2711 2284 1651 1564 1562 1562 1526 1678 771 1024 1240 1397 1585 1956 1826 2219 2717 2666 2763 2966 2767 2844 3056 3292 3534 3772 3929 4161 4356 4540 4879 5179 5519 5412 5324 5255 5239 5387 6782 6447 6133 5820 5516 5355 5113 4837 4699 4575 4301 4486 4375 4536 4826 5167 4791 4794 4642 4376 4144 3908 3626 3509 3135 2983 3141 3155 3065 1632 990 840 767 687 691 568 2255 2436 2768 2886 3339 3617 3362 3418 
5851 5828 5798 5857 6158 6019 5944 5844 5528 5316 5084 4903 5024 4748 4411 4138 3742 3342 3279 3010 2891 2673 2734 2903 2311 2124 1973 1790 1601 1316 1017 705 340 0 408 739 941 1269 1401 1500 1596 1798 1921 2143 2422 2623 2912 3052 5365 5126 4933 4815 4762 4561 4484 4470 4474 4562 586 768 893 832 871 968 1185 1486 1651 1954 2016 2036 2163 2049 1726 1438 1183 1145 1178 1131 1121 1175 1265 1601 1794 2046 2246 2230 2024 1936 1973 2207 2437 2348 2150 1945 1717 1569 1381 781 524 312 118 1329 1399 1515 1647 1609 1779 2095 2054 1942 1975 2338 2684 2940 2959 3284 3390 3450 3930 3862 4150 4427 6808 7232 6736 6632 6320 6375 6190 5987 5790 5821 6042 5699 5374 5164 5214 5087 4546 4280 2982 2535 1886 1840 1870 1883 1857 2013 482 759 939 1085 1263 1616 1502 1900 2398 2338 2430 2626 2427 2504 2716 2954 3197 3433 3589 3821 4016 4201 4542 4839 5180 5075 4990 4924 4919 5074 6837 6501 6188 5874 5580 5432 5198 4912 4788 4681 4409 4605 4524 4685 4973 5321 4957 4974 4835 4564 4331 4096 3822 3719 3372 3212 3374 3403 3356 1957 1330 1172 1072 937 877 653 2064 2256 2555 2647 3107 3395 3178 3275 
5930 5928 5914 5991 6290 6163 6103 6026 5694 5495 5251 5058 5158 4854 4498 4252 3856 3464 3411 3177 3091 2885 2972 3196 2631 2468 2296 2113 1924 1645 1340 1036 705 408 0 336 540 869 996 1091 1190 1392 1513 1735 2014 2218 2510 2653 5708 5454 5243 5112 5051 4821 4725 4692 4665 4728 978 1053 1091 869 786 738 856 1103 1251 1546 1617 1667 1822 1743 1466 1218 1054 1103 1243 1251 1348 1458 1582 1924 2115 2367 2611 2636 2432 2344 2379 2613 2838 2743 2543 2336 2102 1948 1745 1145 902 690 347 937 1055 1215 1385 1401 1589 1927 1926 1881 1955 2294 2626 2886 2952 3295 3418 3496 3992 3966 4271 4533 6893 7326 6835 6735 6422 6493 6322 6116 5904 5922 6065 5722 5390 5195 5265 5151 4609 4345 3116 2642 1985 2004 2090 2132 2136 2305 75 356 536 691 884 1342 1336 1742 2232 2137 2199 2348 2126 2190 2409 2681 2943 3149 3290 3530 3731 3923 4274 4555 4897 4811 4741 4690 4727 4906 6651 6314 6004 5689 5407 5274 5052 4754 4649 4561 4293 4504 4459 4619 4904 5259 4912 4950 4830 4553 4321 4088 3829 3747 3444 3273 3439 3494 3522 2216 1666 1544 1467 1345 1283 1045 1686 1884 2162 2244 2705 2996 2799 2921 
