5
186
33 0 1 2 3 4 5 6 7 8 9 10 11 12 13 14 15 16 17 18 19 20 21 22 23 24 25 26 27 28 29 30 31 32
70 33 34 35 36 37 38 39 40 41 42 43 44 45 46 47 48 49 50 51 52 53 54 55 56 57 58 59 60 61 62 63 13 14 15 16 17 18 64 65 19 66 67 68 69 70 71 72 73 74 75 76 77 78 79 80 81 82 26 27 83 28 29 30 84 85 86 87 88 89 90
70 91 92 93 94 95 96 97 98 99 100 101 102 103 104 105 106 107 108 109 110 111 112 113 114 115 48 49 50 51 52 53 116 117 118 119 60 61 62 63 13 120 121 122 15 16 17 18 19 20 21 123 124 125 126 127 128 129 130 131 132 133 134 135 136 137 138 139 140 141 142
50 143 36 37 144 145 146 44 45 147 148 149 150 151 152 52 53 116 117 118 119 60 61 62 63 153 154 155 156 157 158 159 160 18 19 20 161 162 163 164 165 166 167 168 169 170 171 172 173 174 175
50 143 36 37 144 145 146 44 45 147 148 149 150 151 152 52 53 116 117 118 119 60 61 62 63 153 154 155 156 157 158 159 160 18 19 20 161 162 163 164 165 176 177 178 179 180 181 182 183 184 185
1800 2700 1800 900 900 
0 201 411 624 596 834 920 793 782 1443 1464 1499 1780 2312 2615 3011 3233 3651 3940 4182 4542 4696 4870 5190 5560 5836 5981 6208 6360 6528 6682 6661 6238 5594 5527 5736 5450 5261 4983 4901 4619 4376 4354 4275 4168 4062 3843 3666 3471 3386 3209 3088 2763 2388 2090 1764 1710 1787 1856 1940 1996 2038 2077 2147 4100 3943 4384 4420 4336 4450 4602 4658 4918 5089 5494 5615 5837 6028 6248 6328 6432 6730 6141 6082 6945 7189 7368 7702 8002 8360 8660 5951 5948 6219 6305 6432 6648 6314 5887 5723 5566 5457 5241 5075 4695 4575 4551 4338 4239 4262 3945 3761 3680 3308 3108 3503 2296 2170 2102 2056 2400 2534 2725 4949 5226 5479 5956 6122 6166 6464 6701 7056 6623 6439 6329 6282 6563 6848 6877 7190 7280 7801 7456 5396 4964 4784 4437 3876 3806 3743 3670 3242 3089 1977 2302 2845 3068 3294 3433 3689 3827 4856 5226 5447 5518 5314 5412 5533 5804 6042 6200 6370 6431 6330 6428 6551 4937 4712 4516 4388 4303 4254 4231 4217 4224 4283 
201 0 210 430 497 780 916 861 853 1512 1499 1482 1733 2223 2508 2878 3097 3539 3843 4095 4465 4616 4780 5090 5451 5717 5859 6077 6224 6389 6539 6516 6094 5402 5331 5537 5250 5061 4782 4703 4423 4179 4155 4075 3966 3860 3641 3465 3269 3185 3009 2889 2564 2189 1891 1566 1518 1609 1687 1781 1857 1922 1977 2068 4023 3874 4289 4321 4229 4349 4496 4546 4812 4979 5385 5507 5733 5929 6144 6216 6313 6617 6021 5947 6806 7048 7224 7556 7858 8215 8517 5814 5801 6060 6144 6268 6478 6142 5716 5549 5389 5278 5058 4894 4517 4391 4362 4146 4048 4076 3762 3580 3505 3123 2917 3307 2099 1981 1927 1898 2295 2420 2610 4865 5142 5399 5883 6047 6083 6377 6620 6978 6563 6390 6286 6248 6532 6815 6834 7151 7240 7762 7409 5196 4764 4583 4236 3674 3605 3543 3471 3043 2890 1911 2245 2814 3000 3216 3360 3607 3736 4786 5152 5387 5473 5275 5384 5513 5780 6030 6179 6341 6396 6286 6379 6495 4897 4681 4501 4384 4312 4286 4272 4269 4293 4372 
411 210 0 243 472 780 961 973 969 1611 1565 1496 1711 2150 2410 2750 2963 3433 3752 4016 4395 4543 4696 4995 5345 5601 5739 5946 6088 6248 6394 6370 5948 5203 5126 5328 5041 4852 4574 4496 4219 3975 3948 3865 3756 3650 3431 3255 3059 2974 2800 2682 2357 1982 1684 1359 1321 1429 1521 1627 1728 1820 1892 2006 3954 3815 4201 4227 4128 4253 4394 4438 4711 4873 5279 5403 5631 5832 6043 6106 6196 6505 5903 5812 6666 6906 7078 7408 7711 8069 8372 5674 5651 5895 5977 6097 6302 5964 5539 5368 5205 5092 4868 4705 4333 4200 4166 3945 3849 3883 3572 3393 3325 2932 2717 3102 1894 1787 1752 1744 2201 2316 2504 4788 5063 5324 5815 5977 6003 6294 6542 6904 6508 6347 6250 6221 6508 6789 6797 7118 7206 7730 7368 4989 4555 4374 4026 3464 3396 3335 3264 2836 2683 1866 2206 2799 2943 3149 3297 3533 3652 4724 5083 5333 5436 5244 5366 5502 5765 6027 6167 6320 6368 6249 6336 6444 4867 4661 4497 4393 4334 4331 4327 4334 4377 4475 
624 430 243 0 405 696 914 1008 1008 1606 1522 1395 1568 1957 2198 2519 2730 3213 3541 3812 4198 4343 4489 4780 5123 5374 5509 5712 5852 6010 6155 6130 5709 4971 4902 5115 4829 4640 4362 4278 3994 3751 3731 3658 3558 3454 3240 3069 2871 2776 2591 2465 2141 1765 1467 1142 1087 1186 1278 1387 1498 1606 1692 1823 3760 3627 3992 4013 3910 4038 4175 4216 4492 4651 5058 5182 5412 5616 5825 5882 5969 6280 5675 5577 6429 6667 6839 7168 7471 7829 8133 5661 5621 5840 5919 6032 6225 5881 5460 5282 5111 4993 4760 4601 4239 4091 4042 3809 3719 3768 3468 3296 3243 2826 2588 2953 1671 1550 1509 1504 1992 2100 2285 4586 4859 5123 5619 5780 5799 6086 6339 6702 6322 6170 6079 6058 6347 6626 6625 6948 7036 7560 7192 4774 4346 4167 3822 3266 3191 3122 3048 2620 2466 1699 2041 2653 2761 2957 3109 3336 3446 4532 4887 5148 5265 5078 5211 5354 5613 5886 6016 6161 6203 6077 6160 6260 4701 4506 4356 4266 4220 4242 4249 4269 4332 4455 
596 497 472 405 0 308 510 625 628 1201 1119 1024 1245 1727 2021 2417 2641 3056 3351 3600 3968 4119 4286 4599 4965 5239 5384 5612 5765 5936 6092 6071 5648 5112 5079 5326 5045 4858 4583 4478 4168 3934 3939 3892 3815 3715 3514 3353 3153 3037 2828 2683 2363 1993 1702 1388 1268 1278 1314 1375 1406 1442 1485 1570 3526 3377 3796 3830 3742 3859 4008 4063 4325 4495 4900 5021 5245 5438 5656 5733 5836 6135 5544 5487 6352 6596 6778 7113 7413 7769 8069 6067 6024 6238 6315 6425 6613 6268 5848 5666 5492 5371 5132 4975 4621 4463 4401 4158 4073 4136 3844 3677 3632 3203 2948 3290 1882 1699 1571 1489 1806 1938 2129 4369 4645 4902 5385 5550 5586 5882 6123 6481 6066 5896 5794 5760 6045 6328 6342 6660 6749 7272 6916 4985 4572 4400 4065 3526 3434 3345 3260 2835 2684 1415 1751 2331 2502 2719 2862 3110 3241 4289 4654 4890 4981 4785 4901 5034 5299 5557 5699 5856 5907 5794 5885 5999 4407 4197 4027 3921 3861 3864 3863 3877 3932 4050 
834 780 780 696 308 0 241 491 503 948 832 716 954 1485 1807 2249 2479 2844 3117 3351 3709 3863 4040 4366 4745 5032 5183 5426 5588 5766 5929 5910 5487 5102 5098 5373 5097 4912 4641 4520 4190 3963 3989 3966 3909 3815 3625 3475 3274 3141 2913 2754 2442 2085 1807 1513 1351 1293 1285 1306 1273 1252 1263 1315 3266 3109 3557 3598 3519 3629 3786 3848 4100 4276 4680 4799 5018 5204 5427 5516 5628 5919 5339 5308 6180 6427 6614 6954 7250 7605 7902 6341 6289 6486 6561 6666 6844 6495 6078 5891 5711 5586 5339 5187 4843 4671 4596 4341 4262 4341 4061 3900 3868 3422 3149 3464 1963 1737 1549 1411 1592 1737 1929 4116 4394 4646 5121 5288 5334 5633 5868 6222 5791 5613 5507 5468 5751 6035 6055 6371 6461 6982 6631 5032 4636 4470 4144 3625 3519 3413 3319 2902 2755 1143 1470 2034 2234 2461 2599 2857 2999 4022 4392 4615 4694 4495 4604 4735 5001 5255 5400 5561 5615 5507 5601 5721 4117 3901 3724 3615 3553 3556 3557 3574 3637 3767 
920 916 961 914 510 241 0 326 342 707 609 578 884 1487 1839 2322 2554 2868 3112 3327 3668 3825 4018 4358 4751 5052 5208 5466 5636 5821 5990 5974 5551 5273 5284 5571 5298 5115 4845 4717 4379 4156 4191 4177 4128 4035 3850 3703 3502 3364 3131 2967 2659 2307 2034 1746 1576 1495 1467 1466 1392 1323 1299 1303 3226 3057 3544 3593 3527 3628 3792 3863 4103 4285 4686 4802 5016 5194 5422 5524 5646 5928 5361 5356 6232 6482 6675 7017 7311 7663 7957 6572 6524 6725 6800 6906 7085 6736 6320 6133 5953 5828 5580 5428 5084 4913 4836 4580 4503 4582 4302 4142 4108 3663 3390 3703 2182 1942 1730 1564 1626 1784 1973 4083 4362 4607 5070 5239 5298 5602 5828 6176 5721 5528 5414 5363 5643 5929 5962 6272 6363 6883 6542 5232 4843 4679 4358 3845 3735 3623 3526 3114 2967 1109 1412 1927 2187 2428 2556 2828 2985 3969 4345 4547 4604 4398 4491 4612 4883 5123 5279 5450 5512 5415 5516 5646 4021 3792 3596 3472 3396 3374 3366 3374 3423 3540 
793 861 973 1008 625 491 326 0 17 653 682 813 1158 1791 2153 2646 2878 3174 3404 3606 3934 4094 4296 4645 5046 5355 5513 5778 5950 6138 6309 6293 5870 5587 5588 5864 5589 5404 5132 5011 4681 4454 4481 4455 4395 4299 4105 3951 3750 3623 3400 3243 2929 2569 2287 1984 1835 1784 1772 1782 1718 1648 1616 1602 3494 3316 3830 3884 3825 3920 4088 4164 4397 4583 4982 5096 5306 5479 5710 5819 5947 6224 5663 5670 6547 6798 6993 7336 7628 7980 8273 6647 6618 6847 6926 7040 7232 6888 6467 6288 6115 5995 5757 5600 5243 5087 5026 4782 4698 4761 4468 4299 4251 3827 3573 3911 2449 2228 2036 1883 1942 2102 2290 4354 4632 4872 5325 5495 5565 5872 6091 6434 5957 5749 5627 5564 5838 6126 6174 6478 6571 7086 6758 5524 5127 4960 4633 4109 4006 3903 3810 3392 3244 1399 1680 2144 2455 2704 2825 3106 3272 4224 4604 4787 4822 4608 4684 4793 5068 5289 5459 5642 5713 5629 5737 5878 4233 3991 3772 3627 3529 3464 3438 3424 3436 3511 
782 853 969 1008 628 503 342 17 0 662 696 831 1175 1809 2170 2663 2895 3192 3422 3624 3951 4111 4314 4663 5063 5373 5531 5795 5968 6155 6326 6310 5888 5600 5600 5876 5600 5415 5143 5023 4693 4466 4492 4466 4404 4308 4114 3959 3758 3632 3409 3253 2939 2578 2295 1992 1845 1796 1785 1796 1734 1665 1634 1620 3512 3334 3848 3902 3842 3938 4106 4182 4415 4601 5000 5113 5323 5496 5728 5837 5965 6242 5681 5688 6565 6815 7010 7353 7646 7997 8290 6643 6616 6846 6926 7040 7233 6889 6468 6289 6117 5997 5759 5602 5245 5090 5030 4786 4702 4764 4471 4301 4252 3829 3577 3917 2459 2239 2049 1898 1959 2120 2308 4372 4650 4890 5342 5512 5582 5889 6108 6451 5974 5766 5643 5580 5854 6142 6190 6494 6587 7102 6774 5535 5137 4970 4643 4118 4016 3913 3821 3403 3254 1417 1698 2160 2473 2722 2843 3124 3290 4242 4621 4804 4839 4625 4699 4808 5084 5304 5475 5658 5729 5646 5754 5894 4250 4007 3787 3642 3543 3477 3449 3434 3445 3518 
1443 1512 1611 1606 1201 948 707 653 662 0 260 640 975 1639 2032 2590 2820 2977 3133 3283 3565 3729 3961 4337 4764 5103 5273 5571 5762 5965 6151 6140 5723 5754 5808 6131 5867 5687 5424 5276 4916 4706 4767 4780 4753 4665 4492 4355 4155 4004 3756 3581 3286 2951 2694 2423 2233 2106 2039 1991 1834 1664 1561 1446 3139 2939 3527 3600 3569 3642 3823 3919 4119 4317 4702 4808 5002 5153 5395 5534 5685 5937 5411 5483 6364 6619 6826 7175 7458 7802 8086 7267 7226 7433 7508 7614 7792 7443 7027 6839 6658 6532 6282 6131 5790 5615 5533 5272 5198 5284 5008 4848 4816 4369 4091 4392 2820 2551 2289 2068 1846 2020 2188 3994 4269 4491 4911 5084 5182 5496 5694 6022 5497 5262 5126 5042 5306 5597 5668 5961 6055 6564 6257 5794 5428 5273 4966 4476 4353 4225 4120 3722 3582 1231 1402 1700 2128 2394 2488 2789 2982 3822 4208 4344 4334 4109 4153 4245 4526 4722 4908 5107 5192 5129 5250 5409 3740 3477 3226 3056 2935 2836 2799 2777 2783 2863 
1464 1499 1565 1522 1119 832 609 682 696 260 0 383 715 1381 1773 2330 2560 2728 2897 3060 3355 3518 3742 4112 4533 4867 5035 5327 5516 5717 5901 5890 5472 5500 5560 5890 5628 5450 5188 5036 4671 4465 4531 4552 4533 4448 4281 4149 3950 3792 3539 3360 3071 2745 2497 2241 2039 1891 1812 1754 1584 1407 1300 1187 2924 2730 3299 3368 3331 3408 3588 3680 3887 4082 4471 4578 4776 4934 5173 5305 5451 5709 5175 5236 6118 6372 6578 6926 7211 7555 7841 7173 7118 7305 7378 7478 7647 7295 6882 6690 6504 6375 6119 5972 5640 5455 5363 5095 5025 5121 4855 4701 4680 4220 3930 4213 2612 2332 2057 1826 1586 1760 1929 3782 4059 4286 4718 4890 4979 5291 5496 5830 5324 5102 4972 4900 5171 5460 5517 5817 5910 6423 6104 5555 5195 5042 4740 4259 4131 3998 3891 3498 3360 972 1158 1510 1901 2165 2266 2562 2750 3624 4008 4162 4173 3953 4016 4119 4397 4611 4785 4973 5050 4975 5089 5240 3581 3329 3098 2947 2847 2791 2772 2771 2813 2935 
1499 1482 1496 1395 1024 716 578 813 831 640 383 0 363 1032 1418 1962 2193 2404 2606 2797 3120 3280 3486 3841 4249 4568 4731 5011 5192 5388 5567 5554 5134 5117 5179 5514 5253 5076 4817 4661 4292 4088 4160 4189 4178 4095 3935 3811 3613 3448 3188 3005 2724 2410 2177 1943 1726 1552 1456 1385 1203 1023 924 837 2681 2503 3025 3084 3033 3122 3294 3378 3600 3790 4185 4297 4503 4672 4905 5022 5158 5427 4877 4912 5793 6046 6247 6594 6882 7229 7518 6975 6902 7063 7131 7224 7381 7025 6618 6419 6228 6094 5832 5689 5370 5172 5067 4790 4726 4837 4583 4438 4431 3956 3650 3908 2276 1984 1693 1451 1221 1394 1569 3541 3820 4059 4512 4681 4751 5058 5277 5621 5151 4952 4836 4785 5064 5350 5384 5694 5785 6304 5965 5179 4825 4675 4377 3908 3775 3636 3526 3140 3005 622 870 1349 1643 1895 2013 2297 2469 3411 3790 3979 4028 3820 3913 4035 4305 4549 4702 4871 4933 4838 4940 5074 3443 3213 3020 2903 2837 2847 2856 2885 2975 3146 
1780 1733 1711 1568 1245 954 884 1158 1175 975 715 363 0 670 1060 1615 1845 2040 2248 2449 2784 2942 3139 3487 3891 4207 4369 4647 4829 5024 5204 5191 4771 4826 4911 5266 5013 4839 4586 4417 4036 3843 3932 3983 3993 3917 3773 3663 3469 3290 3019 2827 2567 2284 2082 1891 1656 1435 1305 1196 963 732 597 475 2343 2173 2672 2728 2673 2764 2935 3016 3242 3430 3827 3940 4148 4320 4552 4664 4797 5069 4516 4548 5429 5682 5884 6231 6518 6865 7154 7012 6919 7047 7109 7193 7332 6973 6574 6368 6169 6031 5759 5623 5324 5108 4984 4696 4642 4771 4537 4404 4416 3924 3599 3819 2147 1834 1510 1239 871 1045 1214 3201 3479 3723 4186 4354 4414 4719 4944 5292 4843 4659 4553 4515 4800 5083 5101 5417 5507 6028 5677 4935 4599 4457 4174 3733 3588 3435 3321 2954 2827 259 527 1088 1303 1547 1673 1949 2114 3085 3460 3668 3740 3541 3656 3791 4054 4319 4456 4610 4662 4553 4648 4771 3163 2951 2789 2700 2665 2734 2768 2825 2962 3182 
2312 2223 2150 1957 1727 1485 1487 1791 1809 1639 1381 1032 670 0 393 967 1190 1383 1632 1872 2244 2393 2558 2881 3265 3565 3722 3988 4165 4358 4536 4523 4102 4258 4382 4772 4534 4369 4131 3938 3538 3367 3489 3581 3632 3570 3460 3380 3199 2996 2711 2509 2302 2096 1972 1881 1637 1357 1178 1010 718 441 278 195 1804 1671 2072 2113 2040 2145 2305 2375 2618 2798 3200 3317 3534 3719 3943 4037 4158 4441 3873 3885 4765 5017 5217 5563 5852 6200 6490 7031 6901 6968 7020 7085 7193 6830 6448 6230 6019 5872 5587 5465 5204 4959 4802 4496 4461 4625 4431 4324 4370 3856 3504 3644 1964 1636 1279 985 240 406 552 2642 2918 3176 3665 3827 3859 4154 4396 4755 4365 4222 4140 4137 4431 4704 4683 5012 5098 5623 5244 4451 4153 4027 3776 3395 3232 3055 2932 2614 2509 410 375 936 816 1000 1152 1384 1515 2575 2933 3193 3329 3156 3321 3486 3728 4038 4134 4252 4279 4137 4212 4305 2783 2622 2542 2523 2557 2743 2825 2932 3146 3441 
2615 2508 2410 2198 2021 1807 1839 2153 2170 2032 1773 1418 1060 393 0 581 799 1037 1342 1623 2024 2161 2292 2584 2944 3225 3375 3627 3797 3985 4159 4144 3722 3901 4046 4455 4226 4067 3838 3633 3225 3067 3209 3325 3400 3347 3259 3199 3029 2816 2527 2323 2157 2010 1940 1914 1682 1392 1206 1026 768 592 543 586 1598 1508 1793 1816 1721 1842 1988 2043 2304 2474 2879 3000 3225 3422 3636 3712 3821 4115 3532 3517 4394 4645 4841 5186 5477 5827 6120 7001 6849 6881 6927 6981 7069 6705 6336 6112 5894 5744 5452 5339 5103 4841 4666 4353 4329 4512 4344 4253 4320 3799 3436 3526 1887 1569 1223 959 215 127 160 2395 2665 2933 3440 3596 3603 3888 4144 4510 4170 4059 3996 4018 4316 4579 4532 4867 4949 5474 5077 4140 3866 3751 3520 3181 3007 2819 2693 2412 2323 801 719 1117 763 844 1009 1170 1253 2375 2712 3012 3195 3045 3244 3427 3650 3988 4055 4147 4156 3991 4050 4120 2684 2564 2542 2569 2644 2891 2996 3125 3373 3699 
3011 2878 2750 2519 2417 2249 2322 2646 2663 2590 2330 1962 1615 967 581 0 233 780 1196 1533 1959 2065 2120 2336 2631 2859 2991 3199 3348 3520 3679 3660 3237 3333 3498 3926 3709 3557 3342 3123 2705 2568 2734 2883 2991 2953 2898 2868 2719 2494 2209 2011 1918 1871 1889 1961 1765 1494 1326 1168 1021 1000 1042 1152 1595 1587 1624 1604 1463 1614 1715 1728 2025 2163 2566 2694 2932 3151 3343 3376 3452 3770 3158 3070 3935 4180 4365 4704 5001 5356 5654 6847 6665 6646 6683 6721 6783 6419 6068 5837 5613 5458 5158 5059 4860 4579 4379 4059 4052 4260 4132 4065 4160 3639 3267 3281 1772 1500 1223 1060 745 570 421 2259 2507 2786 3314 3455 3414 3674 3952 4329 4083 4029 3997 4059 4359 4604 4512 4855 4930 5449 5026 3620 3377 3276 3075 2801 2616 2414 2285 2070 2011 1362 1300 1613 1117 1051 1195 1210 1182 2327 2611 2974 3231 3119 3364 3569 3761 4132 4156 4207 4188 3989 4021 4051 2787 2733 2789 2871 2991 3299 3425 3575 3852 4204 
3233 3097 2963 2730 2641 2479 2554 2878 2895 2820 2560 2193 1845 1190 799 233 0 682 1113 1458 1881 1973 1997 2181 2452 2661 2787 2983 3127 3295 3452 3432 3009 3154 3339 3783 3576 3431 3226 2997 2576 2456 2638 2807 2935 2905 2870 2856 2718 2491 2212 2021 1964 1960 2011 2112 1930 1670 1510 1361 1239 1232 1275 1378 1553 1578 1514 1476 1321 1480 1560 1557 1864 1988 2386 2516 2757 2983 3165 3185 3252 3576 2957 2850 3711 3955 4138 4476 4773 5129 5428 6898 6704 6663 6695 6726 6775 6412 6071 5838 5610 5454 5152 5060 4879 4589 4379 4056 4057 4276 4167 4111 4217 3698 3325 3306 1873 1625 1379 1250 974 800 638 2148 2384 2664 3195 3329 3272 3522 3807 4185 3974 3941 3922 3999 4298 4534 4427 4770 4843 5358 4926 3485 3266 3176 2996 2763 2574 2365 2237 2062 2020 1590 1510 1771 1237 1123 1248 1204 1132 2249 2509 2892 3174 3079 3340 3552 3731 4112 4119 4154 4124 3913 3934 3949 2763 2735 2823 2928 3066 3399 3535 3694 3985 4350 
3651 3539 3433 3213 3056 2844 2868 3174 3192 2977 2728 2404 2040 1383 1037 780 682 0 430 776 1198 1292 1339 1576 1911 2188 2341 2606 2789 2988 3174 3164 2749 3494 3751 4234 4055 3927 3748 3501 3076 2993 3202 3401 3553 3532 3516 3516 3385 3158 2883 2695 2647 2636 2668 2740 2539 2261 2086 1919 1726 1616 1580 1574 888 954 844 826 700 841 963 1006 1279 1440 1846 1969 2199 2406 2611 2677 2783 3079 2495 2508 3390 3644 3849 4198 4482 4827 5114 7580 7384 7334 7365 7391 7431 7069 6735 6500 6271 6114 5810 5723 5552 5259 5043 4719 4725 4949 4846 4793 4900 4381 4008 3984 2543 2279 2001 1819 1252 1118 929 1479 1726 2005 2533 2674 2639 2906 3179 3554 3304 3260 3239 3317 3616 3851 3746 4089 4162 4679 4251 3960 3797 3727 3584 3401 3209 2997 2870 2728 2694 1784 1576 1568 976 742 789 613 473 1566 1834 2210 2494 2406 2677 2894 3061 3450 3446 3473 3441 3230 3254 3275 2101 2101 2236 2380 2554 2940 3098 3281 3609 4010 
3940 3843 3752 3541 3351 3117 3112 3404 3422 3133 2897 2606 2248 1632 1342 1196 1113 430 0 345 768 869 953 1249 1642 1970 2141 2456 2662 2880 3082 3080 2681 3771 4060 4560 4396 4276 4111 3857 3434 3369 3587 3798 3960 3943 3935 3939 3812 3584 3311 3124 3078 3062 3085 3142 2933 2650 2471 2298 2082 1934 1866 1809 485 613 451 481 440 516 690 792 993 1185 1578 1691 1903 2088 2311 2415 2554 2820 2278 2388 3262 3519 3738 4090 4361 4695 4971 8011 7815 7762 7791 7815 7852 7490 7160 6924 6694 6536 6232 6147 5980 5686 5467 5143 5151 5377 5277 5223 5331 4812 4439 4414 2966 2695 2405 2204 1550 1445 1268 1073 1333 1608 2129 2276 2264 2546 2806 3176 2889 2834 2809 2887 3185 3421 3319 3662 3736 4253 3830 4299 4164 4104 3978 3817 3624 3410 3285 3155 3124 2005 1742 1566 1016 746 698 403 172 1136 1417 1781 2064 1981 2259 2480 2638 3032 3020 3043 3010 2800 2827 2855 1686 1713 1886 2062 2262 2684 2856 3054 3404 3826 
4182 4095 4016 3812 3600 3351 3327 3606 3624 3283 3060 2797 2449 1872 1623 1533 1458 776 345 0 426 542 690 1053 1492 1861 2045 2396 2620 2850 3062 3067 2688 4020 4331 4840 4686 4573 4416 4159 3738 3683 3907 4125 4293 4279 4275 4282 4156 3928 3656 3469 3423 3403 3419 3466 3252 2966 2784 2609 2380 2211 2123 2036 235 453 264 382 483 436 631 778 868 1078 1434 1531 1718 1875 2113 2255 2421 2656 2162 2355 3210 3467 3695 4046 4304 4627 4892 8357 8160 8106 8135 8158 8192 7831 7502 7266 7036 6877 6573 6489 6325 6030 5810 5486 5495 5722 5622 5569 5676 5156 4783 4759 3305 3029 2731 2520 1822 1734 1567 773 1047 1311 1819 1973 1988 2282 2526 2889 2564 2495 2466 2541 2840 3076 2979 3321 3396 3916 3496 4589 4471 4419 4303 4155 3962 3747 3622 3499 3469 2218 1927 1638 1159 902 794 500 371 794 1094 1441 1718 1640 1924 2149 2299 2696 2677 2698 2665 2457 2488 2525 1357 1412 1626 1831 2055 2503 2686 2895 3260 3697 
4542 4465 4395 4198 3968 3709 3668 3934 3951 3565 3355 3120 2784 2244 2024 1959 1881 1198 768 426 0 165 449 865 1332 1736 1928 2315 2554 2795 3017 3029 2682 4295 4631 5151 5012 4907 4763 4501 4085 4045 4277 4505 4682 4672 4677 4690 4568 4340 4070 3886 3846 3829 3844 3887 3670 3383 3201 3024 2788 2606 2506 2397 442 625 441 558 738 599 732 888 817 1017 1285 1353 1496 1609 1859 2047 2245 2435 2017 2310 3121 3374 3610 3957 4197 4504 4754 8778 8579 8518 8545 8565 8593 8233 7909 7672 7441 7282 6977 6897 6739 6441 6218 5894 5906 6136 6042 5990 6099 5580 5207 5177 3731 3454 3154 2938 2216 2140 1979 430 704 939 1421 1582 1631 1938 2160 2513 2148 2069 2041 2122 2420 2652 2553 2895 2970 3490 3073 4914 4822 4779 4679 4554 4360 4145 4021 3912 3886 2567 2256 1876 1480 1248 1111 862 788 368 689 1015 1305 1248 1553 1783 1909 2316 2276 2282 2243 2032 2062 2104 1010 1137 1425 1675 1928 2405 2600 2820 3202 3652 
4696 4616 4543 4343 4119 3863 3825 4094 4111 3729 3518 3280 2942 2393 2161 2065 1973 1292 869 542 165 0 304 716 1182 1591 1783 2176 2418 2659 2883 2897 2560 4268 4617 5141 5011 4912 4776 4511 4099 4069 4306 4542 4726 4720 4733 4752 4636 4408 4142 3961 3933 3929 3954 4006 3793 3508 3327 3151 2921 2747 2652 2550 599 790 476 566 753 595 687 835 711 898 1138 1200 1336 1444 1695 1886 2089 2272 1866 2180 2978 3229 3467 3813 4049 4352 4600 8861 8656 8583 8608 8625 8646 8287 7969 7731 7499 7340 7034 6957 6808 6507 6279 5956 5971 6205 6119 6073 6186 5669 5296 5253 3835 3564 3271 3062 2357 2274 2109 265 540 783 1279 1436 1472 1778 2005 2361 2023 1968 1954 2054 2349 2571 2454 2797 2870 3386 2960 4913 4837 4800 4712 4606 4413 4197 4075 3981 3961 2722 2415 2041 1639 1402 1269 1009 913 303 552 921 1254 1229 1549 1783 1885 2299 2237 2222 2169 1944 1961 1986 1036 1205 1519 1781 2041 2523 2721 2943 3327 3780 
4870 4780 4696 4489 4286 4040 4018 4296 4314 3961 3742 3486 3139 2558 2292 2120 1997 1339 953 690 449 304 0 416 883 1288 1480 1872 2114 2355 2579 2593 2259 4064 4430 4961 4844 4753 4631 4363 3958 3946 4191 4438 4635 4637 4665 4697 4592 4365 4108 3935 3931 3956 4004 4080 3876 3596 3419 3248 3035 2883 2805 2725 825 1041 502 520 689 522 521 639 435 605 836 904 1058 1192 1436 1606 1799 1999 1567 1876 2675 2927 3164 3510 3748 4054 4305 8839 8623 8528 8549 8558 8567 8210 7902 7662 7429 7269 6963 6893 6761 6455 6219 5896 5918 6160 6091 6055 6178 5665 5293 5223 3870 3615 3341 3152 2497 2397 2221 190 387 667 1198 1334 1311 1597 1853 2223 1981 1988 2009 2146 2431 2628 2473 2816 2881 3385 2942 4745 4695 4670 4603 4533 4340 4124 4004 3943 3934 2909 2616 2290 1845 1592 1476 1190 1044 516 552 995 1393 1417 1750 1984 2052 2471 2376 2324 2246 1996 1983 1965 1282 1483 1812 2079 2341 2825 3023 3246 3631 4084 
5190 5090 4995 4780 4599 4366 4358 4645 4663 4337 4112 3841 3487 2881 2584 2336 2181 1576 1249 1053 865 716 416 0 466 874 1067 1464 1709 1952 2177 2194 1877 3883 4276 4815 4720 4643 4544 4272 3882 3896 4151 4415 4629 4641 4691 4741 4651 4428 4185 4023 4052 4113 4189 4292 4101 3829 3658 3493 3302 3175 3114 3056 1221 1443 815 769 876 742 621 643 325 325 421 490 665 838 1064 1204 1386 1603 1151 1481 2262 2513 2751 3096 3332 3638 3890 8914 8682 8557 8572 8571 8562 8209 7917 7676 7441 7280 6974 6914 6807 6494 6247 5927 5958 6211 6165 6142 6278 5773 5404 5298 4038 3805 3555 3391 2795 2680 2496 508 436 634 1121 1214 1101 1340 1629 2007 1910 2003 2069 2250 2514 2676 2471 2807 2861 3340 2880 4622 4613 4604 4569 4552 4361 4146 4033 4015 4022 3249 2971 2683 2210 1948 1848 1549 1373 865 712 1148 1589 1670 2007 2236 2258 2676 2539 2438 2330 2052 2001 1923 1608 1844 2193 2469 2735 3221 3421 3646 4033 4488 
5560 5451 5345 5123 4965 4745 4751 5046 5063 4764 4533 4249 3891 3265 2944 2631 2452 1911 1642 1492 1332 1182 883 466 0 414 606 1013 1261 1506 1733 1753 1468 3720 4141 4684 4616 4557 4484 4211 3843 3887 4150 4430 4661 4685 4759 4827 4755 4537 4311 4164 4227 4326 4428 4559 4382 4121 3957 3799 3630 3528 3483 3447 1675 1901 1238 1165 1225 1126 959 908 648 472 65 70 313 561 714 773 929 1178 685 1055 1800 2049 2288 2632 2866 3171 3424 9015 8766 8608 8616 8603 8574 8227 7954 7712 7476 7315 7010 6961 6882 6563 6306 5990 6032 6294 6274 6266 6415 5921 5557 5413 4262 4053 3831 3692 3159 3030 2841 960 807 879 1217 1248 1033 1173 1486 1856 1943 2125 2235 2453 2689 2807 2558 2875 2916 3358 2887 4519 4558 4569 4570 4613 4425 4215 4109 4139 4163 3646 3383 3130 2635 2369 2281 1976 1783 1306 1074 1452 1900 2022 2354 2574 2555 2964 2789 2645 2508 2215 2126 1988 2016 2274 2634 2915 3185 3673 3874 4099 4488 4944 
5836 5717 5601 5374 5239 5032 5052 5355 5373 5103 4867 4568 4207 3565 3225 2859 2661 2188 1970 1861 1736 1591 1288 874 414 0 192 601 850 1094 1322 1345 1085 3526 3967 4509 4465 4422 4373 4102 3757 3827 4094 4385 4630 4663 4757 4842 4786 4576 4367 4234 4327 4459 4585 4740 4578 4327 4172 4023 3875 3797 3768 3752 2058 2287 1600 1510 1536 1465 1280 1191 995 789 452 417 465 667 665 545 596 916 308 664 1387 1638 1876 2221 2461 2773 3033 9026 8762 8575 8577 8555 8508 8166 7911 7668 7433 7272 6969 6930 6877 6553 6289 5977 6029 6297 6301 6306 6466 5984 5628 5450 4406 4221 4025 3911 3440 3301 3110 1374 1215 1254 1501 1491 1227 1264 1572 1911 2150 2386 2522 2759 2973 3062 2785 3084 3113 3520 3048 4370 4451 4479 4513 4607 4424 4220 4122 4194 4233 3957 3710 3497 2981 2712 2636 2329 2123 1720 1476 1827 2271 2410 2737 2951 2912 3313 3118 2950 2799 2501 2390 2215 2423 2685 3047 3329 3599 4087 4288 4513 4902 5358 
5981 5859 5739 5509 5384 5183 5208 5513 5531 5273 5035 4731 4369 3722 3375 2991 2787 2341 2141 2045 1928 1783 1480 1067 606 192 0 415 664 908 1135 1160 926 3465 3915 4454 4422 4387 4350 4081 3748 3831 4099 4394 4644 4682 4786 4877 4829 4622 4422 4295 4402 4547 4683 4848 4692 4447 4295 4149 4011 3942 3919 3910 2245 2473 1782 1687 1703 1641 1452 1354 1177 968 645 606 614 776 711 506 471 822 180 505 1194 1446 1683 2029 2270 2585 2847 9054 8784 8583 8582 8555 8500 8161 7914 7672 7437 7277 6975 6941 6899 6574 6306 5997 6053 6325 6339 6351 6515 6040 5686 5495 4499 4325 4140 4037 3591 3448 3256 1566 1404 1430 1642 1617 1339 1334 1631 1951 2252 2510 2656 2900 3104 3180 2892 3181 3205 3594 3124 4328 4430 4466 4515 4634 4454 4253 4158 4250 4294 4117 3877 3677 3155 2885 2814 2506 2297 1912 1661 2000 2441 2587 2912 3123 3075 3471 3269 3090 2933 2634 2515 2326 2609 2875 3238 3521 3791 4279 4480 4705 5094 5551 
6208 6077 5946 5712 5612 5426 5466 5778 5795 5571 5327 5011 4647 3988 3627 3199 2983 2606 2456 2396 2315 2176 1872 1464 1013 601 415 0 249 493 720 745 553 3244 3709 4241 4233 4214 4202 3938 3634 3742 4010 4312 4573 4620 4743 4850 4818 4621 4441 4329 4464 4640 4799 4986 4845 4614 4472 4335 4220 4176 4169 4180 2607 2836 2131 2026 2015 1976 1781 1663 1533 1322 1046 1019 1021 1151 1027 742 547 884 441 199 813 1070 1300 1650 1909 2239 2516 8998 8715 8486 8479 8442 8370 8038 7809 7567 7333 7174 6876 6852 6836 6509 6234 5933 5997 6274 6311 6336 6511 6051 5707 5483 4604 4455 4299 4221 3840 3689 3497 1969 1816 1844 2031 1990 1701 1646 1920 2202 2592 2876 3033 3284 3477 3535 3234 3508 3525 3884 3420 4142 4284 4337 4419 4588 4415 4223 4137 4269 4328 4391 4170 4013 3472 3202 3144 2837 2619 2319 2075 2413 2852 3001 3325 3535 3481 3872 3662 3473 3309 3011 2882 2676 3023 3287 3647 3928 4197 4684 4885 5109 5497 5953 
6360 6224 6088 5852 5765 5588 5636 5950 5968 5762 5516 5192 4829 4165 3797 3348 3127 2789 2662 2620 2554 2418 2114 1709 1261 850 664 249 0 244 471 495 381 3138 3609 4134 4143 4134 4138 3878 3594 3718 3984 4289 4555 4608 4742 4858 4836 4645 4478 4376 4527 4720 4891 5090 4958 4735 4599 4469 4366 4335 4337 4359 2834 3064 2355 2245 2223 2194 1998 1872 1763 1552 1292 1268 1267 1386 1242 942 710 999 674 280 601 858 1077 1429 1699 2039 2325 8981 8690 8444 8433 8391 8308 7981 7763 7522 7289 7131 6836 6818 6817 6489 6211 5915 5984 6264 6315 6349 6529 6079 5741 5499 4690 4556 4417 4353 4009 3854 3663 2215 2066 2093 2268 2220 1927 1849 2109 2370 2802 3099 3261 3516 3702 3751 3444 3709 3722 4064 3605 4054 4222 4285 4386 4586 4418 4232 4152 4308 4375 4571 4360 4225 3676 3407 3355 3050 2828 2566 2325 2661 3099 3250 3573 3782 3724 4113 3899 3704 3537 3239 3105 2891 3273 3535 3895 4175 4443 4930 5130 5355 5742 6197 
6528 6389 6248 6010 5936 5766 5821 6138 6155 5965 5717 5388 5024 4358 3985 3520 3295 2988 2880 2850 2795 2659 2355 1952 1506 1094 908 493 244 0 227 255 347 3068 3545 4060 4086 4088 4109 3854 3591 3729 3994 4300 4570 4628 4773 4897 4886 4701 4546 4454 4619 4827 5009 5218 5095 4880 4749 4624 4532 4513 4522 4552 3067 3296 2585 2473 2444 2421 2224 2094 1998 1788 1536 1512 1506 1613 1454 1147 898 1139 907 494 419 661 861 1212 1493 1842 2136 8991 8692 8430 8415 8367 8273 7951 7745 7506 7274 7117 6824 6813 6827 6499 6218 5927 6002 6284 6348 6389 6575 6135 5804 5545 4804 4683 4559 4507 4195 4037 3847 2459 2310 2334 2495 2440 2145 2047 2294 2534 3004 3312 3480 3738 3917 3957 3644 3900 3909 4234 3780 4000 4193 4267 4387 4617 4455 4274 4201 4378 4452 4766 4563 4446 3891 3623 3576 3271 3048 2811 2569 2901 3337 3491 3813 4020 3958 4345 4126 3925 3754 3457 3319 3097 3517 3780 4139 4419 4687 5173 5374 5598 5984 6439 
6682 6539 6394 6155 6092 5929 5990 6309 6326 6151 5901 5567 5204 4536 4159 3679 3452 3174 3082 3062 3017 2883 2579 2177 1733 1322 1135 720 471 227 0 56 445 3010 3489 3994 4035 4048 4084 3835 3593 3744 4005 4312 4586 4649 4803 4935 4932 4754 4611 4527 4705 4926 5117 5336 5221 5013 4887 4767 4686 4677 4692 4730 3282 3511 2798 2684 2648 2632 2434 2301 2216 2007 1763 1740 1731 1832 1664 1354 1098 1304 1129 708 340 524 685 1027 1321 1677 1978 8996 8690 8412 8395 8340 8237 7920 7725 7487 7256 7100 6811 6806 6834 6506 6223 5937 6016 6300 6377 6425 6615 6185 5861 5587 4909 4801 4690 4650 4367 4206 4018 2685 2537 2561 2713 2653 2356 2245 2481 2704 3202 3518 3690 3950 4124 4157 3839 4088 4094 4405 3956 3952 4169 4252 4391 4647 4490 4316 4248 4445 4525 4945 4750 4649 4089 3822 3780 3476 3251 3037 2796 3127 3562 3717 4038 4245 4180 4564 4342 4137 3964 3667 3526 3299 3744 4007 4366 4645 4912 5399 5599 5823 6209 6663 
6661 6516 6370 6130 6071 5910 5974 6293 6310 6140 5890 5554 5191 4523 4144 3660 3432 3164 3080 3067 3029 2897 2593 2194 1753 1345 1160 745 495 255 56 0 423 2954 3434 3938 3980 3994 4031 3782 3543 3695 3956 4263 4536 4600 4756 4888 4887 4710 4569 4486 4667 4891 5084 5305 5192 4986 4862 4743 4665 4659 4676 4717 3288 3516 2803 2687 2647 2635 2438 2302 2225 2017 1782 1763 1761 1868 1704 1395 1141 1355 1162 718 392 561 708 1043 1341 1699 2002 8945 8639 8359 8342 8287 8183 7866 7672 7434 7203 7048 6758 6754 6784 6455 6172 5887 5967 6251 6329 6378 6569 6141 5818 5541 4875 4770 4662 4626 4352 4190 4002 2702 2560 2588 2750 2692 2396 2290 2529 2755 3247 3560 3731 3990 4166 4201 3885 4136 4142 4456 4006 3897 4116 4200 4340 4599 4443 4270 4203 4404 4485 4932 4741 4647 4084 3818 3778 3476 3250 3056 2820 3156 3593 3746 4068 4276 4214 4599 4379 4177 4005 3708 3567 3343 3768 4027 4385 4663 4929 5415 5615 5838 6224 6678 
6238 6094 5948 5709 5648 5487 5551 5870 5888 5723 5472 5134 4771 4102 3722 3237 3009 2749 2681 2688 2682 2560 2259 1877 1468 1085 926 553 381 347 445 423 0 2761 3234 3757 3770 3766 3778 3521 3250 3385 3650 3956 4225 4282 4426 4550 4538 4354 4200 4109 4279 4492 4679 4895 4778 4568 4442 4322 4242 4235 4254 4297 2914 3140 2427 2306 2254 2253 2056 1915 1867 1665 1484 1490 1540 1694 1580 1294 1079 1380 991 422 746 964 1130 1467 1764 2121 2424 8648 8351 8093 8081 8034 7946 7622 7411 7170 6938 6780 6487 6474 6484 6155 5875 5583 5657 5938 6001 6042 6227 5787 5457 5197 4472 4360 4245 4205 3930 3767 3580 2384 2271 2337 2568 2536 2250 2199 2470 2742 3145 3425 3578 3825 4024 4087 3788 4062 4078 4432 3970 3683 3862 3931 4046 4270 4107 3927 3853 4033 4108 4512 4325 4246 3678 3414 3380 3080 2852 2743 2542 2911 3356 3489 3819 4035 3998 4396 4196 4015 3854 3556 3430 3228 3477 3721 4067 4338 4601 5083 5280 5502 5884 6335 
5594 5402 5203 4971 5112 5102 5273 5587 5600 5754 5500 5117 4826 4258 3901 3333 3154 3494 3771 4020 4295 4268 4064 3883 3720 3526 3465 3244 3138 3068 3010 2954 2761 0 479 996 1029 1069 1182 1005 1043 1295 1445 1698 1964 2065 2295 2484 2582 2506 2535 2584 2893 3253 3541 3858 3884 3834 3817 3807 3922 4099 4232 4418 4233 4385 3864 3738 3568 3695 3580 3436 3649 3559 3691 3780 3957 4188 4175 3950 3790 4124 3607 3051 3339 3427 3426 3587 3861 4173 4463 6132 5797 5461 5434 5364 5242 4934 4770 4537 4313 4162 3889 3911 4015 3695 3406 3168 3275 3559 3728 3834 4054 3747 3518 3110 3320 3425 3554 3712 4018 3854 3746 4252 4309 4511 4933 4968 4734 4790 5093 5415 5657 5842 5937 6132 6388 6525 6278 6592 6628 7046 6574 952 1267 1408 1677 2158 2088 2024 2041 2438 2583 4603 4618 4923 4366 4196 4276 4096 3906 4559 4572 5022 5449 5481 5810 6045 6114 6534 6418 6321 6204 5919 5843 5708 5301 5419 5645 5833 6030 6433 6592 6774 7094 7480 
5527 5331 5126 4902 5079 5098 5284 5588 5600 5808 5560 5179 4911 4382 4046 3498 3339 3751 4060 4331 4631 4617 4430 4276 4141 3967 3915 3709 3609 3545 3489 3434 3234 479 0 542 551 611 780 686 910 1151 1215 1410 1650 1760 2003 2202 2328 2290 2370 2455 2776 3148 3444 3768 3824 3810 3817 3828 3976 4178 4326 4529 4535 4670 4194 4072 3896 4032 3932 3795 4026 3951 4109 4203 4389 4624 4622 4405 4253 4590 4061 3513 3819 3906 3902 4058 4328 4635 4922 5680 5339 4992 4962 4890 4763 4458 4300 4068 3846 3698 3429 3458 3581 3267 2979 2758 2873 3152 3346 3465 3691 3422 3226 2792 3232 3380 3553 3743 4141 3985 3897 4619 4695 4908 5346 5389 5164 5232 5538 5866 6084 6254 6341 6527 6789 6936 6698 7017 7056 7483 7011 478 857 1026 1344 1884 1851 1834 1880 2301 2453 4702 4751 5108 4572 4424 4517 4362 4185 4913 4951 5403 5822 5840 6166 6399 6482 6902 6799 6714 6605 6323 6254 6129 5641 5740 5946 6118 6303 6687 6839 7012 7318 7689 
5736 5537 5328 5115 5326 5373 5571 5864 5876 6131 5890 5514 5266 4772 4455 3926 3783 4234 4560 4840 5151 5141 4961 4815 4684 4509 4454 4241 4134 4060 3994 3938 3757 996 542 0 292 480 759 855 1233 1425 1387 1477 1652 1767 2015 2217 2376 2390 2530 2650 2974 3349 3647 3972 4058 4080 4108 4140 4314 4535 4693 4908 5038 5166 4712 4592 4413 4553 4459 4324 4561 4489 4651 4745 4931 5167 5162 4943 4786 5120 4599 4047 4319 4393 4374 4508 4767 5060 5338 5317 4962 4575 4537 4451 4302 4011 3885 3660 3447 3306 3055 3106 3281 2983 2702 2526 2653 2918 3156 3300 3530 3333 3191 2729 3449 3637 3849 4064 4533 4384 4312 5151 5232 5447 5888 5932 5707 5774 6079 6405 6626 6795 6881 7065 7329 7477 7240 7560 7598 8025 7553 341 794 985 1346 1928 1950 1993 2068 2495 2649 5071 5146 5539 5021 4886 4987 4847 4678 5440 5486 5938 6354 6367 6691 6924 7012 7431 7333 7252 7144 6863 6796 6672 6161 6251 6446 6610 6788 7160 7306 7473 7769 8129 
5450 5250 5041 4829 5045 5097 5298 5589 5600 5867 5628 5253 5013 4534 4226 3709 3576 4055 4396 4686 5012 5011 4844 4720 4616 4465 4422 4233 4143 4086 4035 3980 3770 1029 551 292 0 189 468 596 1003 1170 1107 1186 1360 1476 1723 1926 2084 2098 2241 2365 2689 3064 3361 3686 3776 3805 3838 3875 4056 4284 4445 4665 4878 4996 4571 4455 4273 4419 4335 4205 4454 4395 4579 4679 4874 5115 5125 4918 4775 5117 4574 4037 4367 4456 4453 4607 4875 5179 5464 5150 4803 4445 4413 4339 4212 3907 3753 3523 3302 3156 2892 2929 3076 2769 2484 2288 2412 2683 2906 3043 3272 3057 2906 2448 3165 3360 3581 3802 4296 4151 4086 5034 5129 5354 5809 5860 5646 5728 6037 6372 6559 6713 6789 6965 7234 7392 7165 7489 7531 7969 7497 98 501 693 1054 1635 1658 1706 1785 2211 2364 4823 4909 5320 4813 4688 4795 4668 4507 5312 5377 5829 6237 6240 6559 6792 6891 7308 7220 7150 7049 6772 6713 6599 6021 6098 6280 6435 6605 6966 7108 7271 7559 7912 
5261 5061 4852 4640 4858 4912 5115 5404 5415 5687 5450 5076 4839 4369 4067 3557 3431 3927 4276 4573 4907 4912 4753 4643 4557 4422 4387 4214 4134 4088 4048 3994 3766 1069 611 480 189 0 279 434 855 1002 923 997 1176 1292 1540 1743 1898 1909 2052 2177 2501 2876 3173 3498 3589 3621 3656 3696 3881 4112 4275 4498 4760 4873 4466 4352 4169 4317 4240 4114 4371 4320 4518 4622 4822 5065 5084 4887 4752 5098 4542 4016 4383 4483 4490 4656 4930 5241 5529 5070 4731 4393 4367 4301 4189 3875 3702 3468 3243 3093 2821 2847 2972 2659 2371 2160 2279 2555 2764 2895 3123 2892 2731 2277 2978 3175 3400 3624 4132 3990 3929 4944 5047 5277 5741 5797 5589 5682 5992 6332 6499 6642 6713 6883 7155 7319 7099 7425 7470 7914 7443 165 316 509 869 1448 1469 1518 1598 2024 2176 4652 4744 5166 4666 4548 4658 4539 4383 5214 5290 5743 6145 6142 6458 6690 6795 7211 7130 7067 6970 6696 6641 6535 5914 5984 6157 6306 6472 6827 6966 7125 7410 7759 
4983 4782 4574 4362 4583 4641 4845 5132 5143 5424 5188 4817 4586 4131 3838 3342 3226 3748 4111 4416 4763 4776 4631 4544 4484 4373 4350 4202 4138 4109 4084 4031 3778 1182 780 759 468 279 0 272 678 773 657 718 909 1024 1272 1475 1624 1631 1773 1901 2224 2598 2895 3220 3314 3350 3390 3434 3626 3861 4028 4254 4596 4699 4322 4212 4027 4180 4114 3993 4261 4223 4442 4550 4758 5005 5038 4854 4733 5085 4511 4003 4422 4536 4558 4743 5023 5343 5637 4961 4634 4329 4310 4258 4169 3843 3641 3403 3174 3019 2735 2744 2833 2512 2223 1987 2098 2380 2566 2685 2910 2653 2476 2029 2701 2904 3135 3365 3895 3756 3704 4821 4938 5176 5651 5716 5518 5625 5938 6285 6419 6547 6609 6771 7047 7219 7010 7340 7387 7841 7371 429 86 250 598 1174 1190 1240 1323 1747 1900 4404 4506 4943 4455 4348 4463 4357 4210 5079 5174 5625 6019 6005 6316 6547 6661 7075 7005 6952 6862 6593 6545 6450 5765 5822 5983 6123 6281 6626 6760 6916 7193 7535 
4901 4703 4496 4278 4478 4520 4717 5011 5023 5276 5036 4661 4417 3938 3633 3123 2997 3501 3857 4159 4501 4511 4363 4272 4211 4102 4081 3938 3878 3854 3835 3782 3521 1005 686 855 596 434 272 0 424 574 549 725 971 1079 1319 1518 1642 1610 1711 1814 2138 2513 2811 3137 3212 3226 3253 3285 3462 3687 3849 4069 4342 4450 4060 3949 3765 3916 3847 3725 3991 3951 4170 4278 4486 4733 4767 4585 4466 4819 4242 3738 4174 4295 4324 4518 4803 5128 5424 5186 4866 4577 4561 4513 4432 4102 3891 3652 3421 3265 2976 2977 3043 2719 2430 2176 2278 2563 2723 2828 3049 2753 2545 2119 2607 2785 2994 3210 3701 3557 3495 4553 4668 4905 5379 5443 5245 5353 5666 6013 6146 6275 6338 6501 6777 6948 6738 7068 7115 7569 7098 518 349 422 675 1198 1169 1170 1232 1659 1813 4226 4313 4731 4231 4115 4227 4112 3961 4814 4905 5356 5752 5741 6054 6285 6397 6811 6738 6683 6592 6322 6274 6178 5505 5567 5734 5879 6042 6394 6532 6691 6975 7324 
4619 4423 4219 3994 4168 4190 4379 4681 4693 4916 4671 4292 4036 3538 3225 2705 2576 3076 3434 3738 4085 4099 3958 3882 3843 3757 3748 3634 3594 3591 3593 3543 3250 1043 910 1233 1003 855 678 424 0 253 438 736 1015 1098 1301 1477 1554 1465 1496 1560 1877 2245 2540 2862 2914 2900 2911 2929 3090 3305 3461 3675 3920 4026 3644 3535 3350 3503 3440 3322 3594 3563 3799 3910 4125 4374 4422 4254 4151 4508 3914 3435 3934 4074 4124 4343 4637 4974 5277 5402 5101 4852 4845 4810 4752 4413 4175 3933 3699 3540 3242 3224 3241 2912 2629 2346 2431 2716 2827 2905 3114 2760 2504 2125 2325 2469 2648 2847 3300 3152 3083 4148 4270 4512 4995 5065 4876 4996 5310 5664 5769 5885 5943 6100 6379 6555 6352 6685 6734 7195 6726 915 737 725 797 1153 1057 981 1001 1409 1558 3838 3912 4316 3811 3692 3803 3688 3537 4403 4503 4953 5344 5328 5639 5869 5985 6398 6330 6281 6194 5927 5884 5796 5087 5146 5310 5455 5617 5971 6110 6270 6557 6909 
4376 4179 3975 3751 3934 3963 4156 4454 4466 4706 4465 4088 3843 3367 3067 2568 2456 2993 3369 3683 4045 4069 3946 3896 3887 3827 3831 3742 3718 3729 3744 3695 3385 1295 1151 1425 1170 1002 773 574 253 0 268 571 841 907 1088 1253 1316 1216 1243 1308 1627 1997 2293 2616 2674 2671 2689 2716 2888 3113 3275 3495 3854 3947 3606 3503 3316 3474 3424 3315 3599 3582 3840 3956 4177 4429 4490 4337 4247 4608 4001 3544 4085 4235 4296 4527 4824 5165 5470 5264 4973 4752 4751 4727 4687 4342 4084 3841 3606 3445 3143 3112 3099 2771 2493 2198 2272 2555 2643 2708 2913 2539 2272 1908 2080 2235 2429 2639 3130 2988 2931 4134 4271 4521 5015 5092 4916 5051 5365 5724 5796 5896 5944 6092 6375 6560 6368 6703 6756 7226 6759 1092 810 735 685 935 821 730 747 1157 1307 3652 3742 4170 3683 3578 3696 3600 3461 4373 4495 4941 5320 5293 5597 5826 5952 6362 6306 6269 6190 5929 5893 5817 5038 5082 5229 5362 5515 5855 5988 6143 6420 6763 
