5
212
36 0 1 2 3 4 5 6 7 8 9 10 11 12 13 14 15 16 17 18 19 20 21 22 23 24 25 26 27 28 29 30 31 32 33 34 35
70 36 37 38 39 40 41 42 43 44 45 46 47 48 49 50 51 52 53 54 55 56 5 6 7 8 9 57 58 59 60 61 62 63 64 65 66 67 68 69 70 71 72 73 74 75 76 77 78 79 80 81 82 83 84 85 86 87 88 89 90 91 92 93 94 95 96 97 98 99 100
71 101 102 103 104 105 106 107 108 109 110 111 112 113 114 115 116 117 118 119 120 121 122 123 124 125 126 127 128 129 130 6 7 131 8 9 57 58 132 62 63 64 65 133 134 135 136 137 138 139 140 141 71 72 73 74 75 142 143 144 145 146 147 148 149 150 151 152 153 154 155 156
48 46 157 158 159 160 161 162 163 164 165 166 167 1 2 3 4 5 6 7 168 169 170 171 172 173 174 63 64 65 66 67 68 69 70 175 176 177 178 179 180 181 144 145 182 183 184 152 185
40 186 187 188 189 190 191 192 193 194 8 9 10 11 12 13 14 195 16 17 18 19 196 197 198 199 77 78 79 200 201 202 203 204 205 206 207 208 209 210 211
1800 2400 3600 1800 1800 
0 278 620 946 908 1256 1611 1648 1939 2429 3132 3423 3890 4301 4601 4952 4972 4952 4978 5389 6500 6851 7235 7880 8330 8433 8712 8914 8988 8899 8593 8599 8988 9590 9819 10096 2131 2478 1981 1864 1580 1550 1317 1134 1030 1152 1375 2096 1891 1832 1579 1348 1154 1158 1229 1443 1199 3076 3061 3056 3092 3197 3120 3306 3433 3569 3801 4006 4272 4610 4899 5068 5124 5388 5551 5765 6372 6379 6784 7279 7190 7244 7346 7092 7124 7350 7678 7961 8115 8217 8469 8680 8884 9253 9489 9829 9790 9745 9715 9779 9958 5132 4915 4694 4510 4210 3948 3707 3728 3475 3225 3124 3007 2577 2611 2709 2737 2423 2189 1938 1988 1995 2014 1966 1845 2037 1880 1786 1971 1819 1668 1544 3049 3815 4100 4336 4597 4791 4956 5018 4985 5012 5921 5912 5914 5936 5752 5567 5304 5305 5725 6010 6135 6236 6332 5805 5476 1166 1027 990 1284 1123 1052 1052 660 562 263 20 1890 2046 2279 2304 2504 3078 3369 5053 5119 5170 5268 5403 5604 5783 5929 6013 6061 6136 2680 2528 2232 2371 2187 2331 2192 2027 1909 5027 6202 6213 6201 6242 7430 7669 7921 8220 8649 8789 9060 8985 8931 8664 8607 8591 
278 0 457 848 927 1312 1695 1748 2044 2519 3229 3523 3993 4406 4707 5060 5096 5090 5128 5541 6667 7020 7404 8053 8508 8617 8894 9091 9156 9060 8753 8747 9136 9732 9962 10237 1904 2274 1772 1658 1361 1365 1165 964 807 905 1106 1818 1618 1574 1331 1089 904 1000 1126 1393 1226 3173 3185 3204 3252 3368 3302 3498 3617 3745 3967 4158 4415 4744 5024 5170 5212 5472 5633 5845 6465 6490 6897 7390 7293 7340 7427 7169 7197 7422 7759 8046 8188 8283 8536 8748 8954 9325 9552 9891 9861 9823 9799 9878 10065 4892 4682 4469 4294 4001 3741 3507 3546 3295 3048 2966 2832 2404 2424 2501 2506 2211 1971 1730 1809 1843 1891 1883 1788 2017 1868 1807 1994 1833 1708 1691 3215 3983 4270 4508 4766 4958 5112 5168 5124 5135 5993 5973 5966 5981 5789 5595 5323 5313 5726 6015 6128 6222 6305 5774 5429 917 808 833 1133 1011 1005 1104 687 705 447 294 2029 2212 2447 2492 2730 3285 3574 5158 5208 5248 5330 5461 5662 5842 5960 6031 6069 6122 2947 2787 2473 2603 2388 2516 2356 2193 2043 5131 6366 6362 6343 6367 7536 7770 8016 8312 8737 8877 9157 9088 9044 8780 8733 8719 
620 457 0 406 613 1007 1408 1481 1775 2216 2927 3221 3691 4104 4406 4759 4816 4833 4892 5305 6453 6810 7192 7848 8311 8431 8705 8891 8940 8831 8523 8495 8886 9472 9701 9973 2071 2485 1987 1883 1571 1641 1500 1287 1052 1073 1148 1677 1411 1281 1009 818 612 546 674 967 888 2871 2921 2979 3048 3183 3140 3353 3454 3565 3765 3931 4170 4484 4748 4861 4885 5140 5297 5505 6141 6191 6597 7086 6980 7017 7087 6825 6846 7071 7416 7708 7837 7925 8178 8391 8598 8971 9189 9526 9506 9474 9458 9556 9753 4531 4306 4081 3892 3590 3328 3087 3110 2858 2608 2516 2390 1961 1991 2090 2131 1806 1574 1320 1369 1390 1434 1434 1352 1602 1464 1437 1621 1455 1363 1502 3023 3785 4075 4313 4564 4752 4886 4930 4870 4855 5645 5613 5596 5605 5404 5203 4923 4905 5313 5604 5709 5797 5872 5339 4988 1080 1063 1183 1470 1396 1433 1561 1143 1148 865 640 1815 2041 2271 2356 2677 3177 3460 4854 4882 4910 4973 5099 5300 5480 5571 5629 5659 5697 3039 2842 2472 2570 2283 2373 2176 2022 1820 4826 6148 6120 6088 6086 7227 7453 7692 7982 8401 8543 8832 8772 8741 8480 8447 8438 
946 848 406 0 387 712 1103 1191 1471 1876 2580 2873 3340 3752 4053 4405 4477 4509 4581 4994 6154 6512 6893 7553 8020 8149 8420 8597 8635 8518 8210 8168 8559 9137 9366 9637 2397 2827 2337 2239 1927 2021 1897 1684 1433 1428 1441 1805 1494 1275 995 902 723 299 283 561 568 2525 2602 2690 2774 2922 2899 3123 3208 3304 3486 3632 3856 4159 4411 4502 4515 4767 4921 5128 5771 5835 6241 6727 6615 6647 6708 6443 6463 6687 7036 7330 7452 7536 7790 8003 8210 8585 8798 9135 9118 9090 9077 9185 9387 4357 4112 3868 3658 3344 3082 2828 2818 2563 2311 2191 2092 1664 1719 1862 1965 1596 1390 1125 1098 1066 1068 1036 945 1199 1065 1059 1239 1071 1007 1286 2760 3510 3798 4035 4280 4464 4583 4618 4547 4515 5262 5225 5203 5209 5006 4802 4521 4500 4907 5198 5302 5390 5466 4933 4584 1433 1446 1586 1868 1802 1839 1950 1534 1504 1208 964 1559 1815 2034 2151 2537 2980 3254 4498 4513 4534 4587 4710 4911 5091 5171 5226 5254 5290 3019 2794 2382 2451 2107 2162 1939 1796 1556 4469 5846 5801 5761 5742 6865 7085 7320 7608 8023 8166 8460 8405 8381 8123 8098 8091 
908 927 613 387 0 396 795 867 1161 1610 2322 2617 3087 3500 3802 4155 4207 4220 4278 4691 5840 6197 6580 7236 7700 7822 8095 8279 8326 8217 7909 7882 8273 8860 9089 9362 2685 3098 2599 2494 2183 2241 2076 1867 1653 1685 1752 2183 1878 1662 1382 1281 1094 674 533 579 298 2266 2308 2367 2439 2578 2544 2763 2856 2961 3155 3318 3556 3871 4138 4261 4294 4552 4711 4922 5548 5587 5994 6484 6382 6424 6505 6245 6271 6496 6835 7124 7262 7356 7609 7821 8027 8399 8624 8964 8934 8898 8876 8963 9155 4683 4426 4172 3947 3625 3365 3102 3061 2806 2554 2403 2337 1920 1997 2172 2309 1922 1735 1471 1397 1313 1252 1125 971 1131 972 883 1070 913 780 914 2418 3177 3466 3704 3954 4141 4273 4316 4257 4246 5067 5046 5038 5054 4863 4672 4404 4400 4819 5105 5227 5327 5424 4898 4573 1693 1662 1747 2044 1938 1924 1960 1561 1460 1164 921 1209 1450 1675 1778 2151 2607 2884 4252 4290 4325 4403 4533 4734 4914 5036 5112 5156 5228 2642 2411 1995 2064 1727 1792 1580 1431 1212 4224 5535 5506 5475 5477 6628 6857 7100 7393 7816 7957 8240 8176 8139 7877 7840 7830 
1256 1312 1007 712 396 0 401 481 770 1214 1927 2221 2691 3105 3406 3760 3811 3826 3887 4301 5454 5811 6193 6851 7316 7442 7714 7895 7938 7827 7519 7488 7879 8465 8694 8967 3076 3492 2994 2889 2578 2637 2468 2260 2049 2080 2135 2507 2186 1935 1663 1606 1435 943 716 533 151 1871 1914 1984 2063 2210 2188 2414 2497 2592 2777 2931 3165 3477 3742 3866 3902 4161 4321 4533 5156 5192 5598 6089 5988 6031 6116 5857 5885 6111 6447 6734 6877 6973 7226 7438 7643 8013 8243 8583 8550 8511 8487 8570 8760 4763 4489 4219 3974 3644 3389 3117 3035 2784 2538 2351 2327 1937 2041 2255 2446 2038 1886 1634 1495 1354 1227 1015 818 868 703 548 726 590 414 604 2048 2800 3089 3326 3573 3758 3884 3925 3863 3850 4681 4665 4662 4682 4496 4312 4050 4056 4479 4762 4894 5001 5111 4592 4286 2087 2058 2138 2436 2323 2296 2301 1916 1783 1496 1266 849 1113 1326 1456 1885 2283 2552 3856 3898 3936 4021 4153 4355 4534 4673 4759 4811 4902 2489 2234 1786 1820 1434 1464 1231 1094 844 3829 5147 5114 5081 5081 6233 6463 6707 7001 7425 7566 7848 7782 7744 7482 7444 7434 
1611 1695 1408 1103 795 401 0 108 369 823 1534 1828 2298 2711 3013 3366 3412 3425 3486 3899 5054 5411 5793 6452 6918 7046 7317 7496 7537 7425 7117 7087 7478 8064 8293 8566 3477 3893 3395 3290 2979 3034 2858 2652 2448 2481 2535 2877 2549 2278 2016 1983 1820 1308 1058 780 535 1478 1512 1587 1672 1826 1817 2049 2120 2207 2383 2531 2763 3076 3342 3475 3519 3780 3943 4156 4770 4797 5204 5696 5598 5644 5737 5482 5513 5739 6069 6354 6504 6606 6858 7069 7273 7642 7878 8218 8179 8136 8108 8183 8370 4927 4638 4356 4094 3759 3512 3235 3115 2872 2637 2421 2439 2086 2210 2452 2684 2268 2147 1911 1730 1552 1377 1107 897 790 652 422 524 476 271 400 1663 2407 2695 2932 3177 3361 3484 3524 3462 3451 4310 4302 4307 4333 4157 3982 3732 3751 4181 4458 4603 4720 4847 4339 4057 2489 2456 2527 2826 2704 2662 2637 2268 2109 1835 1619 497 785 974 1135 1621 1947 2204 3464 3514 3560 3657 3793 3994 4173 4338 4439 4502 4622 2337 2062 1592 1585 1152 1135 881 768 480 3436 4747 4712 4679 4683 5841 6074 6321 6618 7044 7184 7461 7393 7350 7087 7046 7035 
1648 1748 1481 1191 867 481 108 0 297 781 1485 1777 2246 2658 2959 3312 3350 3355 3410 3824 4974 5331 5713 6371 6835 6961 7232 7414 7459 7350 7042 7017 7408 7997 8226 8499 3553 3965 3465 3359 3048 3096 2913 2709 2512 2552 2616 2974 2648 2381 2117 2078 1912 1405 1159 887 623 1429 1443 1502 1582 1732 1718 1948 2023 2114 2295 2451 2689 3007 3279 3424 3476 3739 3903 4117 4725 4742 5148 5642 5547 5598 5697 5444 5477 5703 6029 6312 6468 6573 6824 7035 7238 7606 7846 8187 8143 8097 8067 8134 8318 5031 4741 4457 4194 3858 3612 3336 3211 2970 2736 2517 2539 2190 2315 2559 2792 2376 2255 2019 1838 1659 1483 1209 1000 876 746 513 592 566 371 318 1569 2318 2607 2845 3092 3277 3405 3448 3391 3389 4275 4273 4283 4313 4141 3972 3728 3753 4185 4459 4609 4730 4863 4359 4086 2560 2520 2581 2881 2752 2701 2661 2301 2131 1863 1655 390 677 869 1028 1514 1841 2100 3411 3471 3522 3628 3767 3967 4146 4325 4432 4501 4632 2239 1962 1491 1480 1045 1028 776 661 375 3384 4668 4639 4610 4621 5789 6025 6275 6573 7001 7141 7414 7342 7296 7031 6986 6974 
1939 2044 1775 1471 1161 770 369 297 0 500 1193 1484 1951 2363 2664 3016 3052 3059 3117 3531 4685 5042 5424 6082 6549 6677 6948 7127 7168 7057 6749 6721 7112 7700 7929 8203 3845 4259 3760 3654 3344 3393 3210 3006 2809 2847 2904 3234 2903 2623 2366 2345 2186 1667 1411 1107 904 1137 1147 1218 1309 1469 1472 1709 1769 1847 2016 2162 2395 2711 2982 3130 3186 3450 3615 3830 4433 4446 4852 5346 5253 5305 5408 5157 5192 5418 5741 6023 6182 6290 6540 6751 6953 7320 7563 7905 7858 7809 7777 7841 8023 5133 4834 4543 4268 3932 3693 3416 3266 3033 2810 2574 2625 2307 2443 2702 2960 2543 2444 2221 2017 1820 1621 1328 1128 922 834 617 604 659 536 476 1305 2041 2329 2565 2809 2992 3115 3155 3096 3092 3991 3995 4011 4045 3879 3718 3483 3518 3952 4221 4381 4508 4653 4159 3906 2855 2817 2878 3178 3047 2991 2941 2588 2409 2148 1945 272 539 671 869 1403 1638 1881 3116 3180 3236 3351 3491 3691 3869 4066 4184 4261 4411 2215 1927 1452 1401 937 858 588 528 231 3089 4378 4344 4314 4324 5494 5731 5982 6281 6710 6850 7121 7048 7000 6735 6689 6677 
2429 2519 2216 1876 1610 1214 823 781 500 0 712 1007 1476 1890 2192 2545 2602 2634 2718 3129 4300 4659 5037 5700 6173 6313 6579 6745 6771 6647 6339 6292 6683 7262 7491 7762 4272 4697 4202 4099 3786 3851 3681 3474 3263 3287 3317 3565 3226 2921 2685 2703 2564 2026 1761 1420 1328 656 747 921 1058 1246 1311 1553 1561 1592 1704 1795 1994 2284 2535 2652 2696 2958 3122 3336 3947 3977 4383 4875 4775 4821 4916 4662 4696 4922 5248 5532 5687 5792 6043 6254 6457 6824 7065 7406 7362 7316 7286 7359 7547 5135 4822 4520 4230 3896 3673 3399 3207 2995 2795 2537 2635 2381 2532 2810 3107 2698 2642 2450 2210 1990 1765 1462 1299 1002 996 860 732 874 870 967 1091 1735 2013 2240 2466 2638 2729 2753 2674 2641 3494 3495 3510 3544 3381 3223 2994 3037 3473 3737 3904 4037 4193 3711 3482 3294 3272 3350 3649 3527 3481 3440 3082 2908 2644 2436 672 795 774 1001 1551 1584 1770 2642 2691 2741 2850 2991 3191 3369 3569 3691 3774 3941 2458 2163 1708 1601 1144 971 743 797 632 2614 3990 3929 3886 3871 5019 5251 5498 5794 6221 6361 6638 6569 6529 6267 6231 6222 
3132 3229 2927 2580 2322 1927 1534 1485 1193 712 0 294 764 1178 1479 1832 1897 1948 2056 2460 3642 4000 4374 5038 5516 5666 5927 6082 6094 5962 5654 5593 5985 6558 6786 7056 4978 5405 4912 4810 4497 4564 4392 4186 3976 3997 4019 4226 3883 3567 3345 3385 3255 2714 2448 2099 2039 56 330 641 807 984 1136 1334 1258 1205 1206 1203 1343 1600 1832 1940 1994 2259 2426 2641 3240 3264 3671 4162 4063 4112 4217 3967 4006 4231 4550 4830 4994 5106 5356 5565 5766 6131 6381 6723 6669 6618 6584 6649 6835 5469 5143 4832 4528 4203 4006 3743 3507 3326 3161 2889 3035 2858 3017 3305 3631 3238 3220 3054 2795 2565 2330 2040 1913 1589 1630 1539 1383 1543 1573 1626 894 1245 1484 1687 1878 2031 2083 2089 1990 1935 2808 2827 2858 2906 2765 2636 2444 2521 2956 3198 3392 3543 3735 3294 3137 4004 3985 4061 4361 4237 4184 4128 3781 3596 3340 3138 1291 1284 1136 1311 1762 1514 1589 1929 1988 2049 2186 2333 2530 2705 2962 3116 3225 3453 2706 2423 2032 1870 1498 1269 1166 1295 1260 1902 3330 3245 3191 3162 4307 4540 4789 5088 5517 5657 5929 5858 5817 5555 5520 5512 
3423 3523 3221 2873 2617 2221 1828 1777 1484 1007 294 0 469 883 1185 1538 1606 1670 1793 2191 3375 3732 4103 4768 5248 5403 5661 5811 5816 5680 5372 5305 5696 6267 6495 6765 5271 5699 5206 5104 4791 4858 4687 4480 4270 4292 4311 4504 4161 3841 3625 3670 3544 3002 2736 2386 2333 350 467 723 866 1010 1184 1345 1233 1138 1071 1002 1095 1324 1543 1647 1707 1974 2142 2358 2948 2970 3376 3868 3770 3820 3929 3682 3723 3949 4263 4541 4710 4826 5075 5283 5483 5847 6100 6443 6385 6332 6295 6356 6541 5630 5300 4988 4680 4360 4174 3916 3666 3499 3347 3073 3234 3084 3244 3533 3867 3481 3474 3318 3054 2822 2587 2302 2185 1858 1909 1828 1668 1830 1866 1909 964 1113 1315 1496 1662 1801 1829 1823 1714 1644 2530 2559 2600 2655 2528 2415 2245 2340 2770 2998 3205 3364 3572 3156 3035 4298 4279 4356 4655 4530 4476 4414 4070 3882 3629 3429 1570 1537 1367 1518 1919 1579 1600 1635 1700 1770 1923 2074 2268 2440 2728 2898 3020 3277 2852 2578 2218 2042 1709 1476 1409 1549 1541 1608 3063 2965 2906 2869 4013 4247 4497 4797 5228 5366 5636 5565 5522 5260 5226 5218 
3890 3993 3691 3340 3087 2691 2298 2246 1951 1476 764 469 0 413 715 1068 1149 1244 1401 1780 2962 3317 3681 4345 4828 4991 5244 5384 5377 5234 4926 4848 5239 5805 6032 6301 5738 6167 5674 5573 5260 5328 5156 4950 4740 4760 4776 4951 4608 4283 4074 4128 4006 3463 3198 2846 2803 820 868 1032 1128 1211 1397 1491 1337 1188 1012 815 774 912 1090 1178 1255 1524 1695 1912 2485 2500 2906 3398 3301 3355 3473 3231 3277 3501 3806 4082 4259 4381 4628 4835 5034 5395 5655 5998 5933 5875 5835 5889 6072 5904 5571 5257 4945 4636 4465 4218 3949 3802 3671 3396 3576 3463 3624 3913 4256 3882 3890 3747 3477 3244 3009 2733 2628 2299 2361 2291 2127 2291 2334 2367 1227 1052 1158 1279 1383 1486 1458 1426 1291 1186 2094 2143 2204 2273 2175 2098 1976 2103 2513 2713 2940 3113 3346 2978 2922 4767 4749 4825 5124 4998 4941 4874 4534 4341 4092 3895 2024 1966 1777 1900 2230 1784 1729 1165 1246 1335 1526 1681 1867 2032 2379 2579 2724 3032 3132 2874 2559 2370 2090 1857 1830 1980 1997 1138 2651 2526 2457 2403 3543 3779 4032 4333 4766 4904 5170 5096 5052 4790 4757 4751 
4301 4406 4104 3752 3500 3105 2711 2658 2363 1890 1178 883 413 0 301 654 758 905 1107 1448 2614 2963 3319 3981 4466 4638 4885 5014 4996 4844 4538 4447 4838 5398 5625 5893 6149 6579 6087 5986 5673 5742 5570 5364 5154 5174 5187 5348 5005 4678 4474 4533 4414 3871 3606 3254 3216 1234 1261 1381 1448 1491 1673 1718 1545 1370 1131 854 660 621 710 768 873 1142 1315 1531 2079 2086 2493 2984 2889 2946 3075 2838 2889 3113 3408 3679 3866 3995 4240 4445 4641 4999 5267 5609 5537 5475 5431 5478 5659 6167 5831 5518 5204 4903 4747 4508 4227 4096 3981 3708 3901 3814 3975 4263 4611 4247 4267 4132 3859 3626 3391 3121 3025 2696 2764 2701 2534 2699 2746 2773 1541 1164 1167 1212 1235 1288 1189 1123 955 793 1725 1801 1884 1969 1907 1873 1808 1965 2343 2509 2753 2936 3193 2878 2884 5180 5163 5238 5538 5411 5352 5279 4944 4748 4501 4306 2429 2356 2157 2263 2544 2037 1931 752 862 980 1220 1377 1547 1700 2112 2342 2508 2864 3413 3169 2889 2693 2451 2221 2217 2371 2403 726 2305 2151 2068 1995 3130 3368 3623 3925 4361 4498 4760 4684 4639 4376 4345 4339 
4601 4707 4406 4053 3802 3406 3013 2959 2664 2192 1479 1185 715 301 0 353 498 710 951 1237 2373 2717 3065 3723 4208 4387 4629 4750 4721 4563 4258 4157 4547 5103 5330 5596 6449 6880 6388 6287 5974 6043 5871 5665 5455 5475 5487 5639 5296 4967 4766 4829 4712 4169 3905 3552 3517 1535 1554 1654 1707 1730 1906 1923 1744 1560 1296 996 730 525 469 472 620 882 1054 1267 1786 1785 2191 2683 2589 2649 2787 2556 2612 2835 3120 3388 3583 3716 3960 4163 4358 4713 4986 5329 5251 5184 5137 5179 5358 6368 6031 5718 5404 5110 4963 4731 4443 4322 4217 3946 4146 4077 4237 4524 4876 4518 4544 4416 4141 3908 3674 3408 3317 2988 3060 3000 2832 2998 3047 3070 1795 1324 1263 1251 1209 1215 1055 957 760 527 1471 1572 1677 1776 1748 1753 1738 1915 2259 2394 2649 2839 3110 2840 2893 5481 5464 5540 5839 5712 5652 5576 5242 5045 4799 4606 2726 2645 2442 2537 2790 2253 2118 451 606 759 1044 1197 1346 1483 1950 2201 2383 2774 3633 3400 3143 2943 2723 2496 2504 2660 2701 426 2070 1888 1793 1698 2829 3068 3325 3629 4066 4203 4461 4384 4337 4075 4044 4039 
4952 5060 4759 4405 4155 3760 3366 3312 3016 2545 1832 1538 1068 654 353 0 310 606 872 1049 2112 2444 2778 3429 3915 4102 4337 4446 4404 4238 3934 3819 4208 4758 4984 5250 6801 7232 6741 6640 6327 6396 6224 6018 5808 5827 5838 5981 5638 5307 5110 5177 5061 4519 4254 3902 3870 1888 1901 1985 2026 2031 2200 2192 2010 1821 1544 1238 936 615 346 158 417 625 786 984 1447 1432 1838 2330 2238 2302 2454 2232 2295 2515 2786 3048 3255 3396 3636 3837 4029 4380 4661 5003 4917 4846 4795 4829 5006 6612 6276 5964 5650 5364 5227 5002 4707 4597 4504 4236 4443 4391 4551 4837 5191 4840 4874 4751 4475 4242 4009 3747 3661 3332 3407 3351 3182 3348 3399 3420 2110 1565 1449 1381 1272 1222 997 861 647 313 1201 1341 1476 1593 1613 1670 1721 1915 2209 2302 2567 2762 3049 2836 2943 5834 5817 5892 6192 6064 6003 5924 5593 5393 5149 4957 3075 2987 2780 2866 3090 2528 2367 105 397 597 924 1058 1166 1275 1805 2080 2280 2707 3906 3684 3449 3247 3050 2825 2845 3002 3050 95 1820 1598 1483 1355 2477 2718 2978 3284 3723 3858 4112 4032 3984 3722 3693 3689 
4972 5096 4816 4477 4207 3811 3412 3350 3052 2602 1897 1606 1149 758 498 310 0 298 563 757 1875 2218 2568 3227 3713 3889 4133 4257 4237 4087 3780 3699 4090 4661 4889 5159 6874 7299 6804 6700 6388 6445 6261 6058 5860 5889 5916 6100 5757 5432 5224 5276 5151 4609 4343 3993 3930 1951 1912 1947 1962 1937 2094 2054 1870 1681 1396 1098 786 420 80 431 712 877 1018 1191 1536 1423 1822 2321 2259 2350 2546 2346 2424 2636 2873 3117 3352 3508 3741 3935 4121 4461 4759 5099 4994 4910 4844 4841 4998 6860 6524 6212 5897 5605 5460 5229 4940 4820 4716 4445 4644 4569 4729 5017 5367 5005 5025 4889 4618 4385 4149 3878 3777 3448 3510 3435 3274 3436 3469 3430 2037 1411 1249 1144 1000 928 690 551 337 39 1415 1585 1736 1861 1902 1972 2031 2226 2515 2600 2866 3061 3351 3146 3253 5896 5868 5929 6229 6091 6018 5919 5602 5391 5159 4976 3083 2967 2750 2812 2984 2391 2204 356 692 895 1225 1352 1443 1534 2089 2370 2574 3009 3757 3550 3350 3145 2990 2774 2822 2984 3063 375 1573 1394 1310 1271 2481 2740 3014 3328 3774 3905 4134 4037 3963 3693 3636 3624 
4952 5090 4833 4509 4220 3826 3425 3355 3059 2634 1948 1670 1244 905 710 606 298 0 266 542 1718 2072 2437 3102 3584 3747 4000 4142 4146 4014 3706 3662 4053 4642 4872 5146 6901 7319 6820 6714 6403 6449 6254 6055 5867 5906 5950 6174 5831 5512 5294 5332 5198 4658 4392 4045 3952 2000 1912 1899 1888 1835 1976 1905 1724 1538 1255 979 685 350 266 729 1010 1164 1296 1455 1718 1531 1912 2407 2372 2484 2714 2534 2621 2826 3034 3261 3518 3686 3911 4100 4279 4609 4920 5258 5137 5041 4964 4927 5066 7066 6730 6417 6102 5805 5651 5413 5131 5001 4886 4612 4803 4704 4865 5154 5499 5127 5134 4985 4718 4486 4250 3970 3856 3528 3578 3485 3332 3490 3505 3408 1953 1261 1056 912 732 638 391 258 50 307 1678 1861 2020 2148 2197 2270 2327 2520 2813 2897 3163 3359 3649 3442 3541 5914 5874 5921 6221 6075 5989 5873 5570 5349 5127 4955 3063 2922 2696 2735 2854 2240 2029 653 990 1193 1523 1649 1735 1818 2382 2665 2870 3307 3583 3391 3225 3018 2905 2699 2775 2939 3047 673 1407 1296 1254 1316 2576 2848 3133 3450 3900 4025 4232 4120 4023 3748 3664 3644 
4978 5128 4892 4581 4278 3887 3486 3410 3117 2718 2056 1793 1401 1107 951 872 563 266 0 413 1585 1944 2320 2984 3460 3610 3870 4029 4054 3939 3631 3620 4009 4613 4843 5121 6963 7374 6874 6766 6456 6492 6288 6092 5915 5962 6020 6277 5936 5622 5396 5422 5281 4744 4479 4137 4018 2105 1979 1924 1889 1810 1933 1830 1656 1479 1207 972 724 493 531 993 1274 1417 1541 1688 1885 1643 2001 2485 2473 2602 2860 2698 2792 2989 3171 3383 3658 3835 4053 4236 4409 4728 5051 5386 5251 5146 5057 4991 5112 7273 6938 6625 6311 6009 5849 5607 5330 5192 5069 4795 4978 4861 5022 5312 5651 5272 5268 5110 4847 4616 4380 4094 3970 3645 3684 3576 3432 3586 3585 3438 1943 1204 958 770 542 404 129 43 227 569 1910 2104 2268 2399 2456 2535 2593 2786 3078 3159 3426 3622 3913 3708 3805 5970 5921 5956 6255 6101 6005 5872 5583 5354 5142 4979 3098 2935 2704 2721 2788 2157 1924 917 1254 1458 1787 1911 1991 2067 2639 2924 3131 3571 3467 3291 3160 2954 2881 2687 2788 2953 3086 938 1274 1234 1235 1383 2661 2941 3233 3551 4002 4123 4309 4183 4066 3788 3681 3653 
5389 5541 5305 4994 4691 4301 3899 3824 3531 3129 2460 2191 1780 1448 1237 1049 757 542 413 0 1184 1541 1913 2578 3056 3213 3470 3622 3642 3525 3218 3210 3598 4206 4435 4713 7377 7788 7287 7179 6870 6905 6700 6504 6328 6376 6433 6685 6343 6027 5804 5832 5692 5155 4890 4547 4432 2510 2391 2336 2298 2212 2327 2210 2041 1869 1605 1383 1137 870 768 1122 1389 1460 1546 1647 1689 1370 1688 2154 2168 2317 2609 2478 2584 2765 2905 3093 3391 3581 3787 3961 4124 4430 4765 5095 4944 4827 4728 4635 4742 7603 7267 6954 6640 6344 6192 5955 5672 5543 5428 5155 5345 5243 5404 5693 6036 5661 5663 5510 5245 5013 4777 4494 4374 4048 4090 3986 3839 3995 3997 3851 2349 1599 1337 1126 868 681 441 376 493 741 1857 2078 2261 2401 2501 2619 2725 2927 3173 3217 3486 3683 3983 3831 3972 6384 6334 6368 6667 6512 6413 6277 5992 5760 5551 5390 3511 3344 3113 3124 3166 2529 2281 1053 1370 1566 1886 1987 2027 2068 2666 2962 3179 3641 3803 3642 3538 3333 3281 3090 3198 3363 3499 1084 872 824 845 1065 2334 2621 2918 3236 3685 3800 3965 3828 3695 3415 3294 3262 
6500 6667 6453 6154 5840 5454 5054 4974 4685 4300 3642 3375 2962 2614 2373 2112 1875 1718 1585 1184 0 358 739 1399 1874 2029 2286 2445 2489 2404 2101 2182 2552 3187 3413 3694 8524 8928 8426 8316 8009 8032 7816 7626 7463 7519 7589 7862 7521 7208 6982 7004 6859 6325 6060 5720 5589 3691 3557 3473 3414 3303 3389 3231 3082 2933 2700 2522 2307 2053 1909 2129 2340 2296 2304 2300 1954 1490 1529 1787 1925 2130 2515 2512 2642 2748 2717 2794 3157 3379 3527 3654 3773 4005 4380 4680 4466 4305 4160 3938 3970 8725 8388 8077 7762 7475 7334 7104 6814 6695 6590 6318 6514 6422 6584 6872 7217 6844 6847 6693 6429 6197 5962 5677 5555 5230 5269 5160 5017 5170 5164 4977 3452 2684 2400 2164 1902 1708 1572 1553 1671 1848 2447 2695 2895 3040 3217 3403 3588 3796 3945 3911 4172 4361 4670 4633 4853 7527 7467 7486 7783 7619 7506 7344 7082 6838 6647 6500 4645 4456 4222 4204 4160 3518 3242 2078 2325 2485 2756 2808 2772 2742 3333 3630 3854 4343 4654 4544 4522 4324 4344 4174 4311 4474 4636 2113 312 566 757 1169 1958 2236 2525 2811 3223 3305 3360 3171 2957 2681 2472 2413 
6851 7020 6810 6512 6197 5811 5411 5331 5042 4659 4000 3732 3317 2963 2717 2444 2218 2072 1944 1541 358 0 384 1041 1516 1675 1928 2086 2136 2062 1763 1882 2239 2880 3103 3384 8881 9283 8781 8671 8364 8386 8168 7978 7817 7874 7946 8221 7880 7566 7340 7362 7218 6684 6419 6079 5946 4049 3915 3830 3769 3654 3737 3573 3428 3282 3053 2880 2666 2410 2256 2451 2648 2583 2574 2549 2128 1665 1618 1780 1951 2162 2556 2592 2725 2804 2721 2757 3131 3359 3484 3594 3695 3900 4282 4569 4336 4163 4004 3741 3746 9055 8718 8407 8093 7809 7671 7444 7151 7037 6935 6664 6862 6775 6936 7225 7571 7199 7204 7051 6786 6554 6319 6035 5914 5588 5628 5518 5376 5529 5523 5331 3805 3037 2751 2514 2254 2062 1930 1911 2025 2190 2676 2923 3123 3266 3458 3658 3859 4067 4191 4137 4392 4578 4886 4880 5120 7883 7822 7838 8135 7969 7853 7687 7430 7184 6995 6851 5000 4808 4574 4553 4495 3855 3575 2403 2634 2784 3040 3080 3028 2982 3560 3852 4075 4566 4960 4860 4854 4658 4690 4524 4664 4827 4992 2439 670 857 1020 1383 1936 2193 2466 2731 3120 3188 3202 2999 2759 2491 2252 2184 
7235 7404 7192 6893 6580 6193 5793 5713 5424 5037 4374 4103 3681 3319 3065 2778 2568 2437 2320 1913 739 384 0 665 1147 1324 1565 1708 1752 1683 1387 1541 1884 2527 2747 3027 9264 9666 9164 9054 8748 8770 8552 8362 8201 8258 8328 8597 8256 7941 7716 7741 7597 7063 6798 6457 6328 4424 4295 4212 4152 4038 4121 3956 3812 3666 3437 3262 3043 2779 2610 2773 2953 2864 2838 2790 2300 1852 1723 1777 1976 2186 2581 2658 2790 2839 2702 2695 3074 3304 3404 3494 3576 3749 4136 4407 4156 3971 3798 3493 3471 9376 9039 8729 8415 8136 8004 7780 7484 7376 7280 7010 7211 7134 7295 7583 7931 7562 7571 7421 7155 6923 6687 6405 6287 5961 6003 5896 5752 5906 5902 5715 4189 3421 3135 2898 2638 2445 2310 2286 2392 2537 2895 3139 3335 3475 3682 3896 4116 4322 4416 4340 4588 4769 5075 5104 5366 8266 8206 8222 8519 8353 8237 8070 7813 7567 7379 7235 5383 5192 4958 4937 4874 4235 3955 2730 2940 3078 3315 3342 3272 3210 3769 4054 4274 4764 5325 5231 5233 5038 5074 4907 5048 5211 5375 2766 1047 1180 1313 1618 1910 2138 2386 2623 2978 3032 3003 2786 2521 2266 1997 1919 
7880 8053 7848 7553 7236 6851 6452 6371 6082 5700 5038 4768 4345 3981 3723 3429 3227 3102 2984 2578 1399 1041 665 0 485 690 908 1045 1122 1112 856 1173 1429 2057 2260 2532 9919 10319 9817 9706 9401 9418 9198 9010 8852 8912 8986 9261 8920 8605 8381 8403 8259 7725 7460 7120 6987 5088 4957 4869 4804 4685 4761 4589 4450 4310 4088 3920 3706 3444 3271 3416 3582 3475 3434 3364 2814 2394 2186 2104 2327 2523 2902 3032 3159 3166 2953 2878 3251 3478 3532 3584 3629 3738 4127 4362 4081 3875 3678 3289 3201 10010 9673 9365 9051 8776 8649 8428 8130 8026 7934 7664 7869 7795 7956 8244 8593 8226 8236 8086 7820 7588 7352 7070 6952 6626 6667 6559 6416 6570 6564 6366 4838 4070 3783 3545 3287 3097 2971 2950 3056 3196 3447 3683 3874 4009 4231 4458 4696 4899 4960 4860 5098 5271 5572 5643 5928 8921 8857 8869 9165 8995 8875 8699 8451 8201 8019 7879 6037 5840 5606 5578 5493 4859 4574 3376 3571 3698 3918 3932 3846 3766 4299 4574 4789 5274 5898 5821 5847 5655 5710 5550 5697 5859 6029 3413 1710 1834 1951 2210 2192 2359 2553 2729 3011 3033 2918 2680 2371 2159 1841 1745 
8330 8508 8311 8020 7700 7316 6918 6835 6549 6173 5516 5248 4828 4466 4208 3915 3713 3584 3460 3056 1874 1516 1147 485 0 256 423 586 762 868 729 1176 1303 1869 2044 2297 10380 10776 10274 10163 9858 9872 9647 9461 9309 9371 9451 9737 9395 9082 8856 8875 8729 8196 7932 7593 7453 5566 5428 5333 5264 5140 5209 5030 4896 4762 4546 4388 4181 3924 3756 3901 4065 3952 3907 3830 3259 2853 2619 2481 2710 2896 3259 3414 3537 3522 3273 3161 3523 3744 3770 3797 3817 3882 4265 4472 4173 3955 3744 3299 3160 10492 10155 9847 9534 9260 9133 8914 8615 8511 8420 8150 8354 8280 8441 8729 9077 8709 8718 8566 8301 8069 7833 7551 7430 7104 7144 7033 6891 7044 7035 6824 5294 4527 4239 4001 3746 3558 3443 3427 3538 3682 3904 4136 4325 4456 4684 4916 5160 5362 5409 5298 5531 5700 5999 6089 6384 9380 9313 9319 9614 9442 9316 9133 8893 8640 8463 8328 6497 6295 6061 6025 5921 5291 5004 3862 4053 4178 4392 4401 4309 4224 4744 5013 5226 5707 6287 6223 6269 6080 6153 5998 6152 6314 6490 3898 2186 2320 2436 2685 2547 2678 2836 2971 3198 3200 3028 2783 2455 2284 1950 1848 
8433 8617 8431 8149 7822 7442 7046 6961 6677 6313 5666 5403 4991 4638 4387 4102 3889 3747 3610 3213 2029 1675 1324 690 256 0 284 558 839 1015 936 1399 1482 2006 2164 2403 10497 10889 10387 10274 9972 9979 9750 9566 9420 9487 9575 9878 9538 9228 8998 9011 8861 8331 8068 7732 7581 5714 5566 5459 5383 5253 5315 5128 5001 4873 4666 4521 4326 4083 3929 4095 4268 4164 4125 4054 3496 3082 2860 2734 2962 3150 3514 3666 3790 3777 3529 3416 3777 3998 4021 4045 4061 4117 4499 4698 4395 4175 3961 3501 3346 10694 10358 10049 9735 9458 9327 9104 8808 8700 8603 8333 8534 8450 8611 8900 9246 8874 8876 8720 8457 8225 7990 7704 7579 7255 7290 7173 7035 7186 7170 6939 5409 4646 4356 4118 3868 3685 3586 3579 3700 3859 4135 4369 4559 4692 4917 5146 5386 5588 5644 5538 5773 5943 6243 6326 6616 9497 9424 9424 9717 9541 9410 9218 8987 8730 8561 8431 6616 6406 6173 6129 6003 5379 5090 4053 4255 4386 4608 4622 4535 4454 4981 5253 5466 5949 6334 6281 6346 6160 6251 6103 6265 6426 6611 4089 2341 2504 2631 2900 2802 2935 3092 3223 3443 3441 3258 3013 2682 2521 2185 2083 
8712 8894 8705 8420 8095 7714 7317 7232 6948 6579 5927 5661 5244 4885 4629 4337 4133 4000 3870 3470 2286 1928 1565 908 423 284 0 306 643 878 888 1360 1367 1830 1969 2194 10772 11165 10663 10551 10248 10257 10029 9845 9697 9763 9848 10144 9803 9492 9263 9279 9130 8599 8336 7999 7852 5976 5833 5730 5657 5528 5593 5408 5279 5149 4940 4789 4589 4339 4175 4324 4488 4373 4326 4246 3665 3267 3020 2853 3082 3262 3613 3782 3902 3873 3603 3467 3818 4034 4039 4048 4049 4079 4455 4637 4326 4102 3881 3397 3218 10914 10578 10270 9957 9683 9556 9337 9038 8934 8842 8572 8776 8699 8860 9149 9496 9126 9133 8979 8715 8483 8247 7963 7841 7516 7553 7439 7299 7451 7438 7214 5684 4919 4630 4392 4141 3956 3850 3838 3954 4102 4315 4545 4732 4862 5093 5328 5575 5776 5815 5698 5927 6093 6390 6492 6794 9772 9700 9702 9996 9820 9690 9500 9267 9011 8840 8710 6890 6683 6449 6407 6285 5660 5372 4285 4476 4600 4811 4819 4724 4636 5148 5414 5624 6103 6618 6565 6629 6443 6530 6381 6541 6702 6884 4321 2598 2742 2859 3106 2905 3013 3146 3251 3437 3423 3211 2965 2630 2495 2160 2058 
8914 9091 8891 8597 8279 7895 7496 7414 7127 6745 6082 5811 5384 5014 4750 4446 4257 4142 4029 3622 2445 2086 1708 1045 586 558 306 0 361 636 736 1185 1123 1540 1670 1889 10961 11359 10857 10746 10441 10456 10232 10046 9892 9953 10030 10306 9965 9649 9425 9449 9304 8770 8506 8165 8031 6132 6002 5912 5845 5723 5794 5616 5482 5346 5128 4965 4752 4486 4304 4422 4570 4440 4382 4287 3679 3304 3027 2812 3041 3209 3543 3729 3845 3799 3504 3347 3686 3895 3882 3877 3866 3873 4242 4411 4094 3867 3643 3143 2948 10988 10652 10346 10034 9766 9646 9432 9129 9033 8949 8681 8889 8826 8987 9275 9625 9261 9275 9128 8861 8628 8393 8112 7995 7669 7712 7604 7461 7615 7609 7406 5877 5110 4821 4583 4328 4139 4017 3995 4097 4225 4341 4564 4746 4871 5109 5351 5609 5807 5823 5692 5913 6074 6365 6493 6810 9962 9896 9904 10199 10027 9902 9719 9479 9226 9049 8913 7078 6878 6644 6610 6507 5877 5591 4387 4560 4673 4868 4866 4760 4661 5153 5410 5616 6089 6866 6806 6855 6667 6739 6583 6735 6897 7071 4423 2755 2863 2963 3173 2845 2924 3031 3109 3262 3237 3001 2757 2420 2310 1979 1879 
8988 9156 8940 8635 8326 7938 7537 7459 7168 6771 6094 5816 5377 4996 4721 4404 4237 4146 4054 3642 2489 2136 1752 1122 762 839 643 361 0 298 506 889 770 1186 1330 1564 11011 11416 10915 10805 10498 10522 10305 10115 9952 10007 10072 10320 9977 9657 9440 9473 9334 8797 8532 8188 8071 6145 6033 5961 5904 5791 5873 5705 5563 5419 5189 5008 4778 4494 4289 4367 4496 4348 4277 4167 3533 3187 2879 2615 2841 2995 3309 3513 3622 3560 3246 3069 3396 3599 3573 3558 3537 3530 3896 4058 3740 3511 3286 2782 2587 10888 10554 10250 9939 9679 9568 9360 9053 8967 8891 8627 8841 8795 8955 9241 9595 9239 9263 9124 8854 8621 8386 8110 8001 7673 7724 7626 7477 7634 7639 7466 5941 5173 4888 4651 4390 4198 4053 4017 4103 4203 4203 4418 4592 4712 4957 5205 5475 5668 5659 5513 5725 5880 6167 6320 6652 10015 9957 9975 10272 10105 9988 9817 9565 9317 9131 8987 7133 6945 6711 6689 6614 5978 5695 4338 4487 4587 4762 4749 4630 4521 4987 5235 5435 5900 7017 6943 6969 6776 6824 6660 6800 6963 7124 4374 2792 2851 2928 3092 2628 2679 2760 2815 2940 2908 2658 2415 2079 1985 1661 1563 
8899 9060 8831 8518 8217 7827 7425 7350 7057 6647 5962 5680 5234 4844 4563 4238 4087 4014 3939 3525 2404 2062 1683 1112 868 1015 878 636 298 0 308 598 490 1000 1178 1438 10903 11313 10812 10703 10395 10425 10214 10021 9851 9901 9958 10184 9841 9517 9305 9346 9211 8672 8406 8060 7957 6014 5915 5858 5808 5703 5793 5634 5486 5336 5097 4903 4662 4364 4143 4193 4308 4148 4068 3949 3302 2975 2650 2359 2583 2729 3033 3243 3350 3281 2959 2776 3100 3302 3275 3260 3240 3238 3607 3775 3459 3233 3010 2519 2342 10675 10342 10039 9730 9474 9368 9165 8856 8775 8706 8444 8662 8628 8787 9072 9428 9078 9108 8976 8704 8471 8236 7965 7862 7533 7589 7499 7346 7505 7517 7369 5850 5084 4801 4567 4304 4108 3948 3901 3973 4051 3975 4183 4354 4471 4719 4970 5246 5436 5413 5259 5467 5619 5902 6068 6407 9909 9857 9883 10181 10019 9909 9748 9485 9242 9049 8899 7032 6853 6619 6607 6557 5917 5638 4168 4300 4390 4552 4531 4406 4291 4742 4983 5180 5641 6996 6910 6916 6720 6748 6577 6707 6871 7022 4203 2696 2718 2777 2907 2361 2399 2470 2518 2642 2611 2366 2123 1786 1687 1362 1265 
8593 8753 8523 8210 7909 7519 7117 7042 6749 6339 5654 5372 4926 4538 4258 3934 3780 3706 3631 3218 2101 1763 1387 856 729 936 888 736 506 308 0 472 588 1202 1404 1677 10595 11005 10504 10396 10087 10118 9908 9715 9544 9593 9650 9876 9533 9210 8997 9038 8903 8364 8098 7752 7649 5706 5607 5550 5502 5398 5489 5332 5183 5032 4792 4596 4354 4056 3835 3891 4010 3855 3779 3666 3028 2688 2374 2110 2338 2495 2818 3014 3126 3072 2770 2611 2952 3162 3157 3161 3161 3195 3573 3765 3460 3239 3024 2571 2432 10390 10056 9752 9442 9184 9076 8871 8562 8479 8408 8145 8361 8324 8484 8769 9124 8774 8803 8670 8397 8164 7929 7658 7554 7226 7281 7191 7038 7197 7209 7062 5544 4779 4497 4263 3999 3803 3640 3593 3665 3745 3699 3912 4086 4206 4451 4700 4970 5163 5153 5007 5221 5377 5664 5814 6145 9602 9550 9577 9875 9714 9604 9445 9181 8939 8744 8593 6725 6547 6314 6303 6258 5617 5339 3865 4002 4096 4264 4248 4127 4016 4481 4729 4930 5396 6709 6618 6618 6422 6445 6272 6401 6565 6714 3900 2391 2410 2470 2607 2129 2194 2295 2377 2549 2534 2330 2084 1751 1607 1271 1170 
8599 8747 8495 8168 7882 7488 7087 7017 6721 6292 5593 5305 4848 4447 4157 3819 3699 3662 3620 3210 2182 1882 1541 1173 1176 1399 1360 1185 889 598 472 0 391 1005 1233 1514 10562 10981 10482 10376 10065 10108 9908 9711 9528 9568 9609 9796 9452 9124 8921 8975 8849 8307 8041 7691 7613 5647 5574 5543 5509 5419 5524 5384 5226 5065 4811 4593 4331 4011 3761 3758 3847 3668 3575 3440 2775 2486 2133 1797 2015 2150 2442 2659 2763 2687 2361 2179 2508 2713 2697 2694 2690 2723 3102 3299 2997 2779 2567 2136 2030 10159 9827 9528 9220 8972 8875 8680 8367 8296 8238 7979 8202 8189 8347 8629 8987 8649 8690 8570 8294 8061 7828 7565 7473 7144 7209 7133 6973 7135 7162 7058 5559 4802 4528 4300 4035 3838 3647 3580 3625 3662 3448 3646 3810 3921 4173 4429 4713 4899 4855 4692 4893 5041 5321 5501 5851 9576 9535 9576 9875 9722 9624 9482 9202 8968 8762 8600 6717 6555 6324 6330 6327 5684 5413 3741 3841 3915 4052 4020 3884 3759 4185 4419 4611 5066 6835 6726 6692 6492 6482 6298 6408 6573 6703 3775 2443 2386 2407 2466 1783 1805 1872 1928 2080 2063 1860 1614 1282 1135 800 698 
8988 9136 8886 8559 8273 7879 7478 7408 7112 6683 5985 5696 5239 4838 4547 4208 4090 4053 4009 3598 2552 2239 1884 1429 1303 1482 1367 1123 770 490 588 391 0 643 863 1144 10953 11372 10873 10767 10456 10498 10297 10100 9919 9959 10000 10186 9843 9514 9312 9367 9240 8699 8433 8083 8005 6038 5965 5933 5897 5806 5909 5766 5609 5449 5197 4981 4721 4402 4153 4146 4231 4047 3950 3810 3137 2865 2503 2140 2351 2470 2733 2967 3063 2967 2618 2405 2705 2895 2847 2816 2783 2763 3127 3288 2971 2744 2520 2030 1864 10520 10189 9891 9584 9339 9246 9053 8739 8672 8616 8359 8584 8574 8732 9013 9372 9035 9079 8959 8683 8451 8217 7955 7864 7535 7600 7524 7364 7527 7553 7448 5946 5188 4912 4683 4418 4221 4034 3969 4016 4053 3809 4000 4159 4266 4521 4779 5068 5250 5191 5017 5210 5351 5626 5827 6186 9967 9925 9965 10265 10111 10011 9867 9589 9354 9149 8989 7107 6943 6712 6716 6705 6063 5790 4129 4225 4294 4424 4387 4246 4116 4524 4748 4935 5381 7199 7095 7070 6871 6866 6684 6796 6962 7093 4163 2820 2774 2798 2855 2108 2093 2117 2121 2199 2156 1891 1650 1315 1248 944 857 
9590 9732 9472 9137 8860 8465 8064 7997 7700 7262 6558 6267 5805 5398 5103 4758 4661 4642 4613 4206 3187 2880 2527 2057 1869 2006 1830 1540 1186 1000 1202 1005 643 0 229 509 11534 11957 11460 11355 11043 11091 10896 10697 10509 10545 10577 10739 10396 10064 9868 9932 9811 9268 9003 8651 8587 6612 6553 6533 6503 6418 6525 6388 6229 6066 5810 5585 5318 4989 4726 4684 4747 4546 4435 4279 3593 3372 2988 2570 2759 2841 3041 3300 3378 3248 2864 2605 2843 3000 2899 2821 2742 2634 2959 3058 2727 2494 2261 1705 1452 10940 10612 10319 10016 9782 9701 9518 9200 9145 9102 8849 9079 9089 9246 9524 9885 9558 9611 9501 9223 8991 8759 8503 8419 8091 8163 8095 7932 8096 8130 8047 6555 5801 5529 5303 5037 4840 4644 4572 4608 4623 4252 4424 4568 4663 4922 5186 5486 5659 5559 5361 5534 5661 5919 6167 6548 10553 10517 10563 10863 10713 10619 10482 10197 9966 9756 9591 7704 7548 7318 7329 7332 6689 6419 4674 4742 4795 4896 4845 4690 4548 4903 5105 5278 5700 7838 7731 7698 7497 7482 7296 7401 7566 7689 4707 3449 3381 3389 3404 2501 2418 2365 2283 2230 2148 1804 1596 1308 1378 1189 1146 
9819 9962 9701 9366 9089 8694 8293 8226 7929 7491 6786 6495 6032 5625 5330 4984 4889 4872 4843 4435 3413 3103 2747 2260 2044 2164 1969 1670 1330 1178 1404 1233 863 229 0 281 11763 12186 11689 11584 11272 11321 11125 10926 10739 10774 10806 10965 10622 10289 10094 10159 10038 9496 9231 8879 8816 6841 6782 6763 6733 6647 6755 6617 6458 6295 6039 5815 5548 5219 4955 4910 4969 4765 4653 4494 3807 3594 3208 2783 2967 3042 3228 3491 3566 3428 3038 2771 2990 3137 3021 2930 2836 2700 3007 3081 2749 2516 2283 1712 1425 11141 10814 10522 10220 9990 9911 9729 9411 9359 9317 9065 9297 9310 9466 9743 10105 9779 9834 9725 9447 9215 8984 8729 8646 8317 8390 8323 8159 8323 8359 8276 6784 6031 5759 5532 5266 5069 4873 4802 4837 4851 4463 4631 4772 4864 5124 5388 5691 5861 5753 5550 5717 5840 6094 6354 6740 10782 10746 10793 11092 10942 10848 10711 10427 10195 9986 9821 7934 7778 7548 7559 7560 6917 6646 4900 4965 5015 5111 5058 4900 4756 5101 5297 5466 5882 8063 7957 7926 7726 7711 7525 7631 7796 7918 4932 3676 3610 3618 3631 2707 2613 2544 2442 2354 2263 1900 1709 1446 1548 1387 1352 
10096 10237 9973 9637 9362 8967 8566 8499 8203 7762 7056 6765 6301 5893 5596 5250 5159 5146 5121 4713 3694 3384 3027 2532 2297 2403 2194 1889 1564 1438 1677 1514 1144 509 281 0 12034 12458 11961 11857 11545 11595 11400 11201 11012 11047 11076 11228 10885 10552 10359 10426 10307 9765 9499 9147 9088 7111 7056 7039 7010 6926 7034 6897 6738 6575 6318 6092 5823 5493 5226 5172 5226 5018 4902 4739 4050 3852 3461 3026 3203 3268 3434 3702 3771 3623 3227 2949 3144 3277 3144 3036 2926 2757 3039 3082 2751 2521 2291 1711 1390 11363 11037 10747 10446 10219 10145 9966 9647 9599 9561 9311 9544 9563 9719 9995 10356 10034 10092 9986 9707 9475 9244 8991 8911 8582 8657 8592 8427 8592 8629 8552 7063 6310 6038 5812 5546 5349 5152 5079 5112 5121 4701 4863 4998 5087 5348 5612 5918 6085 5963 5754 5914 6031 6279 6554 6946 11054 11020 11068 11368 11219 11126 10990 10704 10474 10263 10097 8209 8055 7825 7837 7841 7198 6928 5164 5222 5268 5356 5298 5137 4990 5317 5505 5669 6076 8344 8238 8207 8007 7991 7804 7908 8073 8193 5196 3957 3889 3894 3898 2941 2830 2741 2614 2485 2382 2002 1835 1605 1743 1617 1592 
2131 1904 2071 2397 2685 3076 3477 3553 3845 4272 4978 5271 5738 6149 6449 6801 6874 6901 6963 7377 8524 8881 9264 9919 10380 10497 10772 10961 11011 10903 10595 10562 10953 11534 11763 12034 0 454 246 339 552 677 974 1059 1101 1010 966 1280 1496 1807 1858 1692 1761 2295 2554 2907 2948 4923 4990 5051 5115 5244 5191 5393 5505 5625 5833 6003 6241 6551 6808 6895 6898 7144 7294 7497 8151 8229 8634 9118 9001 9026 9069 8799 8810 9032 9393 9691 9794 9864 10118 10332 10541 10918 11111 11443 11447 11431 11429 11559 11770 4562 4474 4375 4328 4139 3922 3791 3982 3789 3603 3669 3440 3115 3032 2914 2675 2668 2459 2392 2648 2833 3017 3185 3204 3517 3414 3449 3622 3455 3405 3558 5087 5852 6141 6379 6633 6822 6958 7001 6939 6913 7619 7562 7523 7514 7294 7070 6770 6717 7091 7388 7450 7507 7526 6987 6584 1000 1103 1206 999 1231 1477 1850 1784 2067 2092 2138 3882 4093 4326 4388 4632 5189 5477 6893 6896 6906 6935 7049 7248 7427 7442 7458 7453 7408 4764 4639 4362 4501 4290 4410 4233 4074 3889 6863 8219 8190 8155 8140 9253 9468 9696 9978 10385 10529 10834 10787 10770 10515 10494 10489 
