3
98
41 0 1 2 3 4 5 6 7 8 9 10 11 12 13 14 15 16 17 18 19 20 21 22 23 24 25 26 27 28 29 30 31 32 33 34 35 36 37 38 39 40
21 41 42 43 44 45 46 47 48 49 50 51 52 53 54 55 56 57 58 59 60 61
39 62 63 64 65 66 67 68 69 70 71 72 73 74 75 76 77 78 79 80 13 14 15 81 82 83 84 85 86 87 88 89 90 91 92 93 94 95 96 97
1800 2400 1800 
0 232 522 617 581 812 932 925 965 1103 1213 1409 1707 1837 2004 2316 2636 2954 3148 3465 3503 3474 3480 3501 3345 3425 3601 3442 3148 3025 3350 3654 3831 3646 3813 3811 3770 4069 3787 3928 4244 2996 2775 2529 2247 2245 1990 2088 2315 2434 2647 2604 2750 2899 3042 3325 3365 3657 3804 4022 4679 4913 4953 4925 5291 5570 5727 5886 5791 5655 5204 4833 4600 4379 4103 3657 3382 3009 2818 2628 1990 2534 2439 2382 2364 2427 2517 2850 3021 2798 2522 2318 2181 2255 2012 2161 2051 2093 
232 0 324 437 482 759 837 784 784 893 992 1181 1478 1616 1788 2106 2432 2755 2951 3271 3313 3298 3317 3350 3203 3294 3486 3336 3053 2942 3279 3594 3783 3615 3801 3811 3780 4103 3839 3997 4314 2772 2548 2299 2015 2025 1787 1887 2126 2261 2467 2414 2551 2699 2849 3139 3187 3484 3615 3831 4479 4714 4731 4700 5064 5343 5498 5656 5559 5423 4972 4601 4368 4147 3871 3425 3151 2777 2586 2398 1760 2337 2258 2220 2236 2339 2454 2842 3046 2843 2576 2362 2244 2337 2133 2295 2222 2282 
522 324 0 123 293 575 589 488 461 581 697 909 1300 1477 1670 2004 2344 2675 2877 3203 3255 3272 3317 3373 3245 3352 3570 3435 3171 3077 3428 3754 3955 3809 4015 4036 4014 4358 4109 4280 4596 2606 2364 2101 1798 1726 1469 1567 1802 1937 2143 2090 2230 2379 2526 2815 2862 3160 3292 3508 4160 4394 4434 4411 4780 5060 5223 5385 5303 5170 4722 4354 4120 3899 3622 3193 2940 2549 2344 2133 1564 2268 2231 2237 2313 2472 2620 3063 3296 3111 2853 2633 2528 2632 2448 2613 2546 2604 
617 437 123 0 234 488 478 365 349 503 638 864 1304 1497 1697 2035 2379 2713 2915 3243 3299 3327 3381 3444 3322 3433 3658 3527 3268 3178 3532 3860 4064 3921 4131 4154 4133 4479 4232 4403 4719 2607 2358 2089 1779 1652 1376 1471 1697 1825 2033 1986 2133 2282 2424 2709 2753 3048 3188 3405 4062 4295 4358 4342 4714 4994 5162 5328 5254 5123 4678 4311 4077 3856 3579 3161 2918 2520 2307 2084 1557 2310 2289 2308 2401 2574 2728 3181 3418 3234 2976 2756 2651 2755 2568 2732 2657 2708 
581 482 293 234 0 289 357 356 462 679 832 1068 1535 1731 1931 2270 2613 2947 3149 3477 3532 3557 3607 3665 3538 3646 3863 3726 3459 3362 3709 4032 4230 4075 4271 4285 4257 4585 4321 4478 4794 2835 2583 2311 1996 1809 1495 1583 1780 1876 2095 2069 2234 2384 2510 2780 2810 3094 3263 3483 4157 4385 4502 4498 4875 5155 5330 5501 5439 5311 4868 4503 4270 4049 3772 3365 3132 2729 2509 2272 1782 2544 2518 2529 2605 2757 2896 3314 3527 3326 3059 2845 2725 2813 2590 2741 2626 2655 
812 759 575 488 289 0 186 347 545 796 961 1202 1728 1943 2149 2491 2838 3174 3377 3706 3766 3805 3865 3931 3810 3921 4144 4010 3746 3650 3999 4322 4519 4363 4557 4569 4539 4859 4589 4737 5053 3008 2746 2467 2142 1842 1483 1556 1710 1765 1993 1994 2179 2330 2432 2681 2695 2963 3165 3388 4080 4300 4494 4508 4891 5171 5359 5537 5497 5374 4938 4579 4347 4128 3851 3471 3262 2847 2614 2353 1953 2779 2771 2796 2886 3045 3185 3599 3804 3595 3324 3115 2987 3066 2820 2962 2812 2819 
932 837 589 478 357 186 0 201 411 660 826 1063 1615 1842 2052 2395 2743 3079 3283 3613 3676 3731 3802 3879 3767 3886 4121 3994 3740 3654 4009 4338 4542 4398 4605 4624 4600 4935 4676 4834 5151 2876 2610 2328 2000 1664 1299 1370 1525 1585 1811 1809 1993 2144 2247 2499 2516 2789 2984 3206 3896 4117 4308 4324 4707 4987 5177 5357 5321 5198 4764 4407 4175 3956 3680 3308 3108 2690 2453 2185 1825 2693 2704 2748 2865 3051 3207 3651 3875 3679 3414 3199 3081 3171 2944 3093 2962 2978 
925 784 488 365 356 347 201 0 210 460 625 864 1414 1642 1853 2196 2543 2880 3084 3413 3478 3536 3612 3693 3586 3709 3950 3828 3581 3502 3861 4193 4403 4270 4486 4512 4494 4843 4597 4768 5084 2676 2411 2129 1802 1504 1162 1243 1428 1520 1739 1716 1886 2037 2157 2424 2454 2739 2907 3128 3805 4032 4175 4181 4561 4842 5025 5201 5155 5031 4594 4234 4002 3782 3505 3123 2917 2501 2267 2007 1624 2496 2513 2566 2697 2901 3068 3539 3782 3599 3341 3121 3015 3116 2917 3075 2975 3009 
965 784 461 349 462 545 411 210 0 251 417 657 1204 1434 1646 1988 2336 2673 2876 3206 3272 3335 3415 3501 3400 3527 3776 3660 3421 3350 3713 4050 4265 4143 4371 4405 4393 4757 4525 4708 5024 2467 2203 1922 1597 1346 1039 1131 1349 1476 1684 1638 1789 1939 2077 2360 2403 2700 2839 3057 3718 3949 4041 4035 4412 4692 4869 5041 4985 4858 4417 4055 3822 3602 3325 2932 2717 2304 2075 1824 1414 2292 2317 2380 2529 2753 2934 3433 3695 3528 3278 3054 2962 3075 2905 3073 3006 3058 
1103 893 581 503 679 796 660 460 251 0 166 406 962 1200 1413 1754 2102 2438 2642 2971 3039 3113 3204 3299 3208 3342 3603 3496 3272 3212 3580 3922 4144 4040 4284 4327 4324 4707 4494 4693 5006 2216 1951 1671 1346 1148 894 997 1251 1419 1608 1535 1660 1807 1965 2263 2323 2631 2734 2947 3587 3823 3856 3838 4211 4491 4660 4828 4761 4631 4188 3824 3591 3370 3093 2691 2469 2059 1833 1593 1164 2065 2107 2190 2369 2623 2823 3361 3648 3501 3263 3034 2960 3088 2955 3132 3102 3173 
1213 992 697 638 832 961 826 625 417 166 0 240 805 1048 1262 1602 1948 2284 2487 2816 2886 2968 3066 3168 3084 3223 3491 3392 3177 3126 3497 3842 4069 3977 4230 4280 4284 4679 4479 4687 4998 2050 1785 1505 1180 1032 830 938 1214 1408 1580 1489 1594 1737 1908 2215 2286 2600 2678 2886 3510 3749 3740 3714 4082 4362 4526 4690 4616 4485 4040 3674 3440 3220 2942 2533 2307 1898 1676 1445 999 1918 1972 2070 2269 2546 2758 3319 3623 3491 3262 3030 2968 3104 2996 3179 3172 3255 
1409 1181 909 864 1068 1202 1063 864 657 406 240 0 601 856 1069 1402 1745 2079 2281 2608 2682 2780 2891 3005 2934 3082 3363 3275 3079 3042 3416 3764 3998 3925 4193 4253 4266 4678 4497 4719 5028 1814 1547 1265 940 868 760 871 1169 1395 1541 1423 1495 1631 1819 2137 2223 2544 2584 2785 3382 3626 3557 3519 3882 4161 4318 4478 4394 4261 3814 3447 3213 2992 2715 2298 2067 1661 1442 1224 767 1727 1808 1932 2168 2477 2709 3304 3631 3520 3304 3070 3025 3173 3098 3289 3312 3409 
1707 1478 1300 1304 1535 1728 1615 1414 1204 962 805 601 0 258 468 801 1145 1480 1683 2011 2083 2178 2294 2417 2359 2516 2812 2741 2574 2563 2937 3288 3532 3496 3789 3868 3900 4343 4208 4460 4758 1306 1070 823 573 1059 1181 1280 1580 1841 1935 1779 1776 1885 2103 2429 2545 2871 2825 3002 3514 3765 3502 3416 3750 4022 4142 4279 4143 4000 3544 3170 2940 2722 2452 1975 1680 1331 1182 1097 291 1126 1225 1382 1673 2038 2301 2957 3329 3268 3089 2856 2855 3028 3042 3247 3357 3496 
1837 1616 1477 1497 1731 1943 1842 1642 1434 1200 1048 856 258 0 214 554 902 1238 1442 1771 1839 1924 2036 2158 2103 2262 2561 2496 2341 2339 2713 3063 3311 3288 3591 3677 3717 4172 4056 4319 4611 1161 962 764 612 1262 1425 1519 1816 2082 2164 2000 1979 2078 2301 2626 2749 3074 3003 3171 3650 3901 3564 3458 3777 4044 4147 4273 4111 3964 3507 3134 2908 2694 2432 1933 1609 1308 1206 1191 349 872 967 1136 1449 1836 2111 2787 3177 3138 2976 2745 2763 2946 2999 3208 3354 3510 
2004 1788 1670 1697 1931 2149 2052 1853 1646 1413 1262 1069 468 214 0 342 690 1027 1230 1560 1626 1710 1827 1954 1908 2072 2379 2324 2186 2199 2569 2919 3170 3165 3477 3572 3620 4087 3990 4264 4550 1024 864 723 669 1409 1609 1699 1990 2259 2329 2158 2120 2210 2436 2758 2888 3211 3116 3275 3722 3973 3573 3452 3756 4018 4107 4222 4042 3892 3435 3064 2842 2634 2379 1868 1525 1270 1211 1253 467 658 772 969 1315 1727 2013 2708 3113 3097 2952 2725 2761 2951 3037 3248 3422 3590 
2316 2106 2004 2035 2270 2491 2395 2196 1988 1754 1602 1402 801 554 342 0 347 684 888 1217 1284 1382 1517 1663 1643 1819 2143 2112 2015 2057 2417 2761 3017 3046 3375 3485 3547 4030 3968 4258 4534 815 745 725 821 1636 1886 1968 2248 2522 2570 2390 2325 2398 2627 2942 3082 3399 3265 3409 3802 4051 3553 3406 3686 3938 4003 4103 3894 3740 3287 2921 2709 2510 2273 1751 1386 1223 1236 1363 720 339 544 809 1212 1657 1958 2675 3102 3123 3007 2789 2852 3050 3184 3396 3609 3792 
2636 2432 2344 2379 2613 2838 2743 2543 2336 2102 1948 1745 1145 902 690 347 0 336 540 869 937 1055 1215 1385 1401 1589 1927 1926 1881 1955 2294 2626 2886 2952 3295 3418 3496 3992 3966 4271 4533 726 785 885 1077 1908 2192 2267 2536 2811 2842 2656 2569 2629 2858 3164 3311 3621 3454 3583 3922 4168 3576 3405 3657 3897 3937 4018 3779 3622 3177 2822 2623 2439 2225 1707 1334 1281 1362 1553 1035 170 470 769 1191 1647 1952 2675 3119 3177 3091 2885 2972 3176 3354 3565 3812 4009 
2954 2755 2675 2713 2947 3174 3079 2880 2673 2438 2284 2079 1480 1238 1027 684 336 0 203 533 603 758 956 1157 1220 1417 1763 1797 1810 1917 2226 2540 2799 2902 3255 3392 3483 3989 3998 4314 4562 787 947 1121 1361 2189 2496 2567 2825 3101 3117 2927 2824 2872 3099 3395 3548 3850 3655 3769 4058 4300 3625 3433 3655 3881 3896 3959 3691 3532 3099 2760 2577 2411 2225 1726 1363 1414 1546 1780 1354 421 620 876 1270 1711 2010 2723 3177 3268 3211 3017 3125 3333 3546 3756 4031 4239 
3148 2951 2877 2915 3149 3377 3283 3084 2876 2642 2487 2281 1683 1442 1230 888 540 203 0 329 403 599 827 1047 1146 1343 1689 1746 1797 1922 2209 2509 2765 2891 3248 3392 3491 4000 4031 4353 4592 886 1086 1286 1543 2366 2684 2752 3005 3280 3289 3097 2986 3028 3253 3544 3699 3997 3787 3892 4152 4390 3670 3466 3669 3886 3885 3937 3652 3493 3069 2742 2570 2417 2249 1768 1420 1526 1680 1933 1551 614 770 992 1357 1780 2070 2771 3228 3339 3298 3112 3231 3440 3673 3882 4172 4385 
3465 3271 3203 3243 3477 3706 3613 3413 3206 2971 2816 2608 2011 1771 1560 1217 869 533 329 0 111 432 700 940 1098 1286 1618 1713 1825 1977 2222 2493 2742 2903 3264 3419 3530 4042 4106 4436 4659 1107 1344 1571 1847 2661 2992 3056 3302 3575 3573 3380 3257 3290 3512 3794 3952 4242 4011 4104 4319 4552 3764 3543 3714 3915 3889 3922 3611 3452 3049 2743 2593 2462 2326 1882 1564 1741 1923 2197 1872 936 1051 1229 1545 1932 2206 2879 3337 3476 3461 3287 3422 3632 3893 4098 4409 4631 
3503 3313 3255 3299 3532 3766 3676 3478 3272 3039 2886 2682 2083 1839 1626 1284 937 603 403 111 0 331 599 839 1008 1192 1520 1622 1747 1905 2139 2403 2650 2819 3179 3337 3451 3962 4034 4366 4585 1216 1449 1670 1940 2758 3084 3149 3398 3672 3674 3481 3361 3395 3618 3901 4059 4350 4121 4215 4431 4663 3872 3649 3817 4015 3985 4015 3699 3540 3141 2840 2693 2565 2433 1992 1676 1851 2031 2302 1954 988 1073 1227 1518 1891 2157 2819 3277 3425 3418 3249 3390 3599 3871 4075 4396 4620 
3474 3298 3272 3327 3557 3805 3731 3536 3335 3113 2968 2780 2178 1924 1710 1382 1055 758 599 432 331 0 268 508 683 863 1189 1295 1437 1604 1820 2076 2321 2497 2858 3017 3135 3646 3730 4065 4277 1479 1685 1878 2117 2947 3246 3319 3582 3857 3875 3685 3580 3625 3851 4143 4297 4596 4385 4488 4729 4964 4194 3975 4146 4346 4316 4345 4026 3867 3471 3171 3024 2894 2757 2307 1979 2120 2280 2531 2090 1052 1042 1115 1329 1655 1902 2538 2993 3158 3169 3012 3166 3374 3672 3872 4215 4448 
3480 3317 3317 3381 3607 3865 3802 3612 3415 3204 3066 2891 2294 2036 1827 1517 1215 956 827 700 599 268 0 240 431 600 921 1033 1197 1375 1567 1813 2056 2240 2600 2763 2884 3394 3491 3828 4033 1713 1902 2074 2292 3123 3401 3480 3751 4026 4056 3869 3775 3826 4054 4352 4504 4807 4609 4718 4977 5214 4458 4241 4414 4614 4584 4612 4291 4132 3738 3439 3292 3162 3022 2566 2233 2353 2500 2736 2236 1178 1098 1098 1228 1496 1719 2324 2774 2955 2985 2840 3005 3211 3532 3726 4088 4328 
3501 3350 3373 3444 3665 3931 3879 3693 3501 3299 3168 3005 2417 2158 1954 1663 1385 1157 1047 940 839 508 240 0 235 370 681 801 994 1181 1345 1579 1820 2011 2371 2536 2661 3170 3279 3618 3815 1930 2105 2261 2460 3289 3550 3632 3910 4185 4224 4040 3955 4012 4241 4543 4692 4999 4812 4927 5200 5438 4694 4479 4654 4855 4825 4851 4528 4370 3977 3680 3533 3401 3260 2800 2463 2567 2703 2928 2384 1325 1197 1136 1180 1381 1575 2141 2585 2782 2829 2697 2873 3075 3416 3606 3984 4230 
3345 3203 3245 3322 3538 3810 3767 3586 3400 3208 3084 2934 2359 2103 1908 1643 1401 1220 1146 1098 1008 683 431 235 0 197 544 615 768 950 1137 1395 1643 1813 2174 2334 2453 2964 3060 3397 3601 2007 2156 2286 2458 3279 3515 3603 3888 4160 4213 4033 3961 4026 4255 4564 4709 5021 4853 4976 5279 5520 4815 4608 4798 5006 4986 5021 4707 4548 4147 3840 3684 3544 3389 2914 2565 2634 2750 2954 2354 1314 1136 1020 994 1156 1341 1907 2354 2547 2594 2462 2640 2842 3187 3375 3758 4006 
3425 3294 3352 3433 3646 3921 3886 3709 3527 3342 3223 3082 2516 2262 2072 1819 1589 1417 1343 1286 1192 863 600 370 197 0 346 432 640 837 975 1213 1457 1641 2001 2166 2290 2799 2911 3251 3446 2203 2349 2474 2638 3455 3681 3770 4058 4330 4387 4209 4142 4209 4439 4749 4893 5206 5043 5168 5475 5717 5012 4804 4992 5198 5176 5207 4890 4731 4333 4029 3876 3738 3585 3111 2763 2829 2942 3142 2525 1495 1300 1153 1061 1144 1288 1799 2236 2448 2514 2397 2585 2783 3148 3329 3727 3979 
3601 3486 3570 3658 3863 4144 4121 3950 3776 3603 3491 3363 2812 2561 2379 2143 1927 1763 1689 1618 1520 1189 921 681 544 346 0 213 545 745 746 917 1147 1366 1720 1893 2028 2531 2677 3020 3195 2550 2693 2811 2964 3774 3986 4078 4369 4639 4704 4528 4468 4539 4768 5081 5223 5538 5381 5509 5821 6063 5357 5147 5330 5533 5505 5532 5208 5050 4658 4360 4211 4077 3928 3457 3109 3174 3284 3478 2838 1825 1612 1432 1257 1216 1281 1662 2071 2317 2421 2334 2538 2725 3122 3291 3713 3971 
3442 3336 3435 3527 3726 4010 3994 3828 3660 3496 3392 3275 2741 2496 2324 2112 1926 1797 1746 1713 1622 1295 1033 801 615 432 213 0 336 533 557 780 1028 1210 1569 1736 1863 2371 2497 2839 3024 2582 2705 2802 2933 3730 3921 4016 4312 4578 4653 4482 4432 4509 4738 5054 5193 5511 5371 5505 5842 6086 5415 5213 5409 5619 5602 5636 5321 5163 4762 4455 4298 4156 3995 3513 3157 3194 3288 3464 2789 1809 1571 1360 1131 1033 1075 1452 1866 2107 2208 2121 2325 2512 2910 3078 3502 3761 
3148 3053 3171 3268 3459 3746 3740 3581 3421 3272 3177 3079 2574 2341 2186 2015 1881 1810 1797 1825 1747 1437 1197 994 768 640 545 336 0 204 416 747 1005 1093 1450 1597 1705 2216 2294 2630 2839 2577 2666 2730 2824 3595 3755 3854 4154 4416 4505 4340 4307 4393 4621 4942 5074 5396 5280 5425 5799 6046 5433 5244 5462 5682 5682 5729 5431 5272 4859 4537 4368 4213 4035 3536 3171 3162 3231 3379 2653 1744 1473 1220 910 722 739 1160 1595 1812 1893 1795 1995 2185 2577 2747 3167 3426 
3025 2942 3077 3178 3362 3650 3654 3502 3350 3212 3126 3042 2563 2339 2199 2057 1955 1917 1922 1977 1905 1604 1375 1181 950 837 745 533 204 0 374 725 972 996 1341 1474 1569 2078 2129 2462 2682 2666 2736 2780 2851 3600 3738 3840 4142 4399 4498 4338 4316 4408 4634 4957 5085 5409 5309 5461 5857 6105 5526 5344 5572 5798 5806 5860 5570 5411 4991 4664 4489 4328 4141 3636 3267 3234 3287 3417 2664 1808 1523 1249 890 605 558 962 1403 1611 1688 1591 1792 1981 2377 2545 2969 3228 
3350 3279 3428 3532 3709 3999 4009 3861 3713 3580 3497 3416 2937 2713 2569 2417 2294 2226 2209 2222 2139 1820 1567 1345 1137 975 746 557 416 374 0 350 601 683 1042 1198 1316 1827 1940 2282 2471 2993 3078 3135 3218 3973 4113 4215 4517 4774 4873 4712 4688 4779 5005 5328 5457 5780 5675 5824 6208 6456 5849 5660 5876 6095 6091 6136 5833 5674 5264 4946 4779 4626 4450 3952 3587 3575 3639 3779 3035 2154 1877 1612 1264 960 836 956 1335 1602 1741 1692 1911 2080 2510 2658 3106 3370 
3654 3594 3754 3860 4032 4322 4338 4193 4050 3922 3842 3764 3288 3063 2919 2761 2626 2540 2509 2493 2403 2076 1813 1579 1395 1213 917 780 747 725 350 0 259 459 805 981 1124 1618 1798 2141 2293 3315 3412 3477 3565 4323 4464 4565 4868 5125 5224 5063 5038 5129 5355 5678 5807 6130 6022 6170 6546 6793 6166 5971 6178 6391 6379 6416 6102 5943 5542 5232 5072 4925 4757 4265 3904 3908 3978 4124 3385 2491 2219 1959 1615 1298 1139 1059 1345 1652 1840 1834 2061 2208 2659 2789 3252 3518 
3831 3783 3955 4064 4230 4519 4542 4403 4265 4144 4069 3998 3532 3311 3170 3017 2886 2799 2765 2742 2650 2321 2056 1820 1643 1457 1147 1028 1005 972 601 259 0 337 616 800 957 1426 1650 1988 2114 3574 3671 3735 3819 4572 4705 4808 5110 5366 5468 5310 5288 5380 5606 5929 6058 6381 6277 6426 6805 7052 6425 6229 6433 6645 6630 6664 6347 6189 5790 5483 5325 5180 5014 4523 4163 4167 4236 4380 3635 2750 2476 2214 1861 1523 1335 1120 1323 1650 1868 1895 2123 2252 2713 2826 3298 3563 
3646 3615 3809 3921 4075 4363 4398 4270 4143 4040 3977 3925 3496 3288 3165 3046 2952 2902 2891 2903 2819 2497 2240 2011 1813 1641 1366 1210 1093 996 683 459 337 0 360 526 665 1164 1341 1683 1834 3661 3733 3771 3827 4549 4652 4757 5061 5310 5425 5274 5267 5367 5590 5915 6037 6362 6281 6439 6849 7098 6520 6335 6555 6776 6774 6819 6515 6356 5947 5629 5462 5307 5127 4626 4259 4230 4280 4400 3624 2805 2517 2237 1850 1457 1218 845 993 1324 1556 1602 1828 1945 2410 2513 2988 3252 
3813 3801 4015 4131 4271 4557 4605 4486 4371 4284 4230 4193 3789 3591 3477 3375 3295 3255 3248 3264 3179 2858 2600 2371 2174 2001 1720 1569 1450 1341 1042 805 616 360 0 184 346 815 1042 1376 1498 4008 4072 4101 4143 4847 4930 5037 5342 5584 5708 5562 5565 5668 5889 6215 6334 6660 6591 6753 7177 7427 6867 6685 6910 7132 7132 7178 6875 6716 6307 5988 5819 5662 5480 4977 4609 4569 4611 4721 3931 3144 2852 2567 2169 1754 1489 962 936 1269 1538 1635 1852 1933 2399 2474 2952 3211 
3811 3811 4036 4154 4285 4569 4624 4512 4405 4327 4280 4253 3868 3677 3572 3485 3418 3392 3392 3419 3337 3017 2763 2536 2334 2166 1893 1736 1597 1474 1198 981 800 526 184 0 165 637 859 1191 1315 4136 4191 4210 4240 4927 4996 5104 5408 5647 5777 5635 5644 5751 5970 6297 6412 6738 6680 6846 7283 7533 6994 6817 7047 7273 7278 7327 7028 6869 6456 6134 5962 5802 5616 5109 4740 4688 4721 4821 4020 3265 2969 2679 2274 1845 1566 973 858 1180 1461 1581 1789 1852 2314 2376 2852 3108 
3770 3780 4014 4133 4257 4539 4600 4494 4393 4324 4284 4266 3900 3717 3620 3547 3496 3483 3491 3530 3451 3135 2884 2661 2453 2290 2028 1863 1705 1569 1316 1124 957 665 346 165 0 511 695 1030 1169 4217 4262 4271 4289 4959 5015 5124 5427 5661 5797 5659 5675 5785 6002 6329 6441 6767 6720 6889 7338 7589 7072 6899 7136 7365 7375 7429 7135 6976 6560 6233 6058 5895 5703 5194 4823 4758 4783 4872 4062 3339 3041 2747 2335 1896 1607 964 772 1077 1365 1504 1703 1750 2207 2258 2733 2985 
4069 4103 4358 4479 4585 4859 4935 4843 4757 4707 4679 4678 4343 4172 4087 4030 3992 3989 4000 4042 3962 3646 3394 3170 2964 2799 2531 2371 2216 2078 1827 1618 1426 1164 815 637 511 0 417 652 694 4716 4753 4751 4755 5401 5433 5543 5845 6072 6216 6085 6113 6227 6441 6767 6874 7200 7168 7342 7809 8060 7566 7398 7639 7869 7883 7938 7646 7487 7069 6742 6565 6400 6206 5694 5322 5246 5263 5340 4520 3833 3533 3237 2820 2373 2076 1386 1062 1277 1565 1753 1915 1908 2328 2332 2786 3021 
3787 3839 4109 4232 4321 4589 4676 4597 4525 4494 4479 4497 4208 4056 3990 3968 3966 3998 4031 4106 4034 3730 3491 3279 3060 2911 2677 2497 2294 2129 1940 1798 1650 1341 1042 859 695 417 0 342 566 4693 4705 4678 4653 5255 5257 5368 5667 5883 6038 5916 5959 6079 6288 6613 6712 7036 7029 7210 7706 7957 7521 7365 7623 7862 7891 7958 7683 7524 7096 6758 6572 6398 6191 5673 5300 5191 5187 5240 4405 3802 3498 3199 2777 2321 2016 1294 879 998 1264 1477 1608 1570 1963 1949 2392 2621 
3928 3997 4280 4403 4478 4737 4834 4768 4708 4693 4687 4719 4460 4319 4264 4258 4271 4314 4353 4436 4366 4065 3828 3618 3397 3251 3020 2839 2630 2462 2282 2141 1988 1683 1376 1191 1030 652 342 0 316 4997 4999 4961 4923 5498 5480 5591 5887 6095 6258 6143 6195 6318 6523 6847 6941 7264 7272 7457 7969 8220 7812 7662 7926 8168 8202 8273 8003 7844 7414 7073 6884 6707 6496 5977 5604 5482 5468 5508 4667 4105 3801 3502 3079 2623 2318 1596 1156 1199 1430 1658 1753 1675 2015 1965 2374 2582 
4244 4314 4596 4719 4794 5053 5151 5084 5024 5006 4998 5028 4758 4611 4550 4534 4533 4562 4592 4659 4585 4277 4033 3815 3601 3446 3195 3024 2839 2682 2471 2293 2114 1834 1498 1315 1169 694 566 316 0 5259 5271 5242 5212 5800 5788 5899 6196 6406 6567 6450 6499 6622 6828 7152 7248 7571 7574 7758 8262 8513 8086 7932 8190 8428 8456 8522 8244 8085 7659 7322 7137 6964 6758 6240 5867 5757 5750 5798 4960 4368 4065 3766 3343 2887 2582 1860 1437 1508 1745 1971 2069 1991 2323 2264 2660 2858 
2996 2772 2606 2607 2835 3008 2876 2676 2467 2216 2050 1814 1306 1161 1024 815 726 787 886 1107 1216 1479 1713 1930 2007 2203 2550 2582 2577 2666 2993 3315 3574 3661 4008 4136 4217 4716 4693 4997 5259 0 283 567 897 1624 2002 2047 2261 2528 2502 2306 2166 2190 2410 2687 2846 3135 2907 3008 3273 3513 2859 2681 2930 3171 3216 3305 3083 2928 2477 2115 1908 1718 1499 980 607 640 817 1106 1055 892 1195 1494 1917 2373 2678 3401 3844 3894 3797 3584 3657 3858 3999 4211 4419 4598 
2775 2548 2364 2358 2583 2746 2610 2411 2203 1951 1785 1547 1070 962 864 745 785 947 1086 1344 1449 1685 1902 2105 2156 2349 2693 2705 2666 2736 3078 3412 3671 3733 4072 4191 4262 4753 4705 4999 5271 283 0 286 618 1346 1719 1766 1985 2255 2236 2042 1913 1946 2170 2458 2613 2910 2708 2823 3138 3383 2816 2663 2941 3194 3264 3371 3180 3029 2573 2202 1983 1778 1533 1014 661 497 598 853 801 927 1222 1515 1934 2386 2690 3410 3843 3868 3751 3531 3587 3783 3893 4105 4286 4454 
2529 2299 2101 2089 2311 2467 2328 2129 1922 1671 1505 1265 823 764 723 725 885 1121 1286 1571 1670 1878 2074 2261 2286 2474 2811 2802 2730 2780 3135 3477 3735 3771 4101 4210 4271 4751 4678 4961 5242 567 286 0 332 1091 1446 1499 1732 2005 2003 1811 1702 1752 1980 2281 2431 2738 2570 2703 3077 3326 2857 2730 3033 3296 3389 3510 3347 3200 2743 2370 2143 1930 1668 1169 857 549 512 668 539 993 1258 1534 1936 2378 2676 3387 3806 3807 3670 3445 3484 3674 3753 3963 4118 4274 
2247 2015 1798 1779 1996 2142 2000 1802 1597 1346 1180 940 573 612 669 821 1077 1361 1543 1847 1940 2117 2292 2460 2458 2638 2964 2933 2824 2851 3218 3565 3819 3827 4143 4240 4289 4755 4653 4923 5212 897 618 332 0 831 1145 1208 1464 1739 1764 1579 1504 1576 1805 2121 2260 2578 2457 2611 3054 3305 2954 2855 3183 3454 3570 3706 3571 3429 2974 2601 2370 2151 1880 1412 1141 764 610 586 287 1144 1362 1605 1976 2395 2682 3375 3775 3747 3588 3358 3376 3557 3597 3804 3927 4069 
2245 2025 1726 1652 1809 1842 1664 1504 1346 1148 1032 868 1059 1262 1409 1636 1908 2189 2366 2661 2758 2947 3123 3289 3279 3455 3774 3730 3595 3600 3973 4323 4572 4549 4847 4927 4959 5401 5255 5498 5800 1624 1346 1091 831 0 426 436 641 914 935 754 718 825 1043 1369 1488 1813 1773 1960 2523 2770 2708 2690 3065 3346 3523 3697 3656 3535 3105 2752 2523 2306 2034 1718 1607 1182 920 597 942 1967 2163 2378 2711 3094 3361 4014 4379 4301 4104 3870 3846 4005 3955 4149 4180 4276 
1990 1787 1469 1376 1495 1483 1299 1162 1039 894 830 760 1181 1425 1609 1886 2192 2496 2684 2992 3084 3246 3401 3550 3515 3681 3986 3921 3755 3738 4113 4464 4705 4652 4930 4996 5015 5433 5257 5480 5788 2002 1719 1446 1145 426 0 111 412 661 782 665 766 912 1077 1387 1465 1785 1847 2057 2692 2928 3013 3024 3408 3688 3880 4063 4044 3928 3505 3158 2931 2716 2447 2144 2029 1602 1341 1021 1166 2226 2381 2561 2850 3195 3441 4056 4390 4280 4063 3830 3781 3924 3826 4010 3995 4068 
2088 1887 1567 1471 1583 1556 1370 1243 1131 997 938 871 1280 1519 1699 1968 2267 2567 2752 3056 3149 3319 3480 3632 3603 3770 4078 4016 3854 3840 4215 4565 4808 4757 5037 5104 5124 5543 5368 5591 5899 2047 1766 1499 1208 436 111 0 304 562 673 554 663 811 970 1277 1354 1674 1740 1950 2592 2827 2938 2957 3343 3622 3820 4006 3998 3884 3466 3124 2898 2686 2419 2137 2042 1618 1356 1031 1249 2307 2470 2656 2951 3300 3548 4165 4501 4392 4174 3941 3892 4035 3934 4118 4099 4169 
2315 2126 1802 1697 1780 1710 1525 1428 1349 1251 1214 1169 1580 1816 1990 2248 2536 2825 3005 3302 3398 3582 3751 3910 3888 4058 4369 4312 4154 4142 4517 4868 5110 5061 5342 5408 5427 5845 5667 5887 6196 2261 1985 1732 1464 641 412 304 0 275 371 289 474 622 729 1013 1072 1386 1490 1707 2377 2604 2820 2867 3259 3535 3750 3945 3969 3864 3463 3136 2918 2714 2457 2234 2186 1776 1517 1189 1533 2585 2759 2952 3253 3604 3852 4468 4801 4687 4467 4234 4179 4318 4204 4384 4347 4406 
2434 2261 1937 1825 1876 1765 1585 1520 1476 1419 1408 1395 1841 2082 2259 2522 2811 3101 3280 3575 3672 3857 4026 4185 4160 4330 4639 4578 4416 4399 4774 5125 5366 5310 5584 5647 5661 6072 5883 6095 6406 2528 2255 2005 1739 914 661 562 275 0 232 324 560 680 699 916 934 1223 1400 1624 2325 2539 2871 2945 3338 3610 3838 4042 4092 3994 3608 3295 3083 2886 2639 2452 2428 2026 1771 1445 1805 2859 3030 3218 3512 3854 4097 4700 5022 4898 4670 4438 4374 4506 4370 4543 4481 4526 
2647 2467 2143 2033 2095 1993 1811 1739 1684 1608 1580 1541 1935 2164 2329 2570 2842 3117 3289 3573 3674 3875 4056 4224 4213 4387 4704 4653 4505 4498 4873 5224 5468 5425 5708 5777 5797 6216 6038 6258 6567 2502 2236 2003 1764 935 782 673 371 232 0 196 396 486 470 687 719 1023 1172 1395 2093 2308 2650 2732 3125 3395 3628 3834 3896 3803 3426 3122 2915 2724 2486 2338 2346 1961 1715 1399 1866 2902 3092 3296 3608 3967 4219 4838 5172 5059 4837 4605 4548 4685 4563 4740 4690 4740 
2604 2414 2090 1986 2069 1994 1809 1716 1638 1535 1489 1423 1779 2000 2158 2390 2656 2927 3097 3380 3481 3685 3869 4040 4033 4209 4528 4482 4340 4338 4712 5063 5310 5274 5562 5635 5659 6085 5916 6143 6450 2306 2042 1811 1579 754 665 554 289 324 196 0 236 363 440 728 800 1121 1201 1418 2089 2315 2567 2631 3024 3297 3522 3723 3768 3670 3283 2971 2760 2564 2320 2153 2153 1766 1519 1203 1693 2720 2916 3127 3448 3816 4073 4704 5047 4943 4727 4494 4446 4589 4484 4665 4634 4695 
2750 2551 2230 2133 2234 2179 1993 1886 1789 1660 1594 1495 1776 1979 2120 2325 2569 2824 2986 3257 3361 3580 3775 3955 3961 4142 4468 4432 4307 4316 4688 5038 5288 5267 5565 5644 5675 6113 5959 6195 6499 2166 1913 1702 1504 718 766 663 474 560 396 236 0 150 328 654 770 1095 1088 1293 1929 2163 2347 2403 2795 3070 3291 3491 3532 3434 3048 2736 2526 2332 2091 1944 1968 1597 1361 1061 1653 2647 2861 3088 3428 3812 4078 4727 5084 4995 4790 4556 4519 4669 4586 4772 4761 4833 
2899 2699 2379 2282 2384 2330 2144 2037 1939 1807 1737 1631 1885 2078 2210 2398 2629 2872 3028 3290 3395 3625 3826 4012 4026 4209 4539 4509 4393 4408 4779 5129 5380 5367 5668 5751 5785 6227 6079 6318 6622 2190 1946 1752 1576 825 912 811 622 680 486 363 150 0 229 548 683 1002 955 1154 1780 2016 2205 2267 2660 2934 3159 3361 3413 3318 2940 2637 2432 2243 2010 1898 1950 1599 1375 1094 1745 2714 2939 3173 3522 3914 4184 4840 5203 5120 4918 4684 4650 4802 4726 4913 4907 4980 
3042 2849 2526 2424 2510 2432 2247 2157 2077 1965 1908 1819 2103 2301 2436 2627 2858 3099 3253 3512 3618 3851 4054 4241 4255 4439 4768 4738 4621 4634 5005 5355 5606 5590 5889 5970 6002 6441 6288 6523 6828 2410 2170 1980 1805 1043 1077 970 729 699 470 440 328 229 0 326 454 775 770 982 1649 1875 2183 2274 2667 2934 3172 3382 3462 3376 3016 2730 2534 2357 2138 2070 2146 1809 1593 1320 1970 2944 3167 3401 3747 4136 4404 5055 5413 5324 5117 4883 4844 4993 4903 5087 5067 5131 
3325 3139 2815 2709 2780 2681 2499 2424 2360 2263 2215 2137 2429 2626 2758 2942 3164 3395 3544 3794 3901 4143 4352 4543 4564 4749 5081 5054 4942 4957 5328 5678 5929 5915 6215 6297 6329 6767 6613 6847 7152 2687 2458 2281 2121 1369 1387 1277 1013 916 687 728 654 548 326 0 167 457 484 707 1415 1624 2089 2219 2605 2861 3116 3334 3453 3380 3051 2793 2615 2455 2261 2261 2378 2070 1870 1615 2294 3255 3484 3721 4071 4462 4730 5382 5739 5647 5439 5205 5163 5309 5211 5393 5360 5418 
3365 3187 2862 2753 2810 2695 2516 2454 2403 2323 2286 2223 2545 2749 2888 3082 3311 3548 3699 3952 4059 4297 4504 4692 4709 4893 5223 5193 5074 5085 5457 5807 6058 6037 6334 6412 6441 6874 6712 6941 7248 2846 2613 2431 2260 1488 1465 1354 1072 934 719 800 770 683 454 167 0 326 501 722 1446 1638 2193 2337 2719 2969 3231 3451 3583 3514 3194 2944 2769 2613 2423 2428 2544 2232 2029 1767 2422 3398 3622 3854 4197 4582 4846 5490 5840 5741 5527 5294 5246 5388 5277 5456 5409 5459 
3657 3484 3160 3048 3094 2963 2789 2739 2700 2631 2600 2544 2871 3074 3211 3399 3621 3850 3997 4242 4350 4596 4807 4999 5021 5206 5538 5511 5396 5409 5780 6130 6381 6362 6660 6738 6767 7200 7036 7264 7571 3135 2910 2738 2578 1813 1785 1674 1386 1223 1023 1121 1095 1002 775 457 326 0 434 597 1299 1456 2177 2356 2723 2957 3231 3457 3625 3570 3282 3061 2902 2764 2597 2655 2800 2511 2319 2071 2745 3712 3940 4176 4521 4907 5172 5816 6165 6064 5848 5615 5565 5705 5586 5762 5705 5748 
3804 3615 3292 3188 3263 3165 2984 2907 2839 2734 2678 2584 2825 3003 3116 3265 3454 3655 3787 4011 4121 4385 4609 4812 4853 5043 5381 5371 5280 5309 5675 6022 6277 6281 6591 6680 6720 7168 7029 7272 7574 2907 2708 2570 2457 1773 1847 1740 1490 1400 1172 1201 1088 955 770 484 501 434 0 224 944 1143 1747 1922 2291 2527 2800 3025 3191 3137 2855 2644 2494 2366 2217 2328 2513 2269 2109 1906 2660 3561 3810 4063 4431 4837 5114 5782 6152 6074 5873 5639 5606 5757 5673 5858 5835 5896 
4022 3831 3508 3405 3483 3388 3206 3128 3057 2947 2886 2785 3002 3171 3275 3409 3583 3769 3892 4104 4215 4488 4718 4927 4976 5168 5509 5505 5425 5461 5824 6170 6426 6439 6753 6846 6889 7342 7210 7457 7758 3008 2823 2703 2611 1960 2057 1950 1707 1624 1395 1418 1293 1154 982 707 722 597 224 0 725 919 1593 1789 2145 2370 2649 2876 3066 3020 2763 2577 2443 2332 2206 2367 2580 2367 2226 2046 2826 3696 3953 4212 4588 5001 5282 5956 6332 6261 6064 5830 5802 5956 5879 6065 6049 6113 
4679 4479 4160 4062 4157 4080 3896 3805 3718 3587 3510 3382 3514 3650 3722 3802 3922 4058 4152 4319 4431 4729 4977 5200 5279 5475 5821 5842 5799 5857 6208 6546 6805 6849 7177 7283 7338 7809 7706 7969 8262 3273 3138 3077 3054 2523 2692 2592 2377 2325 2093 2089 1929 1780 1649 1415 1446 1299 944 725 0 251 1093 1354 1638 1815 2107 2336 2594 2580 2415 2319 2245 2197 2157 2465 2755 2648 2570 2468 3301 4055 4333 4612 5009 5442 5734 6430 6827 6782 6603 6370 6358 6523 6478 6671 6682 6760 
4913 4714 4394 4295 4385 4300 4117 4032 3949 3823 3749 3626 3765 3901 3973 4051 4168 4300 4390 4552 4663 4964 5214 5438 5520 5717 6063 6086 6046 6105 6456 6793 7052 7098 7427 7533 7589 8060 7957 8220 8513 3513 3383 3326 3305 2770 2928 2827 2604 2539 2308 2315 2163 2016 1875 1624 1638 1456 1143 919 251 0 1180 1459 1697 1842 2136 2362 2652 2653 2528 2464 2409 2378 2358 2688 2987 2892 2818 2719 3552 4302 4582 4861 5259 5693 5985 6681 7078 7032 6853 6619 6607 6771 6723 6915 6922 6996 
4953 4731 4434 4358 4502 4494 4308 4175 4041 3856 3740 3557 3502 3564 3573 3553 3576 3625 3670 3764 3872 4194 4458 4694 4815 5012 5357 5415 5433 5526 5849 6166 6425 6520 6867 6994 7072 7566 7521 7812 8086 2859 2816 2857 2954 2708 3013 2938 2820 2871 2650 2567 2347 2205 2183 2089 2193 2177 1747 1593 1093 1180 0 288 556 780 1056 1283 1505 1487 1351 1328 1324 1359 1440 1902 2262 2330 2363 2407 3236 3733 4033 4330 4750 5203 5507 6226 6655 6664 6525 6299 6327 6511 6545 6749 6838 6954 
4925 4700 4411 4342 4498 4508 4324 4181 4035 3838 3714 3519 3416 3458 3452 3406 3405 3433 3466 3543 3649 3975 4241 4479 4608 4804 5147 5213 5244 5344 5660 5971 6229 6335 6685 6817 6899 7398 7365 7662 7932 2681 2663 2730 2855 2690 3024 2957 2867 2945 2732 2631 2403 2267 2274 2219 2337 2356 1922 1789 1354 1459 288 0 393 667 899 1115 1276 1240 1068 1042 1050 1105 1219 1708 2077 2189 2252 2334 3141 3566 3869 4167 4589 5044 5349 6071 6506 6528 6399 6175 6212 6400 6453 6660 6768 6894 
5291 5064 4780 4714 4875 4891 4707 4561 4412 4211 4082 3882 3750 3777 3756 3686 3657 3655 3669 3714 3817 4146 4414 4654 4798 4992 5330 5409 5462 5572 5876 6178 6433 6555 6910 7047 7136 7639 7623 7926 8190 2930 2941 3033 3183 3065 3408 3343 3259 3338 3125 3024 2795 2660 2667 2605 2719 2723 2291 2145 1638 1697 556 393 0 280 511 733 957 957 926 1040 1131 1254 1433 1949 2322 2486 2574 2682 3470 3822 4125 4424 4847 5303 5609 6331 6772 6808 6691 6470 6516 6707 6777 6985 7107 7240 
5570 5343 5060 4994 5155 5171 4987 4842 4692 4491 4362 4161 4022 4044 4018 3938 3897 3881 3886 3915 4015 4346 4614 4855 5006 5198 5533 5619 5682 5798 6095 6391 6645 6776 7132 7273 7365 7869 7862 8168 8428 3171 3194 3296 3454 3346 3688 3622 3535 3610 3395 3297 3070 2934 2934 2861 2969 2957 2527 2370 1815 1842 780 667 280 0 294 522 842 888 992 1191 1322 1470 1672 2193 2565 2747 2844 2959 3741 4063 4367 4666 5088 5544 5849 6572 7015 7058 6945 6725 6776 6968 7044 7253 7380 7514 
5727 5498 5223 5162 5330 5359 5177 5025 4869 4660 4526 4318 4142 4147 4107 4003 3937 3896 3885 3889 3985 4316 4584 4825 4986 5176 5505 5602 5682 5806 6091 6379 6630 6774 7132 7278 7375 7883 7891 8202 8456 3216 3264 3389 3570 3523 3880 3820 3750 3838 3628 3522 3291 3159 3172 3116 3231 3231 2800 2649 2107 2136 1056 899 511 294 0 229 574 649 870 1146 1318 1497 1731 2251 2618 2841 2960 3102 3856 4105 4407 4705 5126 5581 5885 6606 7054 7111 7009 6793 6852 7048 7142 7352 7496 7639 
5886 5656 5385 5328 5501 5537 5357 5201 5041 4828 4690 4478 4279 4273 4222 4103 4018 3959 3937 3922 4015 4345 4612 4851 5021 5207 5532 5636 5729 5860 6136 6416 6664 6819 7178 7327 7429 7938 7958 8273 8522 3305 3371 3510 3706 3697 4063 4006 3945 4042 3834 3723 3491 3361 3382 3334 3451 3457 3025 2876 2336 2362 1283 1115 733 522 229 0 422 541 874 1199 1396 1592 1842 2356 2716 2964 3099 3257 3991 4188 4488 4785 5204 5657 5960 6678 7129 7196 7102 6889 6955 7153 7260 7471 7626 7774 
5791 5559 5303 5254 5439 5497 5321 5155 4985 4761 4616 4394 4143 4111 4042 3894 3779 3691 3652 3611 3699 4026 4291 4528 4707 4890 5208 5321 5431 5570 5833 6102 6347 6515 6875 7028 7135 7646 7683 8003 8244 3083 3180 3347 3571 3656 4044 3998 3969 4092 3896 3768 3532 3413 3462 3453 3583 3625 3191 3066 2594 2652 1505 1276 957 842 574 422 0 159 607 978 1204 1420 1691 2178 2518 2813 2976 3171 3851 3949 4245 4537 4951 5400 5700 6414 6868 6950 6870 6662 6740 6941 7072 7284 7462 7622 
5655 5423 5170 5123 5311 5374 5198 5031 4858 4631 4485 4261 4000 3964 3892 3740 3622 3532 3493 3452 3540 3867 4132 4370 4548 4731 5050 5163 5272 5411 5674 5943 6189 6356 6716 6869 6976 7487 7524 7844 8085 2928 3029 3200 3429 3535 3928 3884 3864 3994 3803 3670 3434 3318 3376 3380 3514 3570 3137 3020 2580 2653 1487 1240 957 888 649 541 159 0 457 830 1059 1278 1552 2031 2367 2669 2837 3039 3708 3793 4088 4380 4793 5242 5542 6255 6710 6792 6714 6506 6585 6786 6920 7132 7313 7475 
5204 4972 4722 4678 4868 4938 4764 4594 4417 4188 4040 3814 3544 3507 3435 3287 3177 3099 3069 3049 3141 3471 3738 3977 4147 4333 4658 4762 4859 4991 5264 5542 5790 5947 6307 6456 6560 7069 7096 7414 7659 2477 2573 2743 2974 3105 3505 3466 3463 3608 3426 3283 3048 2940 3016 3051 3194 3282 2855 2763 2415 2528 1351 1068 926 992 870 874 607 457 0 373 604 824 1100 1573 1911 2212 2385 2595 3252 3347 3644 3938 4354 4804 5106 5822 6275 6351 6268 6058 6134 6335 6465 6676 6856 7017 
4833 4601 4354 4311 4503 4579 4407 4234 4055 3824 3674 3447 3170 3134 3064 2921 2822 2760 2742 2743 2840 3171 3439 3680 3840 4029 4360 4455 4537 4664 4946 5232 5483 5629 5988 6134 6233 6742 6758 7073 7322 2115 2202 2370 2601 2752 3158 3124 3136 3295 3122 2971 2736 2637 2730 2793 2944 3061 2644 2577 2319 2464 1328 1042 1040 1191 1146 1199 978 830 373 0 233 454 731 1200 1541 1839 2014 2231 2878 2992 3291 3587 4005 4458 4760 5479 5930 5999 5910 5699 5772 5971 6096 6307 6484 6644 
4600 4368 4120 4077 4270 4347 4175 4002 3822 3591 3440 3213 2940 2908 2842 2709 2623 2577 2570 2593 2693 3024 3292 3533 3684 3876 4211 4298 4368 4489 4779 5072 5325 5462 5819 5962 6058 6565 6572 6884 7137 1908 1983 2143 2370 2523 2931 2898 2918 3083 2915 2760 2526 2432 2534 2615 2769 2902 2494 2443 2245 2409 1324 1050 1131 1322 1318 1396 1204 1059 604 233 0 221 498 975 1324 1609 1781 1998 2648 2792 3093 3390 3810 4265 4568 5289 5738 5800 5705 5492 5561 5759 5877 6088 6260 6418 
4379 4147 3899 3856 4049 4128 3956 3782 3602 3370 3220 2992 2722 2694 2634 2510 2439 2411 2417 2462 2565 2894 3162 3401 3544 3738 4077 4156 4213 4328 4626 4925 5180 5307 5662 5802 5895 6400 6398 6707 6964 1718 1778 1930 2151 2306 2716 2686 2714 2886 2724 2564 2332 2243 2357 2455 2613 2764 2366 2332 2197 2378 1359 1105 1254 1470 1497 1592 1420 1278 824 454 221 0 277 765 1124 1392 1560 1777 2431 2607 2910 3208 3630 4085 4389 5111 5558 5613 5513 5298 5362 5560 5670 5882 6048 6204 
4103 3871 3622 3579 3772 3851 3680 3505 3325 3093 2942 2715 2452 2432 2379 2273 2225 2225 2249 2326 2433 2757 3022 3260 3389 3585 3928 3995 4035 4141 4450 4757 5014 5127 5480 5616 5703 6206 6191 6496 6758 1499 1533 1668 1880 2034 2447 2419 2457 2639 2486 2320 2091 2010 2138 2261 2423 2597 2217 2206 2157 2358 1440 1219 1433 1672 1731 1842 1691 1552 1100 731 498 277 0 522 893 1125 1285 1500 2161 2391 2695 2994 3416 3873 4178 4900 5343 5388 5280 5063 5121 5317 5417 5628 5786 5939 
3657 3425 3193 3161 3365 3471 3308 3123 2932 2691 2533 2298 1975 1933 1868 1751 1707 1726 1768 1882 1992 2307 2566 2800 2914 3111 3457 3513 3536 3636 3952 4265 4523 4626 4977 5109 5194 5694 5673 5977 6240 980 1014 1169 1412 1718 2144 2137 2234 2452 2338 2153 1944 1898 2070 2261 2428 2655 2328 2367 2465 2688 1902 1708 1949 2193 2251 2356 2178 2031 1573 1200 975 765 522 0 372 647 857 1134 1684 1872 2175 2474 2897 3353 3659 4381 4823 4866 4758 4541 4601 4797 4905 5116 5285 5444 
3382 3151 2940 2918 3132 3262 3108 2917 2717 2469 2307 2067 1680 1609 1525 1386 1334 1363 1420 1564 1676 1979 2233 2463 2565 2763 3109 3157 3171 3267 3587 3904 4163 4259 4609 4740 4823 5322 5300 5604 5867 607 661 857 1141 1607 2029 2042 2186 2428 2346 2153 1968 1950 2146 2378 2544 2800 2513 2580 2755 2987 2262 2077 2322 2565 2618 2716 2518 2367 1911 1541 1324 1124 893 372 0 428 687 1010 1393 1499 1802 2102 2524 2981 3286 4008 4450 4495 4390 4174 4238 4436 4554 4766 4947 5113 
3009 2777 2549 2520 2729 2847 2690 2501 2304 2059 1898 1661 1331 1308 1270 1223 1281 1414 1526 1741 1851 2120 2353 2567 2634 2829 3174 3194 3162 3234 3575 3908 4167 4230 4569 4688 4758 5246 5191 5482 5757 640 497 549 764 1182 1602 1618 1776 2026 1961 1766 1597 1599 1809 2070 2232 2511 2269 2367 2648 2892 2330 2189 2486 2747 2841 2964 2813 2669 2212 1839 1609 1392 1125 647 428 0 261 589 1039 1425 1718 2010 2426 2877 3179 3897 4325 4339 4210 3987 4030 4221 4302 4511 4661 4813 
2818 2586 2344 2307 2509 2614 2453 2267 2075 1833 1676 1442 1182 1206 1211 1236 1362 1546 1680 1923 2031 2280 2500 2703 2750 2942 3284 3288 3231 3287 3639 3978 4236 4280 4611 4721 4783 5263 5187 5468 5750 817 598 512 610 920 1341 1356 1517 1771 1715 1519 1361 1375 1593 1870 2029 2319 2109 2226 2570 2818 2363 2252 2574 2844 2960 3099 2976 2837 2385 2014 1781 1560 1285 857 687 261 0 328 897 1487 1763 2044 2448 2890 3188 3898 4314 4307 4163 3935 3964 4150 4203 4411 4537 4678 
2628 2398 2133 2084 2272 2353 2185 2007 1824 1593 1445 1224 1097 1191 1253 1363 1553 1780 1933 2197 2302 2531 2736 2928 2954 3142 3478 3464 3379 3417 3779 4124 4380 4400 4721 4821 4872 5340 5240 5508 5798 1106 853 668 586 597 1021 1031 1189 1445 1399 1203 1061 1094 1320 1615 1767 2071 1906 2046 2468 2719 2407 2334 2682 2959 3102 3257 3171 3039 2595 2231 1998 1777 1500 1134 1010 589 328 0 846 1655 1906 2167 2551 2977 3266 3961 4362 4329 4165 3934 3944 4122 4138 4342 4435 4560 
1990 1760 1564 1557 1782 1953 1825 1624 1414 1164 999 767 291 349 467 720 1035 1354 1551 1872 1954 2090 2236 2384 2354 2525 2838 2789 2653 2664 3035 3385 3635 3624 3931 4020 4062 4520 4405 4667 4960 1055 801 539 287 942 1166 1249 1533 1805 1866 1693 1653 1745 1970 2294 2422 2745 2660 2826 3301 3552 3236 3141 3470 3741 3856 3991 3851 3708 3252 2878 2648 2431 2161 1684 1393 1039 897 846 0 1060 1226 1436 1777 2177 2456 3136 3526 3485 3319 3087 3099 3278 3312 3519 3640 3783 
2534 2337 2268 2310 2544 2779 2693 2496 2292 2065 1918 1727 1126 872 658 339 170 421 614 936 988 1052 1178 1325 1314 1495 1825 1809 1744 1808 2154 2491 2750 2805 3144 3265 3339 3833 3802 4105 4368 892 927 993 1144 1967 2226 2307 2585 2859 2902 2720 2647 2714 2944 3255 3398 3712 3561 3696 4055 4302 3733 3566 3822 4063 4105 4188 3949 3793 3347 2992 2792 2607 2391 1872 1499 1425 1487 1655 1060 0 303 602 1025 1481 1786 2509 2952 3007 2921 2714 2802 3007 3189 3401 3653 3853 
