7
258
50 0 1 2 3 4 5 6 7 8 9 10 11 12 13 14 15 16 17 18 19 20 21 22 23 24 25 26 27 28 29 30 31 32 33 34 35 36 37 38 39 40 41 42 43 44 45 46 47 48 49
50 0 1 2 3 4 5 6 7 8 9 10 11 12 13 14 15 16 17 18 19 20 21 22 23 24 25 26 27 28 29 30 31 32 33 34 35 36 37 38 39 50 51 52 53 54 55 56 57 58 59
35 60 61 62 63 64 65 66 67 68 69 70 71 72 73 74 75 76 77 78 79 80 81 82 83 84 85 86 32 33 34 35 36 37 38 39
34 87 88 89 90 91 92 93 94 95 96 97 98 99 100 101 31 102 103 104 105 106 107 108 109 110 111 112 113 114 115 116 117 118 119
71 120 121 122 123 124 125 126 89 90 91 127 92 93 128 129 130 131 132 133 134 135 136 137 138 139 140 141 142 143 144 100 101 145 31 102 103 104 105 106 146 147 148 149 150 151 152 153 154 155 78 79 156 157 158 159 160 161 162 163 164 165 166 167 168 169 170 171 172 173 174 175
70 176 177 178 179 180 181 182 46 47 48 183 184 185 186 187 188 189 190 191 97 98 99 100 101 31 102 103 104 192 193 194 106 146 147 148 195 196 197 198 199 156 157 158 159 160 200 201 202 203 204 205 206 207 208 209 210 211 212 213 214 215 216 217 218 219 220 221 222 223 224
40 225 226 227 228 229 230 231 232 233 234 235 236 237 238 239 240 241 242 243 244 245 12 13 14 15 246 247 248 249 250 251 117 118 119 252 253 254 255 256 257
600 600 900 1200 1800 1800 900 
0 98 165 477 669 1026 1336 1451 1604 1616 1653 1727 2155 2308 2633 3009 3107 3296 3511 3728 3980 4205 4365 4584 4743 4825 5231 4722 4596 4702 4573 4411 4299 4589 4914 5213 5278 5731 6139 6142 6461 6694 6792 7210 7122 7052 6951 6674 6615 6502 5923 6001 6184 6340 6510 6873 7016 7179 7469 7824 6080 5883 5644 5367 5051 5444 5691 5895 6076 6107 5951 5680 5223 4713 4505 4346 3630 3554 3343 3001 2714 2777 2868 3041 3281 3464 3960 3683 3905 3959 4003 4066 4142 4353 4404 4530 4623 4732 4939 4902 4622 4632 3941 3492 3738 4226 4420 4947 5192 5457 5793 5535 5526 5217 5033 4982 4788 5003 5210 5410 5399 5091 4826 4550 4388 4384 4279 3888 4473 4683 5026 4845 5004 5024 4760 4577 4407 4295 4347 4106 4258 4357 4175 4321 4490 4888 4524 4367 4207 4024 4022 4025 3963 3928 3698 3554 2577 2296 2181 2103 2054 1895 1647 1447 1302 1145 1036 1059 937 521 432 176 99 343 508 952 7408 7862 7439 7368 7075 7233 7163 6489 6265 5962 5626 5549 5732 5711 5246 5036 3996 4126 4235 3989 3718 3493 3278 3052 2466 2912 3089 3285 3059 2916 2660 2415 2325 2454 2849 3135 3014 2964 3186 3381 3580 3942 4008 4301 4403 4466 4549 4892 5206 5421 5272 4913 4745 4236 4045 3909 3589 3293 3150 3055 3005 2842 2431 2289 2174 2114 1904 1821 1754 1741 3307 3571 3812 4387 4604 4759 5475 5333 4951 4985 5032 5234 
98 0 189 501 693 1054 1360 1476 1635 1658 1706 1785 2211 2364 2689 3064 3165 3360 3581 3802 4056 4284 4445 4665 4823 4909 5320 4813 4688 4795 4668 4507 4396 4686 5012 5312 5377 5829 6237 6240 6559 6792 6891 7308 7220 7150 7049 6772 6713 6599 6021 6098 6280 6435 6605 6966 7108 7271 7559 7912 6039 5846 5610 5342 5030 5429 5672 5879 6065 6100 5949 5677 5224 4723 4522 4368 3675 3607 3397 3055 2773 2844 2942 3123 3369 3555 4055 3770 3988 4042 4090 4155 4233 4447 4500 4626 4721 4830 5037 5000 4719 4729 4036 3583 3826 4311 4504 5025 5266 5530 5864 5599 5591 5284 5098 5042 4842 5055 5263 5463 5464 5157 4895 4621 4463 4463 4361 3979 4566 4775 5117 4938 5099 5120 4857 4674 4505 4393 4445 4204 4356 4455 4273 4419 4588 4984 4605 4446 4286 4100 4093 4092 4025 3986 3753 3607 2632 2352 2227 2143 2084 1919 1671 1471 1326 1185 1094 1138 1024 600 468 199 4 305 582 1029 7504 7959 7536 7465 7172 7330 7261 6586 6360 6058 5721 5646 5829 5809 5344 5134 4083 4211 4318 4065 3792 3563 3341 3110 2473 2923 3088 3270 3043 2895 2629 2389 2295 2417 2809 3091 2960 2904 3123 3315 3513 3873 3932 4222 4329 4396 4482 4833 5149 5519 5370 5011 4844 4335 4144 4007 3687 3392 3248 3151 3098 2936 2527 2385 2266 2202 1992 1903 1827 1802 3361 3625 3863 4435 4654 4811 5532 5391 5009 5045 5097 5301 
165 189 0 316 509 869 1176 1292 1448 1469 1518 1598 2024 2176 2501 2876 2978 3175 3400 3624 3881 4112 4275 4498 4652 4744 5166 4666 4548 4658 4539 4383 4276 4573 4907 5214 5290 5743 6145 6142 6458 6690 6795 7211 7130 7067 6970 6696 6641 6535 5914 5984 6157 6306 6472 6827 6966 7125 7410 7759 5928 5729 5487 5207 4889 5280 5528 5731 5912 5941 5786 5515 5058 4549 4343 4186 3486 3419 3209 2866 2587 2662 2766 2957 3215 3409 3927 3766 4002 4055 4091 4146 4214 4411 4454 4568 4645 4742 4936 4895 4605 4611 3907 3437 3674 4151 4340 4851 5089 5352 5685 5414 5406 5100 4913 4855 4653 4867 5075 5275 5529 5218 4950 4671 4500 4489 4377 3960 4535 4752 5098 4905 5059 5070 4804 4616 4440 4317 4361 4112 4262 4352 4169 4317 4482 4860 4436 4276 4114 3924 3913 3908 3839 3799 3564 3419 2444 2163 2038 1955 1898 1736 1488 1288 1142 996 908 971 876 440 279 11 186 490 638 1069 7449 7903 7474 7401 7106 7259 7182 6522 6319 6013 5674 5590 5767 5740 5267 5052 3926 4051 4154 3890 3614 3382 3156 2922 2301 2748 2924 3121 2895 2754 2503 2255 2167 2300 2698 2986 2875 2832 3059 3256 3457 3823 3900 4199 4292 4349 4426 4759 5069 5428 5270 4912 4753 4240 4052 3916 3589 3302 3149 3036 2964 2803 2407 2262 2125 2051 1841 1739 1649 1616 3173 3436 3674 4246 4465 4622 5344 5204 4821 4858 4912 5117 
477 501 316 0 192 553 860 975 1134 1163 1227 1317 1737 1888 2210 2584 2690 2900 3139 3374 3637 3877 4045 4274 4421 4529 4974 4492 4389 4506 4405 4261 4164 4471 4822 5140 5240 5690 6081 6065 6375 6606 6723 7135 7068 7018 6929 6661 6615 6521 5823 5876 6033 6170 6325 6665 6798 6952 7227 7565 5688 5480 5232 4934 4610 4992 5244 5443 5617 5641 5481 5212 4751 4236 4027 3870 3180 3122 2914 2573 2303 2396 2520 2741 3028 3241 3797 3862 4125 4178 4195 4232 4285 4454 4477 4571 4617 4689 4860 4809 4502 4501 3775 3271 3490 3946 4126 4609 4837 5098 5425 5136 5129 4828 4637 4569 4358 4569 4777 4978 5723 5406 5130 4844 4657 4630 4501 4031 4585 4814 5166 4951 5092 5087 4815 4618 4432 4289 4319 4054 4198 4273 4087 4241 4395 4737 4210 4046 3878 3678 3653 3637 3557 3510 3270 3122 2152 1873 1734 1645 1583 1419 1171 971 826 689 641 784 754 360 73 305 498 806 878 1267 7449 7903 7464 7387 7087 7231 7142 6511 6349 6034 5693 5594 5760 5722 5234 5010 3729 3846 3940 3645 3363 3120 2878 2633 1991 2435 2620 2835 2611 2478 2250 1991 1912 2062 2466 2762 2682 2661 2897 3101 3306 3679 3785 4095 4165 4207 4269 4574 4874 5367 5192 4837 4695 4177 3996 3860 3523 3254 3083 2938 2825 2669 2304 2158 1981 1881 1673 1540 1409 1342 2880 3141 3374 3943 4165 4323 5051 4915 4532 4572 4636 4844 
669 693 509 192 0 361 667 783 942 978 1056 1153 1567 1717 2037 2408 2517 2736 2985 3226 3494 3739 3911 4142 4284 4403 4863 4393 4300 4422 4332 4196 4104 4419 4779 5104 5217 5665 6049 6026 6332 6561 6685 7095 7035 6994 6910 6646 6605 6520 5774 5817 5963 6092 6241 6572 6701 6850 7119 7450 5545 5333 5080 4771 4442 4819 5074 5270 5440 5460 5297 5029 4565 4046 3835 3677 2994 2944 2737 2396 2134 2241 2378 2618 2925 3149 3727 3931 4209 4261 4268 4294 4338 4490 4502 4582 4609 4667 4821 4766 4448 4443 3705 3180 3387 3828 4001 4466 4687 4946 5269 4968 4963 4665 4471 4396 4178 4388 4597 4798 5845 5526 5246 4955 4759 4723 4585 4085 4624 4861 5216 4988 5121 5106 4831 4629 4437 4283 4303 4030 4170 4234 4048 4205 4352 4670 4078 3911 3740 3534 3498 3475 3388 3336 3093 2944 1977 1701 1552 1457 1391 1226 978 778 633 507 506 715 737 434 243 498 690 998 1044 1408 7454 7909 7463 7384 7082 7220 7124 6510 6373 6055 5712 5604 5763 5718 5222 4993 3616 3729 3816 3502 3215 2964 2713 2460 1804 2245 2436 2664 2442 2316 2104 1839 1768 1929 2335 2636 2577 2570 2812 3019 3227 3603 3727 4043 4099 4131 4184 4469 4763 5338 5152 4800 4670 4149 3973 3837 3496 3238 3058 2893 2754 2601 2260 2114 1912 1796 1593 1438 1277 1184 2704 2963 3193 3760 3983 4142 4873 4740 4357 4400 4470 4680 
1026 1054 869 553 361 0 310 425 581 631 741 853 1245 1390 1704 2071 2184 2419 2684 2937 3211 3466 3643 3880 4012 4149 4636 4191 4115 4245 4178 4057 3978 4303 4679 5016 5154 5597 5966 5928 6225 6451 6589 6994 6950 6923 6849 6593 6562 6492 5660 5685 5809 5924 6061 6374 6496 6637 6893 7212 5318 5094 4833 4498 4159 4519 4782 4970 5129 5139 4968 4703 4233 3700 3482 3320 2639 2599 2395 2057 1810 1941 2105 2381 2722 2967 3584 4046 4349 4400 4387 4393 4420 4540 4530 4586 4576 4605 4731 4665 4329 4316 3559 2999 3181 3592 3752 4181 4390 4645 4961 4640 4636 4344 4146 4060 3832 4040 4249 4450 6054 5729 5442 5145 4932 4878 4724 4171 4680 4928 5288 5036 5154 5121 4842 4632 4430 4254 4256 3968 4100 4146 3959 4120 4254 4526 3814 3642 3467 3249 3195 3159 3060 2999 2750 2599 1643 1371 1204 1101 1030 869 621 421 278 190 369 681 799 684 594 857 1051 1359 1358 1677 7438 7891 7435 7352 7046 7173 7063 6485 6394 6069 5725 5601 5746 5688 5179 4941 3391 3494 3568 3218 2925 2662 2393 2126 1471 1901 2114 2377 2161 2054 1888 1611 1559 1745 2150 2458 2448 2472 2722 2934 3144 3523 3683 4010 4037 4048 4082 4326 4604 5262 5058 4712 4603 4081 3915 3781 3432 3199 3002 2801 2616 2472 2181 2037 1792 1646 1459 1267 1047 896 2364 2621 2844 3407 3632 3792 4530 4400 4017 4065 4144 4358 
1336 1360 1176 860 667 310 0 115 291 404 581 708 1039 1172 1469 1826 1946 2201 2489 2754 3034 3299 3481 3724 3844 4002 4516 4097 4041 4178 4133 4027 3960 4293 4682 5027 5187 5624 5980 5928 6217 6440 6589 6989 6958 6946 6880 6631 6609 6552 5646 5654 5759 5859 5983 6278 6392 6525 6768 7074 5083 4852 4584 4231 3885 4234 4501 4684 4836 4840 4666 4402 3928 3391 3171 3010 2358 2339 2141 1808 1588 1755 1951 2266 2640 2903 3553 4225 4546 4596 4569 4561 4574 4669 4642 4677 4638 4643 4742 4667 4317 4296 3526 2936 3091 3467 3612 3998 4190 4441 4747 4400 4399 4115 3911 3810 3567 3771 3980 4181 6292 5965 5673 5372 5149 5083 4918 4328 4814 5070 5432 5162 5268 5220 4939 4723 4514 4322 4309 4010 4133 4162 3975 4140 4261 4489 3656 3480 3300 3069 2993 2940 2823 2750 2493 2339 1407 1149 948 825 729 559 311 111 36 275 539 849 1012 980 904 1165 1357 1665 1663 1964 7506 7957 7493 7406 7098 7215 7093 6547 6495 6165 5821 5684 5816 5749 5230 4985 3280 3370 3429 3041 2741 2464 2173 1886 1169 1593 1819 2106 1897 1806 1681 1400 1368 1572 1968 2277 2310 2361 2614 2828 3038 3416 3605 3940 3941 3935 3953 4162 4426 5285 5064 4726 4635 4115 3960 3827 3476 3266 3056 2827 2600 2467 2227 2089 1812 1642 1477 1257 987 768 2112 2363 2575 3130 3359 3520 4267 4144 3762 3815 3909 4126 
1451 1476 1292 975 783 425 115 0 189 339 539 668 964 1091 1379 1730 1852 2115 2409 2679 2961 3229 3413 3658 3773 3938 4461 4053 4004 4143 4106 4006 3943 4279 4672 5021 5189 5623 5973 5917 6202 6424 6577 6975 6949 6942 6879 6633 6614 6562 5630 5631 5728 5823 5943 6231 6342 6473 6711 7011 5010 4775 4504 4143 3793 4137 4406 4586 4734 4735 4558 4296 3820 3278 3056 2895 2248 2237 2041 1711 1502 1682 1889 2217 2603 2872 3532 4282 4610 4659 4627 4613 4622 4706 4673 4701 4651 4647 4735 4657 4302 4278 3505 2905 3049 3411 3551 3921 4108 4356 4659 4304 4303 4022 3816 3711 3462 3664 3874 4075 6372 6043 5750 5448 5220 5150 4981 4377 4853 5112 5475 5199 5300 5246 4965 4747 4534 4336 4318 4015 4136 4158 3972 4137 4253 4465 3589 3412 3230 2994 2911 2851 2729 2652 2391 2237 1316 1066 852 721 616 444 196 6 150 366 620 919 1093 1087 1020 1281 1472 1781 1773 2065 7519 7969 7502 7414 7105 7218 7092 6558 6521 6189 5845 5704 5831 5760 5238 4990 3230 3316 3369 2967 2666 2384 2085 1792 1065 1482 1717 2018 1812 1731 1627 1345 1323 1534 1923 2231 2282 2344 2598 2812 3021 3399 3599 3935 3927 3915 3925 4119 4377 5282 5055 4720 4637 4118 3966 3835 3483 3283 3069 2829 2588 2459 2240 2105 1816 1639 1485 1257 973 733 2014 2262 2470 3022 3252 3414 4163 4042 3660 3715 3815 4033 
1604 1635 1448 1134 942 581 291 189 0 193 409 532 783 905 1190 1540 1663 1927 2224 2496 2779 3049 3234 3480 3592 3762 4292 3894 3852 3994 3967 3873 3817 4155 4554 4906 5084 5515 5857 5794 6076 6295 6454 6849 6830 6829 6771 6528 6514 6469 5502 5495 5584 5673 5788 6068 6177 6305 6539 6835 5002 4760 4482 4102 3745 4071 4347 4518 4655 4644 4459 4201 3717 3158 2922 2751 2066 2049 1851 1521 1314 1501 1717 2057 2454 2729 3401 4270 4609 4657 4615 4590 4590 4658 4614 4630 4563 4545 4620 4538 4177 4150 3373 2762 2894 3243 3378 3736 3920 4168 4470 4114 4113 3832 3626 3521 3275 3479 3688 3890 6402 6072 5775 5470 5234 5155 4977 4349 4807 5071 5434 5147 5240 5178 4896 4675 4459 4252 4226 3918 4034 4047 3862 4028 4137 4328 3410 3232 3049 2811 2724 2662 2539 2462 2203 2049 1126 879 662 533 450 323 134 196 327 471 689 953 1144 1204 1171 1437 1632 1939 1893 2158 7429 7878 7407 7317 7007 7115 6983 6466 6451 6117 5774 5625 5746 5668 5142 4892 3066 3148 3197 2785 2483 2199 1896 1602 990 1375 1644 1983 1789 1729 1668 1388 1384 1604 1978 2284 2364 2441 2695 2908 3116 3491 3706 4045 4024 4001 4002 4172 4419 5171 4938 4606 4533 4017 3871 3741 3389 3203 2983 2730 2469 2346 2157 2027 1725 1539 1401 1165 865 602 1824 2073 2284 2839 3067 3229 3975 3854 3472 3526 3625 3843 
1616 1658 1469 1163 978 631 404 339 193 0 216 339 635 771 1076 1440 1556 1802 2084 2349 2629 2895 3078 3322 3440 3601 4121 3714 3668 3808 3777 3682 3624 3962 4360 4712 4890 5321 5663 5601 5883 6103 6261 6656 6636 6635 6577 6335 6321 6277 5309 5304 5396 5488 5606 5891 6002 6133 6371 6673 5160 4913 4633 4239 3876 4189 4469 4633 4759 4738 4544 4291 3799 3220 2966 2782 2017 1968 1764 1426 1189 1350 1550 1878 2268 2540 3209 4107 4453 4501 4452 4422 4418 4478 4430 4442 4371 4352 4427 4345 3985 3958 3181 2574 2712 3072 3213 3593 3787 4038 4348 4012 4009 3721 3520 3430 3202 3410 3619 3820 6266 5935 5636 5329 5087 5002 4819 4178 4628 4894 5257 4966 5056 4991 4709 4487 4270 4061 4033 3725 3841 3853 3668 3834 3944 4138 3253 3077 2896 2664 2590 2541 2433 2369 2119 1968 1014 749 573 488 488 447 324 345 436 473 627 844 1046 1174 1189 1459 1655 1957 1858 2088 7237 7685 7214 7124 6814 6922 6789 6274 6264 5929 5586 5435 5554 5476 4949 4699 2890 2976 3030 2636 2336 2060 1774 1497 1117 1465 1764 2129 1943 1895 1852 1574 1574 1795 2166 2470 2556 2635 2889 3102 3309 3684 3900 4239 4217 4194 4193 4357 4600 4977 4744 4413 4340 3824 3678 3549 3197 3013 2792 2537 2275 2153 1967 1839 1534 1346 1212 974 673 408 1732 1989 2214 2781 3004 3163 3898 3769 3386 3434 3519 3733 
1653 1706 1518 1227 1056 741 581 539 409 216 0 128 510 661 984 1358 1462 1681 1943 2197 2473 2732 2911 3152 3278 3427 3935 3517 3465 3603 3567 3469 3410 3747 4145 4496 4674 5105 5447 5387 5669 5890 6047 6442 6421 6419 6361 6119 6105 6062 5096 5093 5189 5284 5405 5697 5811 5944 6188 6497 5341 5090 4806 4400 4032 4330 4614 4771 4885 4853 4650 4402 3904 3306 3033 2836 1987 1901 1691 1348 1077 1200 1376 1684 2064 2332 2997 3927 4280 4327 4272 4235 4225 4277 4225 4232 4157 4136 4211 4129 3770 3744 2968 2365 2511 2886 3035 3442 3648 3904 4221 3911 3906 3609 3414 3342 3135 3350 3557 3757 6116 5782 5481 5172 4924 4832 4644 3988 4428 4696 5059 4763 4850 4781 4500 4277 4059 3848 3819 3510 3625 3637 3452 3618 3728 3927 3085 2911 2733 2510 2454 2421 2331 2283 2046 1901 926 646 547 528 609 630 540 545 607 557 621 759 966 1173 1242 1508 1703 1996 1837 2024 7023 7470 6999 6909 6599 6706 6573 6059 6054 5719 5376 5223 5340 5261 4734 4483 2698 2790 2851 2480 2185 1920 1657 1406 1282 1590 1915 2303 2125 2088 2061 1784 1787 2009 2377 2680 2771 2851 3105 3318 3525 3900 4116 4454 4433 4409 4407 4565 4805 4761 4529 4197 4124 3608 3463 3334 2982 2801 2579 2321 2060 1937 1756 1630 1321 1132 1003 763 458 194 1655 1918 2159 2735 2950 3106 3826 3688 3305 3345 3413 3623 
1727 1785 1598 1317 1153 853 708 668 532 339 128 0 428 581 907 1282 1380 1583 1834 2084 2357 2613 2792 3031 3160 3305 3809 3389 3336 3475 3439 3343 3285 3622 4021 4373 4555 4984 5324 5262 5544 5763 5922 6317 6297 6297 6240 5999 5987 5946 4970 4966 5060 5155 5277 5569 5683 5818 6063 6373 5421 5166 4880 4463 4092 4379 4667 4818 4924 4884 4676 4431 3929 3320 3036 2831 1936 1830 1618 1276 988 1090 1255 1557 1935 2204 2870 3853 4213 4259 4197 4155 4140 4182 4125 4127 4044 4018 4088 4006 3645 3618 2842 2237 2383 2760 2911 3328 3539 3796 4116 3819 3812 3512 3320 3256 3062 3278 3485 3684 6065 5731 5428 5118 4864 4767 4574 3905 4334 4604 4967 4666 4749 4676 4394 4171 3951 3737 3704 3393 3507 3516 3331 3498 3605 3799 2964 2791 2615 2395 2347 2322 2241 2201 1972 1830 853 572 526 549 670 725 660 673 734 665 691 778 984 1233 1326 1589 1783 2069 1881 2041 6908 7355 6882 6791 6481 6586 6452 5943 5947 5611 5269 5113 5228 5146 4618 4366 2571 2664 2727 2365 2072 1813 1561 1325 1355 1636 1976 2380 2209 2181 2168 1894 1902 2124 2487 2789 2888 2971 3225 3438 3645 4019 4238 4577 4553 4526 4521 4671 4907 4640 4405 4075 4004 3490 3347 3219 2867 2693 2469 2205 1936 1816 1649 1526 1212 1018 901 660 350 71 1580 1845 2094 2673 2884 3037 3748 3606 3223 3260 3319 3527 
2155 2211 2024 1737 1567 1245 1039 964 783 635 510 428 0 153 479 854 954 1173 1449 1715 1997 2265 2450 2696 2809 2980 3518 3140 3116 3264 3264 3192 3155 3499 3912 4273 4486 4901 5216 5135 5402 5615 5790 6174 6175 6194 6151 5923 5924 5903 4825 4794 4859 4933 5037 5303 5407 5530 5759 6052 5307 5041 4745 4294 3913 4162 4458 4590 4672 4611 4388 4155 3644 3010 2702 2483 1520 1403 1190 848 566 717 941 1308 1734 2026 2728 4033 4413 4458 4374 4308 4273 4273 4189 4158 4029 3964 3991 3896 3518 3479 2698 2060 2154 2469 2597 2958 3153 3405 3717 3401 3395 3100 2904 2832 2634 2850 3057 3256 6313 5977 5670 5357 5088 4973 4765 4049 4430 4708 5069 4744 4806 4711 4430 4201 3973 3736 3680 3358 3456 3437 3257 3425 3509 3631 2627 2449 2266 2030 1956 1914 1821 1774 1544 1403 425 146 275 425 638 807 873 970 1071 1066 1118 1189 1391 1661 1750 2014 2209 2497 2301 2438 6871 7312 6830 6735 6422 6512 6361 5904 5969 5629 5290 5115 5209 5113 4576 4317 2304 2377 2417 2003 1702 1425 1148 898 1282 1446 1828 2281 2141 2155 2220 1964 2000 2226 2551 2838 2989 3102 3351 3560 3761 4127 4376 4719 4665 4618 4591 4689 4900 4553 4296 3981 3943 3441 3319 3198 2851 2724 2488 2187 1859 1767 1713 1615 1282 1077 1040 823 574 425 1152 1417 1668 2248 2457 2610 3320 3180 2797 2835 2902 3114 
2308 2364 2176 1888 1717 1390 1172 1091 905 771 661 581 153 0 325 701 801 1030 1319 1591 1875 2149 2335 2584 2690 2871 3422 3061 3050 3201 3214 3153 3124 3469 3886 4249 4473 4882 5187 5099 5360 5571 5751 6132 6139 6167 6128 5905 5911 5898 4783 4743 4797 4862 4959 5215 5314 5434 5656 5942 5272 5002 4703 4240 3857 4090 4389 4514 4586 4517 4289 4060 3548 2904 2588 2363 1372 1249 1037 695 419 604 854 1245 1684 1982 2694 4108 4495 4538 4447 4374 4331 4317 4225 4182 4037 3958 3969 3869 3486 3443 2663 2016 2089 2377 2495 2831 3018 3268 3576 3252 3247 2954 2756 2680 2480 2697 2903 3102 6408 6072 5763 5450 5176 5055 4842 4112 4475 4756 5115 4783 4837 4734 4454 4224 3994 3750 3685 3361 3453 3423 3246 3414 3489 3583 2514 2334 2149 1907 1821 1771 1671 1622 1391 1249 272 33 303 475 691 885 982 1097 1205 1213 1272 1340 1540 1814 1902 2167 2362 2650 2452 2583 6866 7305 6820 6723 6410 6494 6337 5899 5986 5645 5308 5127 5213 5112 4572 4311 2222 2286 2317 1881 1578 1293 1003 745 1288 1402 1795 2262 2135 2164 2256 2009 2055 2280 2589 2869 3038 3159 3406 3613 3812 4174 4433 4776 4712 4658 4624 4703 4904 4533 4269 3961 3934 3439 3324 3206 2863 2753 2515 2204 1857 1776 1763 1674 1342 1138 1127 925 704 577 999 1264 1515 2096 2304 2456 3167 3027 2645 2684 2755 2967 
2633 2689 2501 2210 2037 1704 1469 1379 1190 1076 984 907 479 325 0 375 480 740 1060 1347 1634 1916 2107 2359 2447 2653 3230 2913 2928 3085 3128 3089 3078 3423 3846 4213 4460 4854 5137 5035 5282 5487 5679 6049 6073 6116 6088 5876 5893 5895 4706 4645 4674 4721 4802 5034 5125 5234 5441 5712 5216 4937 4633 4146 3758 3957 4260 4369 4420 4332 4093 3876 3360 2699 2363 2125 1066 924 711 370 151 445 742 1164 1620 1925 2647 4279 4677 4718 4613 4525 4468 4424 4313 4248 4069 3961 3938 3829 3436 3384 2614 1958 1980 2200 2293 2568 2736 2980 3280 2936 2933 2646 2443 2359 2155 2371 2578 2777 6615 6278 5967 5653 5370 5237 5015 4257 4584 4869 5224 4877 4915 4797 4520 4287 4055 3796 3714 3386 3464 3414 3243 3409 3465 3497 2287 2104 1916 1660 1543 1472 1356 1299 1065 924 63 337 532 692 889 1106 1248 1385 1504 1531 1597 1660 1857 2140 2226 2491 2686 2976 2774 2893 6863 7296 6806 6706 6393 6465 6295 5899 6032 5689 5357 5163 5233 5120 4579 4314 2071 2115 2123 1639 1333 1031 708 422 1362 1366 1771 2260 2163 2222 2367 2142 2204 2424 2700 2964 3166 3305 3546 3748 3941 4293 4572 4914 4830 4761 4712 4752 4933 4504 4225 3933 3931 3452 3354 3244 2912 2838 2598 2268 1890 1836 1902 1833 1510 1318 1350 1177 999 901 673 938 1192 1774 1979 2131 2842 2704 2321 2363 2442 2657 
3009 3064 2876 2584 2408 2071 1826 1730 1540 1440 1358 1282 854 701 375 0 137 462 818 1113 1394 1682 1874 2127 2190 2427 3033 2774 2822 2984 3063 3052 3062 3403 3829 4197 4469 4843 5100 4981 5211 5407 5613 5970 6013 6074 6058 5860 5889 5909 4638 4553 4551 4577 4638 4840 4919 5016 5204 5455 5182 4894 4586 4073 3683 3837 4144 4232 4256 4146 3894 3692 3175 2499 2141 1889 735 551 337 39 328 514 775 1175 1619 1920 2636 4492 4901 4940 4820 4716 4644 4569 4438 4347 4132 3993 3930 3811 3412 3350 2602 1951 1912 2037 2094 2281 2422 2657 2944 2574 2573 2294 2086 1989 1779 1996 2203 2401 6860 6524 6212 5897 5605 5460 5229 4445 4729 5017 5367 5005 5025 4889 4618 4385 4149 3878 3777 3448 3510 3435 3274 3436 3469 3430 2054 1870 1681 1411 1249 1144 1000 928 690 551 431 712 877 1018 1191 1415 1585 1736 1861 1902 1972 2031 2226 2515 2600 2866 3061 3351 3146 3253 6874 7299 6804 6700 6388 6445 6261 5916 6100 5757 5432 5224 5276 5151 4609 4343 1947 1962 1937 1396 1098 786 420 80 1536 1423 1822 2321 2259 2350 2546 2346 2424 2636 2873 3117 3352 3508 3741 3935 4121 4461 4759 5099 4994 4910 4844 4841 4998 4495 4200 3929 3956 3500 3423 3322 3006 2972 2734 2392 1990 1965 2110 2062 1756 1580 1647 1501 1356 1276 298 563 823 1405 1606 1757 2467 2331 1948 1993 2085 2304 
3107 3165 2978 2690 2517 2184 1946 1852 1663 1556 1462 1380 954 801 480 137 0 328 685 979 1259 1547 1739 1992 2053 2292 2901 2651 2706 2868 2955 2952 2966 3305 3731 4099 4377 4746 4996 4873 5099 5293 5502 5856 5903 5969 5956 5761 5793 5818 4528 4437 4430 4451 4510 4708 4785 4881 5067 5318 5276 4987 4677 4158 3768 3908 4215 4296 4310 4192 3934 3740 3224 2544 2177 1920 726 483 275 171 397 500 723 1102 1536 1833 2543 4472 4884 4923 4797 4686 4608 4521 4384 4284 4058 3909 3835 3713 3313 3249 2509 1863 1807 1911 1962 2144 2287 2524 2814 2456 2453 2169 1964 1879 1687 1908 2112 2309 6852 6516 6203 5889 5593 5442 5207 4414 4682 4970 5317 4950 4965 4823 4553 4320 4085 3809 3703 3375 3432 3349 3191 3352 3379 3320 1919 1735 1546 1275 1112 1010 877 820 604 483 541 816 1000 1147 1324 1548 1712 1859 1981 2012 2071 2114 2305 2608 2704 2968 3163 3449 3229 3320 6782 7204 6708 6603 6292 6345 6158 5826 6025 5682 5359 5147 5194 5065 4524 4258 1829 1838 1808 1261 964 653 285 61 1671 1546 1942 2440 2384 2479 2680 2482 2561 2772 3007 3248 3486 3644 3876 4070 4255 4593 4893 5233 5126 5040 4972 4962 5115 4399 4101 3835 3870 3422 3351 3253 2944 2925 2687 2342 1935 1921 2095 2056 1761 1593 1677 1547 1426 1368 227 485 761 1339 1528 1674 2368 2226 1843 1882 1963 2180 
3296 3360 3175 2900 2736 2419 2201 2115 1927 1802 1681 1583 1173 1030 740 462 328 0 357 651 931 1219 1411 1664 1731 1964 2573 2331 2396 2560 2660 2670 2695 3029 3454 3821 4111 4469 4705 4576 4795 4986 5200 5548 5602 5674 5667 5478 5516 5551 4226 4127 4111 4128 4183 4379 4457 4553 4742 4998 5559 5266 4956 4426 4036 4151 4459 4527 4522 4387 4121 3940 3429 2744 2366 2103 875 542 429 499 612 536 617 906 1302 1585 2279 4360 4780 4815 4675 4550 4459 4345 4194 4075 3826 3658 3562 3436 3035 2966 2245 1614 1522 1589 1634 1833 1996 2241 2546 2238 2230 1928 1738 1697 1572 1799 1993 2183 6762 6427 6113 5800 5496 5333 5090 4276 4506 4796 5137 4759 4760 4607 4342 4110 3875 3591 3474 3147 3193 3096 2945 3103 3115 3022 1591 1408 1219 948 804 740 674 691 586 542 804 1052 1272 1431 1621 1842 1988 2121 2235 2238 2267 2269 2448 2785 2907 3166 3358 3635 3374 3425 6511 6929 6430 6325 6014 6060 5867 5560 5789 5447 5129 4909 4944 4809 4269 4003 1519 1518 1482 934 636 325 43 382 1998 1870 2263 2760 2709 2807 3008 2808 2885 3098 3335 3577 3814 3971 4203 4398 4583 4922 5221 5562 5455 5368 5299 5283 5431 4123 3818 3564 3615 3185 3128 3038 2743 2757 2524 2176 1761 1773 2014 1997 1733 1592 1712 1625 1564 1559 390 518 787 1310 1460 1587 2218 2057 1681 1699 1737 1943 
3511 3581 3400 3139 2985 2684 2489 2409 2224 2084 1943 1834 1449 1319 1060 818 685 357 0 295 579 866 1058 1311 1388 1610 2216 1983 2059 2224 2341 2366 2405 2731 3154 3519 3822 4166 4387 4250 4461 4649 4867 5210 5270 5351 5349 5168 5212 5257 3896 3787 3762 3774 3827 4022 4101 4199 4393 4655 5879 5584 5273 4734 4346 4439 4747 4802 4779 4629 4355 4189 3684 3001 2615 2350 1138 789 745 855 918 744 671 782 1088 1342 2001 4245 4672 4705 4550 4409 4304 4160 3993 3853 3577 3387 3266 3136 2734 2660 1967 1367 1226 1238 1277 1512 1705 1961 2286 2052 2036 1715 1549 1572 1537 1762 1939 2113 6663 6331 6017 5706 5394 5218 4967 4134 4320 4609 4942 4555 4540 4374 4116 3886 3651 3361 3230 2907 2940 2826 2685 2837 2833 2698 1238 1055 866 601 513 544 616 730 764 789 1122 1345 1585 1750 1949 2166 2296 2416 2521 2499 2499 2462 2627 2992 3140 3392 3579 3844 3544 3554 6212 6625 6125 6017 5708 5747 5547 5268 5530 5189 4878 4649 4671 4529 3993 3728 1185 1171 1127 583 280 32 400 737 2353 2225 2616 3113 3065 3164 3364 3161 3235 3449 3691 3934 4170 4324 4558 4753 4939 5279 5577 5917 5812 5725 5655 5636 5779 3823 3511 3271 3341 2934 2894 2814 2541 2593 2369 2024 1611 1654 1966 1976 1755 1649 1802 1760 1757 1800 716 752 966 1388 1485 1584 2119 1939 1583 1571 1549 1736 
3728 3802 3624 3374 3226 2937 2754 2679 2496 2349 2197 2084 1715 1591 1347 1113 979 651 295 0 286 572 764 1016 1101 1315 1922 1708 1802 1967 2106 2150 2204 2520 2938 3298 3615 3943 4146 4001 4203 4386 4610 4946 5015 5104 5109 4936 4987 5042 3642 3522 3485 3490 3537 3728 3806 3904 4099 4365 6131 5835 5523 4977 4591 4665 4972 5016 4979 4817 4537 4383 3884 3205 2816 2552 1370 1026 1017 1150 1202 999 860 826 1009 1216 1819 4205 4635 4665 4497 4343 4225 4055 3874 3715 3414 3202 3055 2920 2520 2439 1786 1235 1038 962 985 1244 1464 1728 2067 1903 1882 1548 1411 1492 1537 1753 1909 2067 6628 6299 5986 5677 5359 5173 4915 4070 4214 4502 4825 4430 4401 4223 3972 3745 3512 3216 3073 2757 2775 2645 2515 2660 2638 2455 944 760 571 315 339 497 685 851 967 1026 1409 1619 1866 2034 2236 2451 2573 2685 2785 2749 2732 2672 2825 3208 3370 3617 3800 4057 3732 3712 5991 6398 5896 5788 5479 5510 5304 5055 5350 5011 4707 4471 4479 4330 3799 3536 942 904 841 291 14 326 694 1032 2648 2515 2903 3399 3356 3457 3659 3456 3529 3744 3986 4228 4465 4619 4853 5049 5234 5573 5872 6213 6106 6018 5947 5921 6060 3604 3285 3062 3152 2771 2750 2680 2431 2520 2309 1972 1572 1643 2008 2039 1858 1780 1952 1942 1975 2045 994 985 1155 1484 1536 1609 2046 1853 1527 1489 1411 1574 
3980 4056 3881 3637 3494 3211 3034 2961 2779 2629 2473 2357 1997 1875 1634 1394 1259 931 579 286 0 288 480 732 815 1033 1650 1482 1605 1769 1938 2009 2082 2380 2788 3142 3473 3780 3960 3805 3993 4168 4400 4726 4806 4907 4920 4758 4818 4887 3440 3303 3247 3238 3275 3453 3527 3622 3813 4078 6348 6049 5738 5184 4800 4852 5158 5191 5138 4963 4679 4538 4048 3375 2986 2723 1584 1252 1272 1430 1489 1279 1116 1002 1068 1211 1726 4242 4674 4701 4522 4355 4225 4028 3832 3653 3326 3090 2910 2770 2376 2288 1695 1223 968 747 725 972 1216 1484 1835 1742 1714 1375 1272 1411 1534 1734 1866 2005 6664 6337 6026 5721 5397 5202 4938 4084 4184 4470 4783 4380 4335 4145 3903 3680 3452 3151 2994 2690 2691 2542 2427 2562 2518 2272 660 476 287 53 320 556 806 997 1169 1252 1695 1903 2153 2320 2523 2738 2858 2967 3065 3022 2996 2921 3067 3459 3631 3873 4055 4305 3963 3922 5827 6225 5723 5612 5307 5327 5112 4901 5235 4900 4606 4360 4353 4196 3673 3414 792 711 604 11 301 609 973 1313 2930 2784 3167 3661 3625 3731 3940 3739 3814 4028 4266 4504 4746 4902 5135 5329 5513 5851 6152 6492 6382 6291 6217 6181 6313 3447 3121 2921 3035 2689 2689 2632 2413 2539 2342 2020 1643 1737 2140 2188 2040 1983 2167 2177 2232 2316 1254 1209 1338 1575 1583 1628 1959 1757 1469 1406 1273 1407 
4205 4284 4112 3877 3739 3466 3299 3229 3049 2895 2732 2613 2265 2149 1916 1682 1547 1219 866 572 288 0 192 444 546 744 1365 1237 1388 1548 1746 1843 1934 2211 2606 2950 3295 3581 3739 3575 3750 3920 4157 4474 4564 4675 4695 4543 4611 4692 3205 3055 2982 2964 2994 3166 3238 3333 3527 3797 6605 6305 5993 5436 5053 5091 5395 5419 5354 5171 4883 4752 4270 3604 3215 2955 1848 1524 1556 1719 1769 1548 1361 1181 1139 1212 1616 4235 4667 4692 4501 4323 4181 3958 3750 3551 3200 2943 2733 2588 2202 2109 1587 1216 917 540 456 748 1036 1306 1668 1676 1642 1305 1250 1449 1644 1823 1929 2045 6649 6326 6017 5716 5388 5183 4916 4055 4112 4393 4695 4286 4226 4024 3793 3575 3352 3049 2881 2589 2574 2407 2309 2433 2367 2062 372 188 4 279 540 772 1036 1232 1431 1524 1977 2177 2430 2599 2804 3018 3131 3235 3329 3276 3237 3146 3282 3684 3867 4104 4282 4525 4164 4099 5621 6012 5510 5398 5095 5105 4883 4708 5077 4746 4461 4208 4186 4021 3509 3254 666 537 378 286 586 897 1262 1601 3218 3071 3452 3945 3912 4019 4228 4027 4101 4316 4554 4792 5034 5190 5423 5618 5802 6139 6441 6781 6670 6579 6504 6463 6591 3255 2924 2747 2883 2575 2595 2552 2365 2527 2348 2046 1700 1815 2247 2312 2199 2164 2357 2390 2468 2569 1540 1481 1588 1760 1733 1754 1974 1767 1528 1442 1252 1343 
4365 4445 4275 4045 3911 3643 3481 3413 3234 3078 2911 2792 2450 2335 2107 1874 1739 1411 1058 764 480 192 0 252 377 552 1178 1094 1269 1424 1644 1760 1866 2123 2506 2842 3195 3464 3606 3434 3599 3764 4006 4315 4412 4531 4558 4414 4487 4576 3062 2900 2814 2787 2812 2976 3047 3141 3335 3608 6772 6471 6160 5599 5219 5246 5549 5567 5495 5305 5015 4891 4414 3753 3366 3109 2023 1705 1744 1911 1960 1733 1537 1329 1232 1261 1580 4254 4685 4707 4510 4324 4175 3934 3717 3507 3140 2867 2635 2488 2111 2014 1553 1260 943 465 306 619 936 1201 1567 1648 1609 1281 1261 1493 1729 1894 1983 2083 6657 6338 6031 5733 5402 5192 4921 4059 4086 4364 4656 4245 4174 3965 3742 3529 3309 3006 2830 2550 2523 2344 2259 2373 2293 1943 180 8 192 467 709 932 1198 1395 1606 1705 2167 2364 2619 2789 2994 3207 3318 3419 3511 3453 3407 3307 3438 3845 4035 4268 4444 4682 4311 4232 5497 5882 5380 5267 4966 4970 4742 4594 4988 4660 4384 4126 4093 3923 3419 3169 656 498 307 478 778 1089 1453 1794 3410 3260 3640 4132 4101 4209 4420 4219 4293 4508 4746 4983 5226 5382 5615 5810 5994 6330 6633 6973 6861 6769 6693 6649 6774 3145 2810 2652 2805 2525 2560 2527 2364 2549 2383 2097 1774 1900 2346 2419 2327 2305 2502 2546 2636 2746 1729 1662 1755 1889 1843 1849 1996 1788 1584 1485 1263 1321 
4584 4665 4498 4274 4142 3880 3724 3658 3480 3322 3152 3031 2696 2584 2359 2127 1992 1664 1311 1016 732 444 252 0 215 301 939 938 1149 1292 1542 1686 1809 2036 2397 2719 3084 3327 3444 3262 3412 3569 3817 4115 4223 4353 4387 4255 4336 4438 2887 2709 2602 2562 2575 2728 2796 2889 3083 3358 6991 6689 6378 5814 5435 5450 5751 5761 5680 5482 5190 5075 4606 3952 3567 3312 2256 1945 1991 2163 2211 1981 1776 1542 1391 1370 1574 4297 4726 4745 4540 4344 4186 3924 3697 3470 3083 2791 2530 2380 2020 1918 1551 1363 1039 486 243 507 847 1092 1455 1637 1593 1287 1312 1579 1861 2006 2072 2151 6684 6368 6064 5771 5438 5220 4947 4084 4071 4344 4624 4210 4125 3907 3695 3489 3276 2975 2789 2527 2483 2290 2223 2324 2222 1811 72 256 445 718 943 1155 1420 1616 1840 1945 2419 2613 2869 3039 3245 3457 3566 3664 3754 3690 3638 3527 3653 4065 4261 4491 4664 4896 4513 4418 5346 5722 5221 5106 4809 4802 4568 4458 4887 4564 4299 4035 3986 3810 3321 3077 730 560 383 730 1031 1342 1706 2046 3663 3509 3887 4378 4349 4459 4672 4472 4546 4761 4998 5234 5478 5635 5868 6062 6246 6581 6885 7225 7112 7019 6941 6892 7014 3018 2680 2550 2725 2488 2543 2523 2393 2605 2457 2193 1903 2040 2498 2581 2513 2505 2706 2762 2866 2984 1977 1901 1980 2070 2001 1989 2045 1840 1683 1570 1315 1329 
4743 4823 4652 4421 4284 4012 3844 3773 3592 3440 3278 3160 2809 2690 2447 2190 2053 1731 1388 1101 815 546 377 215 0 343 977 1091 1321 1456 1720 1876 2005 2218 2567 2879 3249 3475 3571 3380 3513 3660 3916 4198 4320 4462 4505 4383 4471 4583 3003 2808 2675 2611 2602 2716 2770 2846 3016 3267 6948 6645 6334 5765 5390 5385 5684 5685 5592 5386 5092 4987 4527 3884 3502 3253 2249 1956 2024 2225 2303 2091 1908 1706 1588 1581 1784 4512 4941 4960 4753 4557 4397 4130 3900 3669 3276 2976 2701 2550 2200 2096 1762 1575 1251 702 459 292 632 877 1240 1435 1390 1093 1139 1425 1736 1865 1915 1981 6896 6582 6278 5985 5652 5433 5160 4297 4277 4548 4824 4409 4319 4097 3890 3687 3477 3176 2988 2731 2683 2486 2425 2521 2411 1969 242 376 545 787 960 1146 1402 1593 1838 1956 2509 2718 2968 3135 3337 3553 3673 3780 3875 3823 3782 3684 3816 4223 4411 4645 4822 5060 4687 4603 5479 5847 5347 5232 4938 4922 4681 4604 5056 4736 4477 4210 4153 3974 3493 3254 943 774 591 809 1115 1417 1771 2110 3722 3543 3911 4397 4380 4498 4726 4536 4615 4826 5049 5277 5532 5695 5924 6115 6295 6624 6935 7274 7152 7052 6968 6901 7013 3174 2835 2722 2909 2688 2749 2732 2607 2821 2673 2407 2110 2244 2699 2778 2698 2681 2879 2924 3012 3116 2015 1912 1960 1989 1897 1870 1865 1662 1535 1415 1143 1136 
4825 4909 4744 4529 4403 4149 4002 3938 3762 3601 3427 3305 2980 2871 2653 2427 2292 1964 1610 1315 1033 744 552 301 343 0 648 776 1025 1146 1426 1601 1742 1927 2256 2558 2933 3145 3231 3039 3170 3318 3573 3857 3977 4119 4163 4044 4134 4250 2661 2465 2335 2280 2283 2427 2495 2589 2788 3072 7273 6971 6660 6093 5716 5719 6019 6023 5932 5728 5434 5328 4866 4219 3836 3585 2550 2243 2292 2463 2505 2267 2051 1788 1583 1510 1576 4325 4749 4765 4550 4344 4175 3889 3651 3406 2999 2685 2391 2240 1906 1799 1558 1497 1179 621 405 564 877 1076 1416 1717 1669 1396 1467 1761 2079 2204 2248 2305 6684 6374 6074 5787 5451 5226 4950 4091 4031 4296 4560 4144 4043 3814 3617 3421 3218 2921 2726 2488 2425 2218 2174 2256 2131 1649 374 556 745 1019 1241 1447 1709 1904 2135 2243 2713 2901 3159 3330 3538 3748 3851 3945 4031 3959 3897 3773 3890 4309 4513 4738 4908 5132 4733 4618 5140 5506 5007 4891 4598 4580 4338 4272 4740 4425 4173 3903 3837 3654 3183 2950 873 717 590 1030 1330 1641 2006 2346 3963 3810 4187 4678 4651 4761 4973 4772 4845 5060 5299 5536 5779 5935 6168 6362 6547 6883 7185 7526 7413 7320 7242 7191 7311 2850 2511 2415 2616 2433 2511 2507 2419 2660 2535 2300 2050 2198 2665 2759 2719 2728 2933 3005 3125 3255 2279 2199 2270 2327 2240 2213 2181 1982 1874 1751 1470 1440 
5231 5320 5166 4974 4863 4636 4516 4461 4292 4121 3935 3809 3518 3422 3230 3033 2901 2573 2216 1922 1650 1365 1178 939 977 648 0 592 839 869 1175 1398 1566 1638 1876 2121 2507 2652 2679 2470 2570 2703 2967 3232 3368 3527 3585 3489 3594 3735 2093 1867 1703 1633 1636 1807 1894 2012 2257 2592 7921 7618 7308 6740 6364 6363 6662 6662 6564 6354 6059 5960 5503 4862 4480 4230 3195 2883 2922 3071 3080 2821 2577 2255 1951 1785 1568 4246 4654 4663 4431 4207 4019 3685 3429 3151 2711 2364 2010 1862 1606 1499 1563 1762 1494 1049 940 1120 1352 1458 1720 2182 2131 1915 2030 2342 2690 2796 2815 2847 6522 6227 5938 5666 5329 5089 4812 3972 3814 4059 4286 3871 3738 3492 3330 3158 2982 2702 2495 2319 2219 1990 2002 2038 1867 1260 1009 1184 1367 1644 1882 2093 2356 2552 2779 2883 3288 3453 3718 3891 4103 4307 4390 4467 4542 4446 4357 4200 4295 4725 4951 5160 5319 5522 5088 4923 4590 4937 4442 4325 4041 4004 3751 3760 4298 3999 3778 3500 3400 3206 2781 2575 1246 1145 1107 1649 1937 2247 2616 2952 4565 4435 4817 5310 5275 5379 5577 5366 5434 5652 5905 6150 6382 6531 6768 6966 7153 7494 7790 8131 8028 7940 7867 7827 7952 2390 2058 2041 2290 2232 2357 2389 2393 2686 2615 2454 2302 2464 2930 3045 3071 3117 3327 3434 3593 3754 2905 2839 2918 2966 2867 2828 2703 2516 2463 2331 2034 1957 
4722 4813 4666 4492 4393 4191 4097 4053 3894 3714 3517 3389 3140 3061 2913 2774 2651 2331 1983 1708 1482 1237 1094 938 1091 776 592 0 269 370 661 858 1016 1159 1480 1788 2159 2390 2513 2340 2513 2686 2920 3243 3326 3438 3463 3322 3399 3500 1969 1821 1779 1808 1897 2183 2307 2460 2748 3117 7831 7532 7220 6667 6283 6328 6632 6656 6588 6399 6109 5985 5506 4841 4453 4193 3065 2729 2725 2813 2762 2479 2207 1837 1469 1257 976 3678 4092 4103 3877 3658 3478 3165 2917 2658 2238 1915 1615 1464 1135 1028 971 1230 1009 746 788 1340 1650 1828 2144 2492 2444 2172 2231 2512 2798 2944 3003 3072 5988 5686 5392 5114 4777 4543 4265 3416 3301 3558 3808 3391 3280 3047 2859 2670 2477 2186 1984 1775 1692 1473 1456 1516 1372 877 983 1102 1241 1496 1775 2010 2273 2469 2652 2729 2965 3094 3364 3536 3753 3944 4001 4059 4121 4003 3891 3710 3790 4225 4464 4661 4813 5001 4551 4366 4410 4790 4288 4175 3875 3876 3649 3520 3966 3649 3397 3127 3064 2883 2407 2174 841 812 878 1486 1723 2015 2375 2695 4272 4197 4593 5091 5033 5117 5280 5052 5108 5331 5612 5872 6079 6213 6456 6660 6854 7206 7483 7825 7743 7670 7613 7613 7762 2084 1745 1639 1845 1702 1807 1825 1807 2096 2023 1870 1748 1912 2372 2494 2549 2616 2825 2955 3143 3329 2699 2687 2819 2983 2930 2925 2954 2752 2619 2502 2234 2216 
4596 4688 4548 4389 4300 4115 4041 4004 3852 3668 3465 3336 3116 3050 2928 2822 2706 2396 2059 1802 1605 1388 1269 1149 1321 1025 839 269 0 165 401 588 746 902 1248 1575 1935 2195 2355 2201 2402 2590 2808 3152 3212 3303 3315 3156 3223 3308 1840 1731 1747 1820 1945 2278 2420 2588 2898 3286 7934 7637 7326 6779 6393 6457 6763 6796 6739 6558 6271 6138 5651 4980 4591 4329 3172 2829 2805 2861 2779 2486 2201 1808 1400 1150 742 3414 3825 3836 3609 3389 3208 2895 2648 2391 1976 1661 1381 1231 881 776 743 1119 962 858 964 1584 1902 2089 2411 2741 2694 2412 2457 2728 2995 3150 3221 3299 5718 5417 5123 4846 4509 4273 3996 3148 3032 3290 3544 3127 3020 2789 2596 2404 2209 1917 1716 1505 1423 1205 1186 1247 1108 674 1184 1277 1392 1626 1913 2151 2409 2602 2764 2829 2977 3083 3353 3524 3741 3924 3965 4009 4063 3930 3802 3604 3672 4108 4357 4544 4689 4865 4401 4196 4233 4624 4122 4010 3707 3722 3507 3325 3738 3416 3155 2889 2837 2662 2173 1932 877 899 1012 1610 1816 2090 2439 2745 4290 4244 4645 5143 5073 5146 5291 5055 5105 5329 5624 5892 6084 6210 6456 6662 6859 7216 7483 7826 7754 7689 7640 7661 7820 1876 1541 1402 1592 1433 1538 1558 1554 1852 1795 1671 1596 1761 2208 2337 2422 2508 2715 2862 3070 3273 2775 2788 2941 3148 3111 3117 3187 2983 2830 2719 2461 2455 
4702 4795 4658 4506 4422 4245 4178 4143 3994 3808 3603 3475 3264 3201 3085 2984 2868 2560 2224 1967 1769 1548 1424 1292 1456 1146 869 370 165 0 307 528 698 794 1111 1426 1793 2040 2192 2036 2237 2426 2643 2988 3047 3139 3151 2995 3063 3152 1675 1568 1595 1681 1819 2172 2322 2498 2820 3220 8099 7802 7491 6945 6558 6621 6927 6960 6902 6720 6432 6300 5814 5144 4755 4493 3337 2994 2969 3024 2936 2642 2355 1957 1540 1278 789 3380 3786 3794 3562 3337 3150 2823 2570 2303 1876 1548 1246 1094 768 661 797 1246 1111 1022 1118 1709 2020 2195 2505 2862 2814 2541 2595 2872 3146 3298 3364 3437 5656 5359 5069 4796 4459 4220 3943 3103 2955 3207 3449 3033 2916 2680 2497 2313 2126 1840 1635 1449 1352 1126 1132 1173 1014 519 1332 1433 1553 1790 2076 2314 2573 2765 2929 2994 3133 3234 3504 3675 3892 4072 4108 4149 4200 4061 3927 3722 3783 4220 4473 4654 4796 4965 4493 4276 4074 4463 3961 3849 3546 3558 3342 3170 3599 3281 3027 2758 2697 2519 2038 1804 1040 1064 1174 1774 1981 2255 2603 2908 4447 4405 4806 5305 5233 5305 5446 5208 5256 5481 5779 6048 6237 6361 6608 6814 7012 7370 7635 7977 7908 7845 7797 7821 7982 1726 1389 1269 1476 1364 1488 1522 1555 1867 1831 1736 1697 1860 2297 2430 2533 2627 2833 2987 3203 3411 2939 2953 3106 3307 3267 3270 3321 3118 2976 2862 2599 2584 
