4
159
70 0 1 2 3 4 5 6 7 8 9 10 11 12 13 14 15 16 17 18 19 20 21 22 23 24 25 26 27 28 29 30 31 32 33 34 35 36 37 38 39 40 41 42 43 44 45 46 47 48 49 50 51 52 53 54 55 56 57 58 59 60 61 62 63 64 65 66 67 68 69
36 70 71 72 73 74 21 22 23 24 25 75 76 77 78 79 80 81 82 83 84 85 86 87 88 89 90 91 92 93 94 95 96 97 98 99 100
47 101 102 103 104 105 106 107 108 109 110 111 71 72 73 74 21 22 23 112 113 114 115 116 117 118 32 33 34 35 36 37 38 39 119 120 121 122 123 124 125 126 127 128 129 130 131 132
40 133 134 135 136 137 138 139 140 141 24 25 75 76 77 78 79 142 81 82 83 84 143 144 145 146 46 47 48 147 148 149 150 151 152 153 154 155 156 157 158
1800 1200 900 1200 
0 454 246 339 552 677 974 1059 1101 1010 966 1280 1496 1807 1858 1692 1761 2295 2554 2907 2948 3076 3477 3553 3845 4272 4923 4990 5051 5115 5244 5191 5393 5505 5625 5833 6003 6241 6551 6808 6895 6898 7144 7294 7497 8151 8229 8634 9118 9001 9026 9069 8799 8810 9032 9393 9691 9794 9864 10118 10332 10541 10918 11111 11443 11447 11431 11429 11559 11770 2131 1904 2071 2397 2685 4978 5271 5738 6149 6449 6801 6874 6901 6963 7377 8524 8881 9264 9919 10380 10497 10772 10961 11011 10903 10595 10562 10953 11534 11763 12034 4890 4511 4163 3930 3816 3457 3249 3042 2744 2491 2138 3882 4093 4326 4388 4632 5189 5477 6893 6896 6906 6935 7049 7248 7427 7523 7514 7442 7458 7453 7450 7408 4764 4639 4362 4501 4290 4410 4233 4074 3889 6863 8219 8190 8155 8140 9253 9468 9696 9978 10385 10529 10834 10787 10770 10515 10494 10489 
454 0 502 615 918 936 1212 1355 1468 1412 1411 1698 1938 2255 2313 2146 2209 2738 2995 3347 3369 3492 3893 3965 4259 4697 5350 5406 5456 5514 5637 5575 5772 5890 6016 6231 6410 6654 6970 7232 7329 7337 7585 7736 7940 8591 8662 9068 9554 9439 9466 9514 9245 9257 9479 9839 10136 10242 10314 10568 10782 10990 11367 11562 11895 11896 11879 11876 12001 12209 2478 2274 2485 2827 3098 5405 5699 6167 6579 6880 7232 7299 7319 7374 7788 8928 9283 9666 10319 10776 10889 11165 11359 11416 11313 11005 10981 11372 11957 12186 12458 5039 4680 4354 4137 4032 3711 3525 3338 3072 2843 2483 4283 4482 4716 4766 4981 5555 5844 7326 7335 7348 7382 7497 7696 7875 7973 7965 7895 7912 7908 7905 7862 5050 4945 4695 4844 4660 4790 4624 4463 4292 7296 8625 8604 8573 8567 9690 9908 10138 10421 10830 10974 11276 11227 11207 10950 10925 10918 
246 502 0 118 417 463 757 871 966 914 952 1422 1596 1884 1899 1706 1747 2264 2517 2867 2874 2994 3395 3465 3760 4202 4856 4907 4954 5012 5134 5073 5270 5388 5514 5729 5909 6154 6471 6736 6840 6852 7102 7255 7460 8107 8172 8578 9065 8953 8983 9037 8769 8784 9007 9363 9659 9770 9846 10100 10314 10522 10899 11099 11433 11429 11409 11402 11520 11724 1981 1772 1987 2337 2599 4912 5206 5674 6087 6388 6741 6804 6820 6874 7287 8426 8781 9164 9817 10274 10387 10663 10857 10915 10812 10504 10482 10873 11460 11689 11961 4660 4285 3943 3715 3603 3258 3059 2861 2582 2345 1986 3781 3980 4214 4265 4485 5055 5345 6835 6850 6867 6907 7025 7225 7404 7506 7502 7440 7466 7468 7476 7439 4580 4465 4205 4350 4159 4288 4122 3961 3790 6806 8123 8104 8075 8073 9203 9423 9656 9941 10353 10496 10795 10742 10718 10460 10432 10424 
339 615 118 0 312 347 643 753 854 812 879 1414 1565 1839 1839 1636 1665 2176 2425 2774 2771 2889 3290 3359 3654 4099 4754 4802 4845 4902 5023 4961 5156 5275 5402 5618 5800 6047 6366 6632 6740 6755 7006 7159 7365 8011 8071 8477 8965 8855 8886 8943 8677 8692 8916 9270 9565 9680 9757 10011 10225 10433 10809 11012 11346 11340 11318 11310 11424 11627 1864 1658 1883 2239 2494 4810 5104 5573 5986 6287 6640 6700 6714 6766 7179 8316 8671 9054 9706 10163 10274 10551 10746 10805 10703 10396 10376 10767 11355 11584 11857 4553 4175 3831 3601 3489 3141 2941 2743 2464 2229 1870 3671 3868 4102 4151 4369 4940 5230 6735 6753 6772 6816 6935 7134 7314 7418 7416 7357 7386 7391 7402 7368 4462 4347 4087 4233 4044 4175 4010 3849 3681 6706 8013 7997 7969 7970 9104 9325 9560 9846 10259 10402 10699 10645 10619 10361 10330 10322 
552 918 417 312 0 257 496 522 554 499 598 1263 1355 1599 1569 1351 1365 1868 2115 2463 2458 2578 2979 3048 3344 3786 4442 4491 4537 4596 4719 4660 4858 4975 5099 5313 5492 5737 6055 6320 6427 6442 6693 6847 7053 7698 7758 8165 8652 8542 8574 8632 8365 8381 8605 8959 9254 9369 9448 9702 9915 10123 10499 10703 11038 11031 11008 10999 11111 11314 1580 1361 1571 1927 2183 4497 4791 5260 5673 5974 6327 6388 6403 6456 6870 8009 8364 8748 9401 9858 9972 10248 10441 10498 10395 10087 10065 10456 11043 11272 11545 4393 4003 3645 3405 3287 2914 2701 2490 2191 1943 1587 3364 3565 3798 3853 4084 4647 4936 6422 6440 6459 6505 6625 6824 7004 7109 7108 7051 7083 7091 7107 7075 4213 4086 3811 3951 3750 3875 3707 3546 3374 6393 7706 7687 7658 7657 8791 9013 9247 9534 9948 10090 10387 10332 10306 10048 10017 10009 
677 936 463 347 257 0 297 419 589 617 808 1519 1597 1825 1771 1538 1525 1997 2232 2572 2527 2637 3034 3096 3393 3851 4508 4539 4568 4618 4733 4664 4854 4978 5109 5332 5523 5776 6102 6375 6501 6527 6782 6938 7146 7783 7829 8235 8725 8621 8659 8728 8464 8484 8708 9056 9349 9473 9557 9811 10024 10231 10606 10818 11154 11139 11111 11098 11198 11394 1550 1365 1641 2021 2241 4564 4858 5328 5742 6043 6396 6445 6449 6492 6905 8032 8386 8770 9418 9872 9979 10257 10456 10522 10425 10118 10108 10498 11091 11321 11595 4214 3833 3486 3254 3142 2794 2598 2404 2137 1916 1554 3393 3577 3812 3851 4049 4629 4919 6493 6524 6551 6608 6731 6932 7112 7223 7226 7179 7220 7235 7260 7233 4120 4010 3760 3910 3737 3876 3722 3558 3406 6465 7732 7725 7703 7717 8868 9094 9334 9624 10042 10184 10474 10414 10380 10119 10080 10070 
974 1212 757 643 496 297 0 213 496 613 895 1691 1715 1898 1801 1548 1496 1917 2132 2458 2369 2468 2858 2913 3210 3681 4336 4350 4364 4406 4514 4437 4622 4750 4887 5117 5317 5577 5909 6190 6333 6370 6628 6787 6997 7624 7655 8061 8554 8456 8499 8580 8319 8343 8568 8910 9199 9334 9424 9677 9890 10096 10469 10689 11027 11004 10971 10951 11039 11228 1317 1165 1500 1897 2076 4392 4687 5156 5570 5871 6224 6261 6254 6288 6700 7816 8168 8552 9198 9647 9750 10029 10232 10305 10214 9908 9908 10297 10896 11125 11400 3918 3536 3189 2958 2846 2504 2313 2127 1880 1679 1318 3191 3361 3595 3622 3796 4387 4677 6322 6366 6401 6471 6598 6799 6979 7096 7105 7069 7122 7145 7183 7163 3838 3735 3498 3654 3501 3649 3507 3342 3207 6295 7518 7523 7506 7533 8700 8931 9176 9469 9892 10033 10316 10250 10208 9945 9898 9885 
1059 1355 871 753 522 419 213 0 298 448 762 1592 1579 1736 1620 1362 1297 1705 1919 2244 2159 2260 2652 2709 3006 3474 4130 4148 4168 4213 4324 4252 4440 4566 4699 4926 5121 5379 5709 5987 6126 6161 6418 6577 6787 7415 7450 7856 8348 8248 8291 8369 8108 8132 8357 8699 8989 9123 9212 9465 9678 9884 10257 10476 10814 10792 10759 10741 10830 11021 1134 964 1287 1684 1867 4186 4480 4950 5364 5665 6018 6058 6055 6092 6504 7626 7978 8362 9010 9461 9566 9845 10046 10115 10021 9715 9711 10100 10697 10926 11201 3877 3483 3123 2882 2765 2397 2191 1990 1718 1499 1137 2993 3170 3404 3437 3629 4212 4502 6116 6157 6190 6259 6386 6587 6767 6884 6892 6856 6908 6932 6970 6951 3710 3594 3340 3490 3321 3463 3315 3151 3008 6088 7326 7326 7308 7330 8493 8723 8967 9260 9682 9823 10107 10043 10003 9739 9695 9683 
1101 1468 966 854 554 589 496 298 0 191 519 1364 1313 1447 1323 1063 1001 1428 1653 1988 1938 2049 2448 2512 2809 3263 3920 3956 3993 4048 4169 4107 4304 4422 4547 4764 4948 5197 5520 5790 5912 5937 6192 6348 6557 7193 7240 7647 8137 8032 8069 8138 7875 7895 8120 8467 8759 8885 8970 9224 9437 9644 10018 10232 10568 10552 10523 10508 10608 10804 1030 807 1052 1433 1653 3976 4270 4740 5154 5455 5808 5860 5867 5915 6328 7463 7817 8201 8852 9309 9420 9697 9892 9952 9851 9544 9528 9919 10509 10739 11012 3985 3579 3204 2950 2825 2422 2190 1967 1648 1390 1038 2819 3014 3248 3299 3531 4092 4381 5904 5934 5961 6020 6144 6345 6525 6637 6642 6599 6645 6664 6697 6674 3687 3550 3262 3400 3195 3322 3156 2995 2829 5876 7160 7147 7122 7131 8279 8505 8744 9034 9452 9594 9884 9824 9791 9530 9494 9483 
1010 1412 914 812 499 617 613 448 191 0 328 1173 1133 1289 1189 940 909 1383 1624 1968 1959 2080 2481 2552 2847 3287 3942 3994 4045 4107 4234 4180 4383 4495 4615 4824 4999 5241 5557 5821 5927 5943 6195 6349 6556 7199 7259 7665 8153 8043 8075 8135 7869 7887 8110 8463 8757 8875 8955 9209 9423 9631 10006 10213 10549 10538 10513 10503 10613 10815 1152 905 1073 1428 1685 3997 4292 4760 5174 5475 5827 5889 5906 5962 6376 7519 7874 8258 8912 9371 9487 9763 9953 10007 9901 9593 9568 9959 10545 10774 11047 4167 3758 3380 3123 2997 2584 2345 2114 1777 1503 1163 2874 3082 3315 3378 3635 4182 4470 5922 5941 5962 6010 6131 6331 6511 6618 6619 6567 6605 6619 6642 6615 3827 3681 3378 3508 3283 3399 3223 3063 2882 5893 7215 7191 7161 7158 8292 8514 8749 9036 9451 9593 9889 9833 9807 9548 9518 9510 
966 1411 952 879 598 808 895 762 519 328 0 844 821 1017 970 757 798 1328 1588 1941 2001 2135 2535 2616 2904 3317 3964 4042 4118 4192 4330 4289 4501 4602 4712 4908 5066 5296 5600 5851 5931 5931 6177 6327 6530 7184 7265 7670 8153 8035 8059 8103 7833 7845 8068 8427 8725 8830 8902 9156 9370 9579 9956 10152 10486 10485 10468 10465 10592 10803 1375 1106 1148 1441 1752 4019 4311 4776 5187 5487 5838 5916 5950 6020 6433 7589 7946 8328 8986 9451 9575 9848 10030 10072 9958 9650 9609 10000 10577 10806 11076 4469 4056 3672 3410 3281 2852 2601 2359 1998 1702 1389 2961 3190 3419 3502 3798 4319 4604 5930 5930 5939 5970 6085 6284 6463 6562 6555 6489 6513 6515 6524 6489 4054 3891 3563 3681 3422 3520 3325 3170 2964 5899 7282 7242 7202 7180 8287 8501 8729 9012 9419 9563 9867 9820 9804 9549 9531 9526 
1280 1698 1422 1414 1263 1519 1691 1592 1364 1173 844 0 343 679 880 903 1092 1569 1823 2147 2357 2507 2877 2974 3234 3565 4175 4312 4443 4543 4702 4692 4920 4997 5082 5244 5360 5555 5826 6042 6055 6016 6245 6382 6573 7249 7381 7780 8248 8110 8112 8115 7838 7836 8052 8430 8734 8803 8855 9107 9321 9531 9910 10078 10403 10430 10431 10447 10619 10852 2096 1818 1677 1805 2183 4226 4504 4951 5348 5639 5981 6100 6174 6277 6685 7862 8221 8597 9261 9737 9878 10144 10306 10320 10184 9876 9796 10186 10739 10965 11228 5271 4850 4458 4189 4055 3602 3333 3077 2686 2369 2113 3355 3618 3833 3956 4330 4785 5058 6065 6018 5999 5983 6082 6274 6449 6524 6499 6397 6381 6355 6322 6265 4712 4520 4144 4233 3910 3966 3738 3599 3347 6032 7551 7469 7408 7336 8369 8562 8770 9037 9425 9571 9895 9869 9882 9639 9649 9654 
1496 1938 1596 1565 1355 1597 1715 1579 1313 1133 821 343 0 344 540 602 804 1243 1491 1810 2035 2186 2549 2648 2903 3226 3833 3973 4108 4211 4372 4366 4596 4669 4750 4908 5021 5214 5483 5699 5713 5675 5904 6042 6234 6909 7039 7438 7907 7770 7773 7779 7503 7502 7719 8095 8399 8472 8526 8779 8992 9202 9581 9752 10079 10102 10101 10115 10283 10514 1891 1618 1411 1494 1878 3883 4161 4608 5005 5296 5638 5757 5831 5936 6343 7521 7880 8256 8920 9395 9538 9803 9965 9977 9841 9533 9452 9843 10396 10622 10885 5095 4668 4269 3995 3859 3392 3115 2854 2452 2132 1909 3031 3299 3511 3640 4030 4469 4739 5722 5676 5658 5646 5746 5939 6115 6193 6169 6072 6062 6040 6015 5962 4450 4247 3858 3939 3602 3649 3416 3281 3022 5689 7210 7127 7065 6993 8028 8223 8432 8700 9091 9236 9559 9531 9543 9298 9308 9312 
1807 2255 1884 1839 1599 1825 1898 1736 1447 1289 1017 679 344 0 281 484 679 997 1223 1518 1783 1935 2278 2381 2623 2921 3517 3669 3816 3924 4091 4093 4327 4392 4466 4614 4717 4903 5165 5374 5379 5338 5566 5702 5893 6569 6704 7102 7569 7431 7432 7437 7160 7159 7376 7752 8056 8128 8181 8434 8648 8858 9237 9408 9735 9758 9757 9771 9941 10173 1832 1574 1281 1275 1662 3567 3841 4283 4678 4967 5307 5432 5512 5622 6027 7208 7566 7941 8605 9082 9228 9492 9649 9657 9517 9210 9124 9514 10064 10289 10552 5035 4603 4200 3921 3783 3302 3017 2752 2342 2022 1851 2769 3045 3250 3391 3806 4216 4480 5390 5340 5319 5304 5404 5596 5772 5849 5825 5728 5719 5698 5676 5626 4283 4065 3658 3725 3365 3397 3155 3027 2757 5357 6896 6806 6740 6662 7689 7883 8091 8358 8748 8893 9217 9190 9203 8960 8972 8976 
1858 2313 1899 1839 1569 1771 1801 1620 1323 1189 970 880 540 281 0 267 427 721 958 1270 1512 1663 2016 2117 2366 2685 3294 3433 3569 3673 3836 3833 4065 4134 4213 4369 4481 4674 4946 5164 5187 5157 5391 5531 5726 6397 6517 6918 7389 7257 7265 7281 7007 7009 7229 7600 7902 7985 8045 8299 8513 8722 9101 9282 9611 9625 9618 9626 9783 10008 1579 1331 1009 995 1382 3345 3625 4074 4474 4766 5110 5224 5294 5396 5804 6982 7340 7716 8381 8856 8998 9263 9425 9440 9305 8997 8921 9312 9868 10094 10359 4774 4340 3936 3656 3517 3033 2747 2482 2070 1752 1599 2503 2776 2984 3120 3528 3947 4213 5195 5158 5146 5145 5250 5445 5622 5707 5690 5604 5609 5599 5592 5549 4001 3784 3377 3445 3091 3127 2889 2758 2492 5163 6670 6590 6530 6464 7514 7713 7927 8199 8595 8740 9058 9025 9030 8783 8787 8789 
1692 2146 1706 1636 1351 1538 1548 1362 1063 940 757 903 602 484 267 0 205 680 943 1286 1457 1606 1983 2078 2345 2703 3332 3447 3561 3655 3810 3794 4021 4101 4191 4361 4490 4697 4982 5214 5261 5245 5484 5629 5828 6492 6594 6997 7474 7348 7363 7393 7121 7128 7349 7715 8015 8109 8176 8430 8644 8853 9231 9420 9752 9758 9745 9748 9890 10109 1348 1089 818 902 1281 3385 3670 4128 4533 4829 5177 5276 5332 5422 5832 7004 7362 7741 8403 8875 9011 9279 9449 9473 9346 9038 8975 9367 9932 10159 10426 4554 4123 3720 3443 3305 2827 2545 2281 1873 1553 1367 2455 2716 2933 3053 3431 3882 4155 5265 5244 5243 5257 5367 5564 5743 5835 5824 5750 5766 5764 5769 5732 3850 3645 3256 3338 3008 3064 2837 2697 2449 5233 6694 6628 6576 6528 7603 7809 8030 8307 8709 8853 9165 9125 9121 8870 8864 8864 
1761 2209 1747 1665 1365 1525 1496 1297 1001 909 798 1092 804 679 427 205 0 542 807 1159 1288 1435 1820 1912 2186 2564 3202 3302 3405 3493 3644 3623 3847 3932 4026 4203 4341 4556 4848 5087 5150 5143 5387 5535 5737 6394 6484 6888 7369 7247 7268 7308 7037 7048 7270 7632 7930 8032 8104 8358 8572 8781 9158 9354 9688 9687 9670 9668 9799 10013 1154 904 612 723 1094 3255 3544 4006 4414 4712 5061 5151 5198 5281 5692 6859 7218 7597 8259 8729 8861 9130 9304 9334 9211 8903 8849 9240 9811 10038 10307 4356 3924 3520 3242 3104 2624 2341 2077 1669 1348 1174 2283 2538 2758 2871 3238 3700 3975 5151 5142 5147 5174 5288 5486 5665 5764 5757 5693 5720 5726 5741 5711 3646 3442 3056 3142 2820 2883 2662 2519 2279 5120 6550 6493 6446 6409 7501 7712 7937 8218 8624 8768 9074 9029 9018 8765 8753 8750 
2295 2738 2264 2176 1868 1997 1917 1705 1428 1383 1328 1569 1243 997 721 680 542 0 266 617 792 943 1308 1405 1667 2026 2660 2768 2881 2977 3134 3123 3353 3428 3514 3681 3810 4020 4308 4546 4608 4604 4849 4999 5202 5856 5943 6347 6828 6708 6731 6775 6506 6520 6742 7100 7398 7506 7581 7835 8049 8257 8634 8835 9170 9164 9144 9138 9264 9475 1158 1000 546 299 674 2714 3002 3463 3871 4169 4519 4609 4658 4744 5155 6325 6684 7063 7725 8196 8331 8599 8770 8797 8672 8364 8307 8699 9268 9496 9765 4214 3779 3371 3090 2950 2455 2164 1901 1493 1199 1177 1788 2057 2268 2400 2809 3227 3495 4609 4603 4611 4644 4761 4960 5139 5242 5240 5184 5222 5238 5268 5246 3315 3086 2668 2729 2369 2407 2173 2038 1779 4579 6015 5954 5905 5866 6961 7174 7401 7683 8092 8235 8539 8492 8478 8225 8211 8208 
2554 2995 2517 2425 2115 2232 2132 1919 1653 1624 1588 1823 1491 1223 958 943 807 266 0 353 565 716 1058 1159 1411 1761 2394 2503 2622 2720 2880 2875 3107 3177 3259 3422 3547 3755 4042 4280 4345 4343 4590 4740 4944 5597 5679 6084 6566 6447 6471 6520 6252 6267 6490 6846 7142 7254 7332 7586 7800 8008 8384 8589 8925 8915 8892 8885 9006 9215 1229 1126 674 283 533 2448 2736 3198 3606 3905 4254 4343 4392 4479 4890 6060 6419 6798 7460 7932 8068 8336 8506 8532 8406 8098 8041 8433 9003 9231 9499 4148 3713 3307 3027 2888 2391 2101 1845 1453 1190 1247 1546 1822 2027 2169 2600 2993 3257 4345 4342 4352 4390 4509 4709 4889 4995 4995 4946 4992 5013 5052 5036 3156 2915 2482 2529 2150 2174 1932 1804 1534 4314 5751 5688 5639 5601 6699 6913 7142 7426 7836 7979 8281 8232 8217 7962 7947 7944 
2907 3347 2867 2774 2463 2572 2458 2244 1988 1968 1941 2147 1810 1518 1270 1286 1159 617 353 0 417 533 780 887 1107 1420 2046 2166 2299 2406 2572 2580 2816 2876 2947 3099 3213 3413 3696 3930 3992 3990 4237 4388 4593 5244 5326 5730 6212 6094 6119 6170 5902 5918 6142 6496 6792 6906 6987 7241 7454 7662 8037 8246 8582 8569 8545 8536 8654 8862 1443 1393 967 561 579 2099 2386 2846 3254 3552 3902 3993 4045 4137 4547 5720 6079 6457 7120 7593 7732 7999 8165 8188 8060 7752 7691 8083 8651 8879 9147 4143 3712 3311 3036 2899 2408 2126 1886 1529 1319 1459 1277 1565 1753 1915 2384 2726 2980 3992 3989 4000 4042 4162 4362 4542 4651 4654 4612 4664 4692 4742 4732 3021 2763 2310 2332 1920 1915 1661 1548 1259 3961 5410 5342 5291 5249 6346 6561 6790 7074 7486 7629 7929 7879 7863 7609 7594 7591 
2948 3369 2874 2771 2458 2527 2369 2159 1938 1959 2001 2357 2035 1783 1512 1457 1288 792 565 417 0 151 535 623 904 1328 1983 2041 2122 2206 2355 2337 2564 2644 2737 2918 3066 3295 3602 3862 3974 4002 4258 4417 4627 5257 5302 5709 6198 6093 6133 6210 5950 5975 6200 6540 6830 6966 7059 7312 7524 7730 8102 8327 8666 8638 8602 8581 8672 8866 1199 1226 888 568 298 2039 2333 2803 3216 3517 3870 3930 3952 4018 4432 5589 5946 6328 6987 7453 7581 7852 8031 8071 7957 7649 7613 8005 8587 8816 9088 3728 3298 2899 2625 2489 2000 1722 1490 1157 995 1211 998 1264 1477 1608 2034 2435 2703 3966 3998 4031 4106 4235 4437 4617 4740 4756 4738 4816 4861 4935 4939 2621 2370 1927 1967 1585 1615 1381 1246 992 3938 5281 5242 5206 5199 6340 6567 6808 7101 7522 7663 7949 7887 7853 7592 7559 7550 
3076 3492 2994 2889 2578 2637 2468 2260 2049 2080 2135 2507 2186 1935 1663 1606 1435 943 716 533 151 0 401 481 770 1214 1871 1914 1984 2063 2210 2188 2414 2497 2592 2777 2931 3165 3477 3742 3866 3902 4161 4321 4533 5156 5192 5598 6089 5988 6031 6116 5857 5885 6111 6447 6734 6877 6973 7226 7438 7643 8013 8243 8583 8550 8511 8487 8570 8760 1256 1312 1007 712 396 1927 2221 2691 3105 3406 3760 3811 3826 3887 4301 5454 5811 6193 6851 7316 7442 7714 7895 7938 7827 7519 7488 7879 8465 8694 8967 3638 3211 2815 2544 2411 1928 1657 1438 1135 1013 1266 849 1113 1326 1456 1885 2283 2552 3856 3898 3936 4021 4153 4355 4534 4662 4682 4673 4759 4811 4894 4902 2489 2234 1786 1820 1434 1464 1231 1094 844 3829 5147 5114 5081 5081 6233 6463 6707 7001 7425 7566 7848 7782 7744 7482 7444 7434 
3477 3893 3395 3290 2979 3034 2858 2652 2448 2481 2535 2877 2549 2278 2016 1983 1820 1308 1058 780 535 401 0 108 369 823 1478 1512 1587 1672 1826 1817 2049 2120 2207 2383 2531 2763 3076 3342 3475 3519 3780 3943 4156 4770 4797 5204 5696 5598 5644 5737 5482 5513 5739 6069 6354 6504 6606 6858 7069 7273 7642 7878 8218 8179 8136 8108 8183 8370 1611 1695 1408 1103 795 1534 1828 2298 2711 3013 3366 3412 3425 3486 3899 5054 5411 5793 6452 6918 7046 7317 7496 7537 7425 7117 7087 7478 8064 8293 8566 3644 3230 2851 2594 2469 2015 1772 1595 1372 1325 1619 497 785 974 1135 1621 1947 2204 3464 3514 3560 3657 3793 3994 4173 4307 4333 4338 4439 4502 4603 4622 2337 2062 1592 1585 1152 1135 881 768 480 3436 4747 4712 4679 4683 5841 6074 6321 6618 7044 7184 7461 7393 7350 7087 7046 7035 
3553 3965 3465 3359 3048 3096 2913 2709 2512 2552 2616 2974 2648 2381 2117 2078 1912 1405 1159 887 623 481 108 0 297 781 1429 1443 1502 1582 1732 1718 1948 2023 2114 2295 2451 2689 3007 3279 3424 3476 3739 3903 4117 4725 4742 5148 5642 5547 5598 5697 5444 5477 5703 6029 6312 6468 6573 6824 7035 7238 7606 7846 8187 8143 8097 8067 8134 8318 1648 1748 1481 1191 867 1485 1777 2246 2658 2959 3312 3350 3355 3410 3824 4974 5331 5713 6371 6835 6961 7232 7414 7459 7350 7042 7017 7408 7997 8226 8499 3571 3160 2785 2533 2409 1965 1731 1565 1368 1347 1655 390 677 869 1028 1514 1841 2100 3411 3471 3522 3628 3767 3967 4146 4283 4313 4325 4432 4501 4609 4632 2239 1962 1491 1480 1045 1028 776 661 375 3384 4668 4639 4610 4621 5789 6025 6275 6573 7001 7141 7414 7342 7296 7031 6986 6974 
3845 4259 3760 3654 3344 3393 3210 3006 2809 2847 2904 3234 2903 2623 2366 2345 2186 1667 1411 1107 904 770 369 297 0 500 1137 1147 1218 1309 1469 1472 1709 1769 1847 2016 2162 2395 2711 2982 3130 3186 3450 3615 3830 4433 4446 4852 5346 5253 5305 5408 5157 5192 5418 5741 6023 6182 6290 6540 6751 6953 7320 7563 7905 7858 7809 7777 7841 8023 1939 2044 1775 1471 1161 1193 1484 1951 2363 2664 3016 3052 3059 3117 3531 4685 5042 5424 6082 6549 6677 6948 7127 7168 7057 6749 6721 7112 7700 7929 8203 3651 3254 2895 2656 2541 2125 1914 1777 1622 1628 1945 272 539 671 869 1403 1638 1881 3116 3180 3236 3351 3491 3691 3869 4011 4045 4066 4184 4261 4381 4411 2215 1927 1452 1401 937 858 588 528 231 3089 4378 4344 4314 4324 5494 5731 5982 6281 6710 6850 7121 7048 7000 6735 6689 6677 
4272 4697 4202 4099 3786 3851 3681 3474 3263 3287 3317 3565 3226 2921 2685 2703 2564 2026 1761 1420 1328 1214 823 781 500 0 656 747 921 1058 1246 1311 1553 1561 1592 1704 1795 1994 2284 2535 2652 2696 2958 3122 3336 3947 3977 4383 4875 4775 4821 4916 4662 4696 4922 5248 5532 5687 5792 6043 6254 6457 6824 7065 7406 7362 7316 7286 7359 7547 2429 2519 2216 1876 1610 712 1007 1476 1890 2192 2545 2602 2634 2718 3129 4300 4659 5037 5700 6173 6313 6579 6745 6771 6647 6339 6292 6683 7262 7491 7762 4004 3626 3288 3065 2958 2572 2380 2260 2122 2126 2436 672 795 774 1001 1551 1584 1770 2642 2691 2741 2850 2991 3191 3369 3510 3544 3569 3691 3774 3904 3941 2458 2163 1708 1601 1144 971 743 797 632 2614 3990 3929 3886 3871 5019 5251 5498 5794 6221 6361 6638 6569 6529 6267 6231 6222 
4923 5350 4856 4754 4442 4508 4336 4130 3920 3942 3964 4175 3833 3517 3294 3332 3202 2660 2394 2046 1983 1871 1478 1429 1137 656 0 324 635 803 985 1130 1335 1266 1221 1234 1242 1390 1651 1886 1996 2049 2315 2481 2696 3296 3320 3727 4218 4119 4168 4272 4022 4061 4286 4605 4886 5049 5161 5411 5620 5821 6187 6435 6777 6725 6674 6640 6705 6891 3076 3173 2871 2525 2266 56 350 820 1234 1535 1888 1951 2000 2105 2510 3691 4049 4424 5088 5566 5714 5976 6132 6145 6014 5706 5647 6038 6612 6841 7111 4330 3985 3685 3491 3398 3065 2909 2823 2732 2762 3082 1238 1236 1092 1272 1732 1504 1588 1985 2044 2104 2239 2386 2583 2758 2910 2957 3010 3162 3269 3433 3492 2676 2392 1996 1837 1458 1230 1119 1246 1206 1958 3379 3297 3244 3217 4363 4596 4845 5144 5573 5712 5985 5914 5873 5611 5575 5567 
4990 5406 4907 4802 4491 4539 4350 4148 3956 3994 4042 4312 3973 3669 3433 3447 3302 2768 2503 2166 2041 1914 1512 1443 1147 747 324 0 311 479 661 806 1012 950 921 978 1048 1254 1564 1840 2027 2122 2392 2563 2780 3340 3320 3724 4221 4139 4203 4336 4097 4144 4369 4669 4941 5125 5249 5496 5702 5900 6260 6523 6865 6798 6736 6692 6729 6900 3061 3185 2921 2602 2308 330 467 868 1261 1554 1901 1912 1912 1979 2391 3557 3915 4295 4957 5428 5566 5833 6002 6033 5915 5607 5574 5965 6553 6782 7056 4074 3743 3460 3280 3196 2896 2764 2706 2661 2728 3065 1175 1097 911 1052 1460 1184 1264 2004 2113 2202 2376 2529 2720 2889 3055 3114 3193 3366 3487 3668 3738 2399 2120 1751 1578 1243 1009 962 1111 1152 1980 3247 3200 3167 3183 4374 4619 4879 5184 5621 5757 6014 5930 5870 5603 5548 5535 
5051 5456 4954 4845 4537 4568 4364 4168 3993 4045 4118 4443 4108 3816 3569 3561 3405 2881 2622 2299 2122 1984 1587 1502 1218 921 635 311 0 169 358 495 706 663 671 800 954 1216 1562 1870 2124 2254 2523 2696 2912 3432 3370 3770 4268 4202 4281 4439 4210 4267 4489 4771 5033 5237 5371 5614 5818 6012 6365 6641 6984 6902 6831 6776 6788 6944 3056 3204 2979 2690 2367 641 723 1032 1381 1654 1985 1947 1899 1924 2336 3473 3830 4212 4869 5333 5459 5730 5912 5961 5858 5550 5543 5933 6533 6763 7039 3824 3509 3244 3080 3005 2739 2634 2604 2606 2709 3058 1175 1023 802 883 1207 875 956 2090 2243 2354 2558 2714 2898 3061 3236 3305 3405 3593 3725 3920 3996 2132 1862 1528 1341 1070 841 877 1040 1164 2071 3169 3158 3145 3203 4428 4683 4953 5262 5705 5838 6079 5984 5907 5635 5562 5543 
5115 5514 5012 4902 4596 4618 4406 4213 4048 4107 4192 4543 4211 3924 3673 3655 3493 2977 2720 2406 2206 2063 1672 1582 1309 1058 803 479 169 0 193 328 537 506 542 717 918 1203 1562 1883 2170 2318 2585 2758 2973 3469 3384 3780 4278 4221 4308 4479 4257 4318 4539 4811 5067 5281 5421 5662 5863 6055 6404 6687 7029 6940 6864 6804 6801 6949 3092 3252 3048 2774 2439 807 866 1128 1448 1707 2026 1962 1888 1889 2298 3414 3769 4152 4804 5264 5383 5657 5845 5904 5808 5502 5509 5897 6503 6733 7010 3709 3405 3153 3000 2931 2689 2601 2588 2617 2739 3093 1233 1046 815 851 1102 715 786 2132 2306 2428 2647 2804 2984 3143 3322 3397 3508 3705 3842 4045 4126 2008 1746 1441 1246 1028 812 899 1064 1227 2115 3114 3123 3120 3202 4442 4702 4976 5288 5733 5865 6096 5995 5909 5635 5552 5529 
5244 5637 5134 5023 4719 4733 4514 4324 4169 4234 4330 4702 4372 4091 3836 3810 3644 3134 2880 2572 2355 2210 1826 1732 1469 1246 985 661 358 193 0 185 350 315 382 608 856 1159 1526 1857 2180 2348 2612 2784 2996 3463 3352 3743 4239 4192 4287 4474 4260 4326 4545 4804 5054 5279 5425 5663 5862 6051 6396 6686 7028 6930 6848 6781 6762 6901 3197 3368 3183 2922 2578 984 1010 1211 1491 1730 2031 1937 1835 1810 2212 3303 3654 4038 4685 5140 5253 5528 5723 5791 5703 5398 5419 5806 6418 6647 6926 3634 3346 3113 2975 2914 2703 2635 2642 2698 2839 3196 1368 1155 921 911 1060 578 604 2136 2335 2469 2706 2863 3038 3191 3375 3457 3582 3789 3935 4148 4235 1926 1678 1418 1216 1071 878 1012 1174 1367 2123 3006 3037 3046 3152 4406 4672 4950 5264 5712 5841 6063 5954 5858 5582 5489 5463 
5191 5575 5073 4961 4660 4664 4437 4252 4107 4180 4289 4692 4366 4093 3833 3794 3623 3123 2875 2580 2337 2188 1817 1718 1472 1311 1130 806 495 328 185 0 243 314 459 726 1000 1309 1678 2013 2351 2525 2787 2959 3170 3625 3501 3888 4383 4342 4442 4636 4426 4494 4712 4965 5211 5442 5591 5827 6025 6213 6555 6849 7190 7088 7003 6933 6904 7038 3120 3302 3140 2899 2544 1136 1184 1397 1673 1906 2200 2094 1976 1933 2327 3389 3737 4121 4761 5209 5315 5593 5794 5873 5793 5489 5524 5909 6525 6755 7034 3450 3166 2939 2807 2750 2555 2501 2521 2601 2758 3118 1340 1099 869 816 891 395 470 2305 2511 2649 2889 3047 3220 3372 3557 3640 3767 3975 4121 4333 4420 1741 1497 1256 1051 957 788 964 1118 1345 2293 3098 3148 3167 3291 4552 4820 5101 5417 5865 5993 6208 6096 5992 5716 5614 5586 
5393 5772 5270 5156 4858 4854 4622 4440 4304 4383 4501 4920 4596 4327 4065 4021 3847 3353 3107 2816 2564 2414 2049 1948 1709 1553 1335 1012 706 537 350 243 0 183 372 657 959 1269 1633 1973 2348 2543 2798 2968 3174 3590 3437 3815 4306 4277 4387 4599 4400 4474 4688 4925 5162 5406 5562 5795 5989 6173 6509 6812 7152 7039 6946 6869 6820 6943 3306 3498 3353 3123 2763 1334 1345 1491 1718 1923 2192 2054 1905 1830 2210 3231 3573 3956 4589 5030 5128 5408 5616 5705 5634 5332 5384 5766 6388 6617 6897 3417 3158 2959 2848 2802 2648 2618 2659 2768 2942 3303 1565 1313 1088 1005 957 337 256 2296 2528 2679 2937 3095 3260 3405 3595 3686 3829 4050 4205 4430 4524 1713 1496 1329 1124 1122 983 1184 1332 1573 2287 2947 3022 3054 3207 4478 4752 5038 5355 5805 5930 6133 6012 5897 5618 5504 5472 
5505 5890 5388 5275 4975 4978 4750 4566 4422 4495 4602 4997 4669 4392 4134 4101 3932 3428 3177 2876 2644 2497 2120 2023 1769 1561 1266 950 663 506 315 314 183 0 189 474 775 1086 1450 1790 2165 2363 2617 2786 2992 3407 3256 3635 4127 4096 4205 4416 4216 4290 4504 4742 4979 5222 5379 5611 5806 5990 6326 6629 6969 6857 6765 6688 6643 6769 3433 3617 3454 3208 2856 1258 1233 1337 1545 1744 2010 1870 1724 1656 2041 3082 3428 3812 4450 4896 5001 5279 5482 5563 5486 5183 5226 5609 6229 6458 6738 3598 3342 3143 3030 2982 2820 2782 2815 2909 3071 3432 1649 1413 1183 1128 1133 521 391 2113 2347 2501 2763 2920 3083 3226 3418 3510 3658 3882 4040 4269 4367 1896 1679 1504 1298 1262 1102 1277 1433 1652 2104 2794 2857 2884 3029 4299 4572 4857 5174 5624 5750 5954 5835 5722 5444 5334 5303 
5625 6016 5514 5402 5099 5109 4887 4699 4547 4615 4712 5082 4750 4466 4213 4191 4026 3514 3259 2947 2737 2592 2207 2114 1847 1592 1221 921 671 542 382 459 372 189 0 285 586 896 1261 1601 1977 2178 2431 2600 2804 3218 3069 3450 3943 3910 4017 4227 4027 4101 4315 4553 4791 5033 5190 5422 5617 5801 6138 6440 6780 6669 6578 6502 6461 6589 3569 3745 3565 3304 2961 1205 1138 1188 1370 1560 1821 1681 1538 1479 1869 2933 3282 3666 4310 4762 4873 5149 5346 5419 5336 5032 5065 5449 6066 6295 6575 3785 3530 3332 3218 3169 2999 2955 2979 3058 3210 3569 1751 1533 1300 1271 1316 710 560 1924 2162 2318 2585 2742 2902 3044 3236 3330 3482 3711 3872 4107 4207 2084 1869 1687 1481 1416 1241 1392 1553 1750 1916 2641 2689 2711 2847 4114 4387 4671 4987 5437 5563 5770 5653 5543 5266 5160 5130 
5833 6231 5729 5618 5313 5332 5117 4926 4764 4824 4908 5244 4908 4614 4369 4361 4203 3681 3422 3099 2918 2777 2383 2295 2016 1704 1234 978 800 717 608 726 657 474 285 0 305 613 976 1316 1700 1909 2158 2326 2528 2933 2785 3167 3661 3626 3732 3942 3742 3817 4031 4268 4506 4748 4905 5137 5332 5516 5852 6154 6495 6384 6292 6218 6180 6312 3801 3967 3765 3486 3155 1206 1071 1012 1131 1296 1544 1396 1255 1207 1605 2700 3053 3437 4088 4546 4666 4940 5128 5189 5097 4792 4811 5197 5810 6039 6318 4062 3813 3617 3503 3454 3279 3227 3244 3307 3445 3801 1950 1755 1522 1519 1599 995 824 1645 1893 2055 2332 2488 2642 2779 2974 3072 3234 3471 3639 3882 3989 2365 2153 1969 1763 1675 1486 1610 1774 1944 1639 2401 2429 2442 2566 3831 4103 4387 4703 5152 5279 5487 5372 5266 4989 4889 4861 
6003 6410 5909 5800 5492 5523 5317 5121 4948 4999 5066 5360 5021 4717 4481 4490 4341 3810 3547 3213 3066 2931 2531 2451 2162 1795 1242 1048 954 918 856 1000 959 775 586 305 0 311 679 1017 1394 1605 1853 2020 2222 2633 2500 2888 3384 3341 3442 3644 3441 3515 3729 3971 4213 4450 4605 4838 5034 5219 5558 5857 6198 6091 6003 5932 5906 6045 4006 4158 3931 3632 3318 1203 1002 815 854 996 1238 1098 979 972 1383 2522 2880 3262 3920 4388 4521 4789 4965 5008 4903 4596 4593 4981 5585 5815 6092 4368 4117 3916 3798 3745 3555 3492 3495 3535 3656 4007 2130 1963 1733 1759 1887 1296 1130 1340 1589 1754 2036 2191 2342 2477 2672 2773 2941 3183 3356 3606 3718 2670 2455 2255 2049 1925 1723 1816 1981 2118 1333 2216 2206 2202 2296 3552 3820 4101 4416 4864 4993 5209 5099 5002 4727 4637 4613 
6241 6654 6154 6047 5737 5776 5577 5379 5197 5241 5296 5555 5214 4903 4674 4697 4556 4020 3755 3413 3295 3165 2763 2689 2395 1994 1390 1254 1216 1203 1159 1309 1269 1086 896 613 311 0 368 705 1094 1319 1558 1722 1920 2322 2193 2584 3081 3033 3132 3332 3130 3204 3418 3659 3902 4138 4293 4526 4722 4907 5247 5545 5886 5780 5693 5623 5603 5747 4272 4415 4170 3856 3556 1343 1095 774 660 730 936 786 685 724 1137 2307 2666 3043 3706 4181 4326 4589 4752 4778 4662 4354 4331 4721 5318 5548 5823 4673 4426 4228 4109 4056 3862 3793 3790 3817 3926 4274 2386 2237 2011 2052 2198 1607 1432 1036 1302 1477 1773 1925 2065 2193 2391 2497 2679 2931 3112 3373 3493 2978 2766 2565 2360 2223 2015 2090 2255 2371 1031 1996 1950 1929 1998 3247 3513 3792 4107 4555 4684 4903 4797 4705 4431 4350 4328 
6551 6970 6471 6366 6055 6102 5909 5709 5520 5557 5600 5826 5483 5165 4946 4982 4848 4308 4042 3696 3602 3477 3076 3007 2711 2284 1651 1564 1562 1562 1526 1678 1633 1450 1261 976 679 368 0 340 771 1024 1240 1397 1585 1956 1826 2219 2717 2666 2763 2966 2767 2844 3056 3292 3534 3772 3929 4161 4356 4540 4879 5179 5519 5412 5324 5255 5239 5387 4610 4744 4484 4159 3871 1600 1324 912 621 525 615 420 350 493 870 2053 2410 2779 3444 3924 4083 4339 4486 4494 4364 4056 4011 4402 4989 5219 5493 5026 4786 4593 4476 4424 4229 4158 4151 4168 4268 4613 2720 2586 2363 2413 2566 1971 1785 705 1006 1197 1513 1657 1778 1890 2091 2206 2410 2677 2870 3147 3278 3337 3129 2933 2728 2586 2375 2439 2603 2703 708 1742 1646 1603 1641 2881 3146 3424 3739 4187 4316 4537 4433 4347 4074 4000 3982 
6808 7232 6736 6632 6320 6375 6190 5987 5790 5821 5851 6042 5699 5374 5164 5214 5087 4546 4280 3930 3862 3742 3342 3279 2982 2535 1886 1840 1870 1883 1857 2013 1973 1790 1601 1316 1017 705 340 0 482 759 939 1085 1263 1616 1502 1900 2398 2338 2430 2626 2427 2504 2716 2954 3197 3433 3589 3821 4016 4201 4542 4839 5180 5075 4990 4924 4919 5074 4899 5024 4748 4411 4138 1832 1543 1090 710 469 346 80 266 531 768 1909 2256 2610 3271 3756 3929 4175 4304 4289 4143 3835 3761 4153 4726 4955 5226 5365 5126 4933 4815 4762 4561 4484 4470 4474 4562 4903 3010 2891 2673 2734 2903 2311 2124 408 739 941 1269 1401 1500 1596 1798 1921 2143 2422 2623 2912 3052 3677 3469 3269 3064 2910 2695 2745 2908 2990 422 1604 1441 1366 1343 2559 2819 3094 3407 3854 3984 4213 4114 4038 3768 3708 3695 
6895 7329 6840 6740 6427 6501 6333 6126 5912 5927 5931 6055 5713 5379 5187 5261 5150 4608 4345 3992 3974 3866 3475 3424 3130 2652 1996 2027 2124 2170 2180 2351 2348 2165 1977 1700 1394 1094 771 482 0 281 468 628 827 1313 1334 1739 2225 2123 2177 2315 2087 2148 2369 2648 2915 3113 3250 3492 3694 3888 4241 4518 4860 4779 4712 4664 4710 4894 5068 5170 4861 4502 4261 1940 1647 1178 768 472 158 431 729 993 1122 2129 2451 2773 3416 3901 4095 4324 4422 4367 4193 3891 3758 4146 4684 4910 5172 5762 5505 5290 5156 5094 4858 4758 4721 4688 4746 5074 3197 3118 2914 3006 3241 2682 2524 75 261 464 794 920 1017 1120 1322 1441 1660 1939 2142 2434 2577 4061 3838 3598 3396 3191 2965 2977 3133 3172 63 1846 1596 1464 1292 2366 2600 2854 3157 3594 3730 3992 3918 3879 3620 3603 3602 
6898 7337 6852 6755 6442 6527 6370 6161 5937 5943 5931 6016 5675 5338 5157 5245 5143 4604 4343 3990 4002 3902 3519 3476 3186 2696 2049 2122 2254 2318 2348 2525 2543 2363 2178 1909 1605 1319 1024 759 281 0 270 442 659 1256 1374 1766 2232 2104 2131 2222 1976 2022 2247 2556 2836 3005 3126 3373 3580 3779 4141 4400 4743 4679 4625 4591 4671 4872 5124 5212 4885 4515 4294 1994 1707 1255 873 620 417 712 1010 1274 1389 2340 2648 2953 3582 4065 4268 4488 4570 4496 4308 4010 3847 4231 4747 4969 5226 5960 5690 5462 5317 5249 4993 4879 4828 4772 4812 5131 3275 3220 3026 3136 3407 2873 2733 356 20 183 513 642 753 873 1072 1182 1389 1663 1864 2154 2296 4254 4020 3757 3559 3324 3094 3083 3234 3247 337 2070 1791 1640 1403 2358 2570 2806 3099 3525 3665 3947 3890 3876 3626 3634 3641 
7144 7585 7102 7006 6693 6782 6628 6418 6192 6195 6177 6245 5904 5566 5391 5484 5387 4849 4590 4237 4258 4161 3780 3739 3450 2958 2315 2392 2523 2585 2612 2787 2798 2617 2431 2158 1853 1558 1240 939 468 270 0 173 389 1007 1181 1557 2006 1866 1881 1957 1708 1752 1977 2290 2573 2736 2857 3104 3311 3510 3873 4131 4473 4411 4359 4328 4418 4626 5388 5472 5140 4767 4552 2259 1974 1524 1142 882 625 877 1164 1417 1460 2296 2583 2864 3475 3952 4164 4373 4440 4348 4148 3855 3668 4047 4546 4765 5018 6216 5950 5726 5583 5517 5263 5150 5098 5040 5078 5394 3543 3490 3297 3405 3672 3130 2982 536 280 249 459 531 574 656 858 983 1222 1511 1724 2028 2181 4511 4281 4023 3824 3593 3364 3353 3504 3515 532 2047 1733 1563 1268 2123 2325 2553 2842 3264 3405 3693 3642 3639 3394 3416 3428 
7294 7736 7255 7159 6847 6938 6787 6577 6348 6349 6327 6382 6042 5702 5531 5629 5535 4999 4740 4388 4417 4321 3943 3903 3615 3122 2481 2563 2696 2758 2784 2959 2968 2786 2600 2326 2020 1722 1397 1085 628 442 173 0 217 867 1093 1450 1881 1730 1734 1794 1541 1582 1807 2126 2412 2568 2686 2934 3141 3341 3705 3960 4303 4244 4194 4166 4265 4479 5551 5633 5297 4921 4711 2426 2142 1695 1315 1054 786 1018 1296 1541 1546 2304 2574 2838 3434 3907 4125 4326 4382 4277 4068 3779 3575 3950 4435 4653 4902 6385 6121 5898 5756 5690 5436 5322 5269 5209 5243 5558 3712 3661 3468 3578 3845 3301 3150 691 453 387 486 505 486 527 727 861 1119 1416 1634 1944 2103 4681 4452 4196 3997 3766 3536 3524 3675 3683 692 2070 1738 1556 1225 1990 2181 2402 2686 3104 3246 3540 3495 3500 3260 3294 3310 
7497 7940 7460 7365 7053 7146 6997 6787 6557 6556 6530 6573 6234 5893 5726 5828 5737 5202 4944 4593 4627 4533 4156 4117 3830 3336 2696 2780 2912 2973 2996 3170 3174 2992 2804 2528 2222 1920 1585 1263 827 659 389 217 0 689 983 1307 1713 1549 1539 1582 1326 1365 1591 1913 2202 2352 2469 2717 2925 3125 3490 3743 4086 4028 3980 3954 4062 4281 5765 5845 5505 5128 4922 2641 2358 1912 1531 1267 984 1191 1455 1688 1647 2300 2549 2790 3364 3830 4054 4246 4287 4167 3949 3666 3440 3810 4279 4494 4739 6589 6330 6109 5969 5903 5652 5539 5486 5425 5458 5772 3928 3878 3685 3794 4057 3508 3351 884 669 596 617 581 482 445 621 765 1048 1348 1571 1887 2054 4888 4661 4410 4210 3982 3753 3741 3892 3899 889 2088 1736 1544 1172 1811 1989 2201 2481 2895 3037 3337 3298 3313 3078 3126 3146 
8151 8591 8107 8011 7698 7783 7624 7415 7193 7199 7184 7249 6909 6569 6397 6492 6394 5856 5597 5244 5257 5156 4770 4725 4433 3947 3296 3340 3432 3469 3463 3625 3590 3407 3218 2933 2633 2322 1956 1616 1313 1256 1007 867 689 0 465 654 1024 863 875 1011 816 907 1107 1341 1601 1817 1973 2204 2400 2588 2934 3224 3565 3471 3399 3351 3415 3618 6372 6465 6141 5771 5548 3240 2948 2485 2079 1786 1447 1536 1718 1885 1689 1954 2128 2300 2814 3259 3496 3665 3679 3533 3302 3028 2775 3137 3593 3807 4050 6969 6740 6550 6430 6375 6159 6066 6034 6001 6054 6378 4508 4432 4226 4313 4516 3928 3736 1342 1258 1250 1305 1253 1108 988 1067 1197 1485 1761 1978 2290 2466 5290 5086 4880 4676 4495 4272 4290 4447 4482 1362 1820 1436 1232 797 1124 1317 1551 1848 2281 2418 2692 2635 2633 2393 2436 2457 
8229 8662 8172 8071 7758 7829 7655 7450 7240 7259 7265 7381 7039 6704 6517 6594 6484 5943 5679 5326 5302 5192 4797 4742 4446 3977 3320 3320 3370 3384 3352 3501 3437 3256 3069 2785 2500 2193 1826 1502 1334 1374 1181 1093 983 465 0 406 901 840 958 1239 1129 1246 1408 1536 1739 2023 2210 2418 2596 2766 3085 3407 3742 3610 3510 3432 3417 3580 6379 6490 6191 5835 5587 3264 2970 2500 2086 1785 1432 1423 1531 1643 1370 1490 1665 1852 2394 2853 3082 3267 3304 3187 2975 2688 2486 2865 3372 3594 3852 6759 6553 6386 6285 6239 6055 5984 5972 5971 6048 6383 4495 4389 4173 4236 4384 3771 3555 1336 1370 1429 1576 1563 1457 1372 1485 1623 1916 2201 2422 2737 2912 5106 4920 4754 4548 4411 4197 4244 4405 4472 1366 1369 984 784 354 1057 1319 1601 1918 2368 2493 2711 2614 2553 2290 2270 2272 
8634 9068 8578 8477 8165 8235 8061 7856 7647 7665 7670 7780 7438 7102 6918 6997 6888 6347 6084 5730 5709 5598 5204 5148 4852 4383 3727 3724 3770 3780 3743 3888 3815 3635 3450 3167 2888 2584 2219 1900 1739 1766 1557 1450 1307 654 406 0 498 480 648 1002 983 1114 1222 1252 1410 1728 1933 2121 2284 2440 2741 3079 3408 3257 3145 3057 3020 3176 6784 6897 6597 6241 5994 3671 3376 2906 2493 2191 1838 1822 1912 2001 1688 1529 1618 1723 2186 2619 2860 3020 3027 2879 2650 2374 2133 2503 2988 3208 3461 7106 6911 6755 6660 6617 6443 6377 6369 6373 6453 6788 4899 4790 4573 4631 4767 4147 3923 1742 1763 1807 1921 1887 1756 1642 1718 1844 2128 2394 2606 2912 3089 5468 5290 5137 4931 4806 4593 4645 4806 4877 1771 1490 1127 956 623 664 940 1233 1551 2002 2122 2320 2214 2147 1883 1869 1875 
9118 9554 9065 8965 8652 8725 8554 8348 8137 8153 8153 8248 7907 7569 7389 7474 7369 6828 6566 6212 6198 6089 5696 5642 5346 4875 4218 4221 4268 4278 4239 4383 4306 4127 3943 3661 3384 3081 2717 2398 2225 2232 2006 1881 1713 1024 901 498 0 229 420 807 932 1056 1069 940 1011 1369 1592 1744 1884 2020 2295 2649 2969 2798 2674 2575 2522 2679 7279 7390 7086 6727 6484 4162 3868 3398 2984 2683 2330 2321 2407 2485 2154 1787 1780 1777 2104 2481 2734 2853 2812 2615 2359 2110 1797 2140 2570 2783 3026 7575 7389 7240 7149 7107 6939 6874 6867 6871 6949 7284 5396 5288 5071 5129 5260 4638 4409 2232 2231 2254 2330 2274 2120 1982 2018 2126 2388 2625 2821 3110 3285 5949 5776 5631 5425 5303 5091 5143 5305 5373 2260 1823 1502 1364 1101 183 475 776 1089 1535 1647 1826 1716 1654 1396 1413 1433 
