3
144
35 0 1 2 3 4 5 6 7 8 9 10 11 12 13 14 15 16 17 18 19 20 21 22 23 24 25 26 27 28 29 30 31 32 33 34
48 35 36 37 38 39 40 41 42 43 44 45 46 47 48 49 50 51 52 53 54 55 56 57 58 59 60 61 62 63 64 65 66 67 68 69 70 71 72 73 74 75 76 77 78 79 80 81 82
71 83 84 85 86 87 88 89 90 91 92 93 94 95 96 97 98 99 100 101 102 103 104 105 106 107 108 109 110 111 112 52 53 113 114 115 116 117 118 119 61 62 63 120 121 122 123 124 125 126 18 19 127 128 129 130 131 132 133 76 77 134 135 136 137 138 139 81 140 141 142 143
1800 1800 3600 
0 305 613 1192 1557 1669 1439 1603 1906 2211 2434 2327 2589 3114 3473 3706 4765 5105 5137 5144 5338 5637 5931 6349 6800 7102 7818 8243 8582 9008 9376 9651 10023 10264 10129 11098 11077 11044 11092 11392 11244 11151 11017 10730 10500 10289 10123 10261 9997 9659 9385 8990 8590 8523 8234 8081 7851 7864 7870 7227 6957 6925 6765 6602 6345 6118 5848 5517 5249 5184 5240 5284 5371 5312 5150 5002 5009 5097 5326 5512 5675 5918 6080 11372 11046 10756 10456 10230 10157 9979 9660 9612 9576 9326 9559 9579 9735 10011 10373 10052 10110 10005 9726 9494 9264 9011 8931 8603 8678 8614 8449 8614 8652 8577 8227 7785 7133 7080 7089 7061 6337 6066 5840 5574 5377 5179 5105 5192 5244 5035 4918 4754 4714 4875 5358 5622 5929 6095 5971 5760 6035 6282 6559 6952 
305 0 311 887 1254 1371 1154 1338 1656 1957 2166 2044 2289 2809 3167 3401 4467 4808 4843 4856 5057 5354 5648 6064 6513 6815 7530 7954 8292 8718 9085 9363 9733 9970 9834 10811 10787 10752 10799 11098 10949 10855 10718 10433 10202 9992 9827 9968 9707 9372 9095 8700 8299 8232 7940 7784 7554 7565 7567 6924 6653 6624 6464 6302 6046 5821 5554 5225 4961 4905 4969 5019 5115 5061 4904 4759 4774 4867 5103 5299 5468 5719 5883 11144 10817 10525 10223 9993 9914 9733 9415 9362 9321 9069 9301 9314 9471 9748 10109 9784 9839 9730 9452 9220 8989 8734 8651 8322 8395 8329 8165 8329 8364 8283 7935 7496 6846 6788 6791 6761 6037 5765 5538 5273 5076 4880 4808 4915 4973 4770 4657 4498 4467 4635 5127 5391 5694 5864 5755 5552 5842 6096 6355 6742 
613 311 0 585 944 1100 920 1140 1475 1765 1947 1799 2006 2507 2861 3093 4155 4497 4532 4548 4752 5048 5341 5756 6205 6507 7221 7644 7982 8408 8776 9055 9423 9659 9523 10503 10478 10442 10488 10787 10637 10543 10406 10122 9890 9680 9516 9657 9397 9063 8785 8390 7989 7922 7629 7473 7243 7253 7256 6613 6343 6312 6153 5990 5734 5510 5243 4914 4652 4601 4671 4724 4827 4777 4623 4482 4504 4600 4842 5045 5219 5477 5644 10876 10548 10254 9951 9717 9635 9450 9133 9077 9033 8780 9010 9018 9175 9453 9814 9486 9539 9428 9150 8918 8686 8430 8346 8017 8089 8021 7858 8021 8056 7971 7625 7187 6538 6478 6479 6450 5726 5454 5227 4962 4765 4568 4497 4612 4675 4475 4365 4210 4185 4359 4859 5122 5422 5595 5498 5303 5605 5865 6109 6489 
1192 887 585 0 390 554 498 768 1100 1348 1471 1279 1430 1922 2281 2517 3607 3952 3999 4036 4258 4549 4838 5248 5692 5991 6700 7120 7455 7880 8247 8534 8895 9121 8979 9983 9950 9908 9948 10248 10094 9994 9851 9572 9337 9132 8972 9119 8869 8542 8256 7862 7461 7391 7090 6926 6695 6699 6689 6046 5773 5749 5592 5433 5181 4964 4704 4385 4136 4112 4208 4278 4407 4371 4230 4101 4143 4251 4509 4734 4921 5196 5367 10504 10173 9875 9568 9323 9230 9037 8723 8656 8600 8342 8567 8557 8715 8997 9356 9018 9062 8942 8666 8434 8200 7938 7847 7518 7583 7507 7347 7510 7536 7431 7095 6666 6021 5948 5929 5892 5171 4896 4667 4401 4204 4017 3952 4129 4214 4030 3933 3794 3793 3985 4505 4763 5052 5235 5176 5002 5338 5612 5813 6172 
1557 1254 944 390 0 495 653 896 1174 1355 1398 1155 1168 1579 1922 2150 3221 3565 3610 3646 3869 4159 4448 4858 5302 5600 6310 6730 7065 7491 7858 8144 8505 8733 8592 9593 9560 9520 9560 9860 9707 9609 9468 9187 8953 8747 8585 8731 8480 8152 7867 7473 7071 7001 6702 6540 6309 6316 6313 5669 5399 5370 5212 5050 4796 4577 4316 3995 3745 3724 3825 3898 4036 4004 3868 3743 3794 3906 4170 4404 4596 4878 5051 10143 9811 9512 9204 8956 8859 8663 8350 8280 8221 7962 8186 8172 8331 8613 8971 8632 8674 8554 8278 8045 7812 7549 7457 7128 7193 7117 6957 7119 7146 7043 6706 6276 5631 5559 5544 5510 4787 4513 4286 4020 3823 3632 3565 3742 3831 3651 3559 3424 3432 3630 4158 4413 4697 4883 4840 4676 5026 5306 5486 5836 
1669 1371 1100 554 495 0 308 451 685 862 933 725 921 1502 1883 2137 3301 3650 3722 3802 4055 4333 4612 5009 5442 5734 6430 6842 7171 7594 7958 8259 8604 8810 8658 9707 9658 9606 9633 9931 9769 9660 9500 9236 8994 8800 8649 8809 8580 8267 7966 7576 7174 7099 6782 6603 6370 6358 6312 5672 5393 5387 5238 5087 4848 4652 4411 4113 3893 3922 4058 4152 4319 4302 4181 4069 4138 4257 4532 4779 4979 5269 5444 10444 10111 9808 9497 9239 9132 8927 8618 8536 8465 8201 8418 8382 8541 8826 9182 8831 8860 8727 8455 8222 7987 7715 7612 7283 7338 7248 7095 7254 7266 7118 6806 6396 5763 5664 5600 5544 4834 4552 4318 4055 3859 3697 3650 3948 4067 3911 3835 3720 3752 3964 4503 4752 5024 5216 5204 5057 5424 5711 5863 6196 
1439 1154 920 498 653 308 0 270 603 865 1027 889 1189 1800 2184 2440 3609 3958 4030 4109 4359 4639 4918 5316 5750 6042 6738 7150 7479 7901 8265 8567 8912 9116 8963 10015 9966 9913 9939 10237 10075 9964 9803 9541 9297 9104 8955 9116 8888 8575 8274 7883 7482 7406 7089 6909 6675 6663 6611 5972 5692 5689 5541 5392 5153 4959 4719 4421 4200 4225 4357 4447 4607 4586 4461 4345 4407 4523 4794 5035 5231 5517 5691 10730 10397 10095 9785 9530 9425 9222 8912 8832 8763 8501 8719 8685 8845 9129 9485 9135 9166 9034 8761 8528 8293 8022 7919 7590 7646 7556 7403 7562 7574 7425 7113 6704 6071 5972 5906 5848 5140 4857 4622 4359 4164 4004 3958 4250 4365 4204 4124 4005 4029 4237 4772 5024 5300 5490 5465 5310 5668 5951 6119 6460 
1603 1338 1140 768 896 451 270 0 341 625 832 759 1158 1815 2204 2467 3665 4013 4099 4198 4462 4735 5007 5398 5825 6113 6800 7207 7532 7952 8314 8624 8959 9152 8993 10068 10011 9953 9971 10268 10102 9985 9814 9561 9313 9127 8984 9152 8936 8631 8322 7934 7533 7455 7129 6941 6707 6685 6611 5975 5692 5701 5559 5415 5185 5004 4774 4490 4284 4334 4482 4582 4757 4744 4625 4516 4587 4707 4982 5230 5430 5720 5895 10883 10549 10245 9934 9674 9563 9355 9048 8962 8887 8622 8836 8790 8951 9236 9590 9235 9258 9120 8849 8616 8381 8106 7997 7669 7720 7622 7473 7630 7635 7462 7164 6766 6141 6029 5937 5869 5169 4884 4647 4387 4194 4049 4013 4363 4491 4343 4272 4162 4198 4413 4952 5200 5470 5663 5654 5508 5875 6162 6315 6646 
1906 1656 1475 1100 1174 685 603 341 0 305 567 604 1095 1779 2164 2429 3650 3996 4098 4223 4503 4765 5029 5408 5824 6106 6781 7180 7499 7916 8275 8593 8917 9094 8928 10033 9966 9900 9909 10204 10032 9908 9726 9484 9232 9054 8918 9096 8894 8600 8283 7898 7499 7417 7082 6883 6649 6616 6514 5884 5597 5622 5487 5351 5132 4967 4753 4486 4303 4384 4555 4667 4861 4858 4751 4652 4736 4861 5142 5399 5604 5901 6076 10982 10646 10340 10028 9760 9642 9428 9125 9029 8945 8678 8886 8824 8985 9273 9623 9260 9274 9128 8861 8628 8392 8112 7996 7669 7713 7606 7462 7616 7611 7410 7129 6747 6133 6004 5881 5799 5114 4826 4588 4332 4142 4019 3996 4418 4565 4434 4375 4279 4332 4555 5099 5341 5601 5798 5812 5680 6061 6353 6482 6800 
2211 1957 1765 1348 1355 862 865 625 305 0 298 456 972 1647 2021 2284 3512 3853 3968 4115 4407 4659 4914 5283 5689 5965 6628 7021 7335 7749 8105 8430 8744 8910 8739 9865 9789 9718 9720 10014 9839 9709 9519 9286 9030 8859 8728 8912 8722 8436 8112 7731 7333 7249 6907 6700 6467 6425 6304 5679 5391 5426 5297 5167 4957 4806 4604 4353 4189 4296 4486 4610 4820 4827 4731 4642 4737 4867 5153 5418 5628 5930 6107 10924 10588 10280 9967 9693 9567 9348 9049 8946 8854 8585 8788 8713 8874 9162 9510 9140 9147 8994 8730 8498 8262 7978 7856 7531 7569 7455 7315 7467 7454 7231 6964 6595 5991 5849 5702 5611 4937 4648 4410 4158 3972 3866 3853 4335 4498 4382 4335 4253 4321 4551 5098 5334 5582 5782 5820 5702 6096 6392 6497 6800 
2434 2166 1947 1471 1398 933 1027 832 567 298 0 282 746 1396 1757 2018 3245 3584 3705 3864 4162 4408 4658 5020 5420 5693 6352 6742 7053 7466 7821 8148 8459 8621 8448 9581 9503 9430 9430 9723 9547 9416 9224 8993 8736 8567 8438 8623 8437 8154 7828 7448 7051 6966 6622 6412 6179 6135 6009 5385 5097 5135 5007 4879 4672 4526 4331 4088 3934 4057 4259 4389 4611 4625 4538 4456 4561 4694 4983 5255 5468 5774 5951 10698 10361 10052 9739 9461 9331 9108 8812 8704 8608 8337 8538 8455 8616 8905 9250 8878 8881 8725 8462 8230 7995 7709 7584 7260 7295 7178 7040 7191 7176 6944 6683 6318 5720 5571 5415 5321 4651 4362 4124 3874 3690 3591 3584 4099 4271 4167 4128 4057 4137 4371 4919 5148 5388 5591 5646 5540 5945 6244 6327 6618 
2327 2044 1799 1279 1155 725 889 759 604 456 282 0 517 1196 1575 1840 3066 3409 3519 3661 3951 4205 4462 4833 5242 5521 6190 6586 6903 7319 7677 7998 8318 8492 8325 9436 9366 9298 9306 9601 9429 9304 9122 8880 8628 8451 8315 8494 8296 8004 7684 7301 6902 6820 6482 6281 6047 6012 5910 5279 4993 5018 4883 4748 4532 4372 4164 3906 3736 3840 4030 4154 4367 4376 4284 4198 4298 4430 4717 4987 5199 5504 5680 10468 10132 9824 9511 9237 9111 8891 8592 8489 8398 8129 8333 8260 8421 8709 9057 8690 8699 8548 8282 8050 7815 7532 7412 7086 7127 7016 6874 7027 7018 6809 6533 6156 5548 5412 5280 5196 4513 4225 3986 3731 3543 3427 3409 3878 4041 3928 3882 3805 3878 4110 4658 4890 5135 5336 5383 5272 5673 5971 6062 6358 
2589 2289 2006 1430 1168 921 1189 1158 1095 972 746 517 0 684 1068 1334 2555 2901 3006 3144 3434 3688 3946 4319 4731 5011 5685 6085 6405 6822 7182 7499 7824 8007 7845 8939 8874 8811 8824 9120 8951 8831 8657 8408 8159 7975 7835 8008 7802 7505 7189 6804 6405 6324 5991 5795 5561 5534 5453 4817 4533 4546 4406 4266 4042 3873 3658 3394 3220 3324 3517 3645 3864 3879 3793 3714 3822 3957 4247 4523 4738 5047 5223 9956 9620 9312 8998 8723 8596 8376 8077 7973 7881 7612 7816 7744 7905 8193 8541 8175 8185 8036 7770 7537 7302 7020 6902 6576 6618 6511 6367 6521 6516 6321 6035 5652 5039 4909 4792 4718 4025 3737 3500 3242 3051 2923 2901 3363 3529 3422 3381 3312 3395 3631 4179 4406 4643 4846 4908 4808 5220 5522 5591 5876 
3114 2809 2507 1922 1579 1502 1800 1815 1779 1647 1396 1196 684 0 389 653 1871 2217 2322 2469 2766 3013 3266 3636 4047 4327 5002 5403 5724 6143 6504 6818 7147 7336 7177 8260 8198 8138 8155 8452 8286 8171 8005 7747 7502 7313 7168 7337 7124 6825 6511 6125 5725 5645 5315 5125 4891 4870 4811 4171 3891 3891 3746 3600 3370 3193 2974 2710 2541 2663 2875 3014 3253 3282 3214 3154 3281 3421 3716 4002 4223 4537 4713 9310 8973 8663 8349 8069 7937 7713 7417 7308 7212 6941 7143 7065 7226 7514 7862 7493 7502 7352 7086 6854 6618 6336 6218 5892 5934 5827 5683 5837 5833 5647 5355 4968 4354 4226 4121 4055 3354 3068 2832 2571 2378 2242 2217 2706 2888 2801 2778 2732 2840 3084 3627 3839 4057 4263 4361 4288 4719 5026 5049 5308 
3473 3167 2861 2281 1922 1883 2184 2204 2164 2021 1757 1575 1068 389 0 265 1491 1834 1947 2112 2420 2655 2901 3263 3668 3945 4617 5016 5336 5755 6115 6430 6758 6947 6788 7872 7809 7749 7766 8063 7898 7783 7618 7359 7114 6925 6779 6947 6735 6437 6123 5736 5337 5256 4926 4736 4502 4482 4429 3788 3509 3505 3358 3211 2980 2805 2589 2332 2178 2327 2559 2711 2969 3011 2961 2917 3060 3204 3498 3791 4014 4331 4505 8978 8641 8331 8016 7732 7594 7366 7074 6959 6857 6586 6784 6697 6858 7147 7493 7121 7126 6973 6709 6476 6241 5957 5836 5511 5551 5442 5299 5452 5447 5258 4967 4583 3972 3840 3732 3666 2964 2679 2443 2182 1989 1854 1834 2375 2574 2511 2505 2483 2613 2860 3393 3591 3790 3998 4126 4075 4518 4827 4815 5051 
3706 3401 3093 2517 2150 2137 2440 2467 2429 2284 2018 1840 1334 653 265 0 1227 1569 1686 1861 2175 2403 2643 3002 3404 3681 4351 4751 5071 5490 5850 6165 6494 6684 6527 7607 7545 7486 7505 7802 7637 7524 7363 7101 6857 6665 6518 6685 6471 6172 5858 5472 5072 4992 4663 4474 4240 4223 4179 3537 3261 3250 3101 2952 2718 2540 2324 2069 1923 2089 2335 2495 2764 2815 2778 2746 2899 3044 3337 3633 3857 4175 4346 8738 8401 8089 7775 7488 7347 7117 6827 6709 6604 6332 6529 6438 6599 6888 7233 6860 6864 6710 6445 6213 5978 5694 5572 5247 5286 5177 5034 5187 5182 4995 4702 4318 3708 3574 3470 3408 2703 2418 2183 1921 1727 1589 1569 2140 2350 2304 2311 2306 2451 2699 3222 3409 3595 3803 3951 3915 4365 4674 4638 4860 
4765 4467 4155 3607 3221 3301 3609 3665 3650 3512 3245 3066 2555 1871 1491 1227 0 349 467 720 1060 1226 1436 1777 2177 2456 3136 3543 3870 4292 4656 4960 5303 5516 5372 6406 6357 6308 6342 6641 6486 6388 6251 5966 5734 5525 5364 5514 5278 4967 4665 4274 3872 3797 3485 3319 3087 3099 3144 2506 2260 2187 2017 1845 1581 1356 1110 842 745 1035 1354 1551 1872 1974 2017 2061 2254 2394 2657 2952 3169 3475 3630 7579 7242 6929 6615 6319 6166 5930 5647 5518 5402 5129 5319 5216 5377 5666 6009 5634 5636 5482 5218 4986 4750 4466 4346 4020 4062 3959 3812 3967 3970 3824 3504 3102 2483 2364 2323 2303 1575 1314 1104 847 662 417 349 1105 1373 1449 1537 1641 1852 2072 2491 2607 2709 2911 3160 3206 3672 3972 3817 3955 
5105 4808 4497 3952 3565 3650 3958 4013 3996 3853 3584 3409 2901 2217 1834 1569 349 0 214 554 872 967 1136 1449 1836 2111 2787 3194 3521 3943 4307 4611 4954 5169 5027 6057 6009 5960 5996 6295 6142 6046 5914 5625 5395 5183 5020 5168 4930 4618 4316 3925 3524 3448 3138 2976 2745 2763 2832 2201 1968 1874 1700 1522 1250 1012 761 515 524 902 1238 1442 1771 1894 1969 2043 2243 2375 2617 2904 3112 3409 3554 7291 6955 6642 6328 6027 5868 5627 5349 5213 5091 4817 5001 4888 5049 5338 5679 5300 5298 5141 4878 4646 4411 4125 4002 3677 3717 3611 3465 3620 3621 3478 3155 2753 2138 2015 1984 1976 1247 1002 813 583 439 157 0 977 1259 1395 1516 1659 1881 2077 2436 2519 2582 2777 3064 3141 3605 3897 3697 3800 
5137 4843 4532 3999 3610 3722 4030 4099 4098 3968 3705 3519 3006 2322 1947 1686 467 214 0 342 658 772 969 1315 1727 2013 2708 3123 3457 3881 4248 4540 4895 5127 4993 5988 5951 5910 5955 6255 6108 6020 5901 5601 5378 5158 4987 5124 4870 4547 4257 3863 3462 3391 3097 2952 2725 2761 2871 2253 2037 1919 1739 1555 1272 1003 714 390 312 690 1027 1230 1560 1684 1766 1845 2047 2176 2413 2698 2905 3199 3343 7116 6780 6467 6153 5855 5701 5463 5181 5051 4935 4662 4852 4752 4913 5202 5546 5173 5179 5030 4763 4531 4295 4014 3899 3572 3620 3525 3374 3532 3544 3440 3096 2674 2042 1949 1978 1996 1277 1063 910 718 612 355 214 766 1047 1193 1321 1475 1698 1886 2230 2308 2368 2563 2852 2932 3395 3686 3483 3586 
5144 4856 4548 4036 3646 3802 4109 4198 4223 4115 3864 3661 3144 2469 2112 1861 720 554 342 0 339 544 809 1212 1657 1958 2675 3100 3441 3867 4236 4507 4882 5139 5020 5954 5935 5907 5968 6268 6131 6057 5959 5642 5431 5198 5015 5135 4855 4515 4246 3850 3451 3389 3123 3007 2789 2852 3021 2428 2239 2090 1907 1718 1433 1135 823 457 118 347 684 888 1217 1342 1428 1515 1717 1843 2075 2357 2563 2857 3001 6884 6548 6236 5921 5630 5486 5256 4966 4848 4745 4474 4674 4601 4762 5049 5399 5038 5060 4925 4652 4419 4184 3913 3814 3485 3547 3473 3311 3474 3508 3469 3092 2641 1989 1951 2076 2132 1446 1282 1172 1021 943 697 554 423 704 859 997 1166 1390 1563 1889 1965 2029 2226 2509 2590 3052 3343 3144 3256 
5338 5057 4752 4258 3869 4055 4359 4462 4503 4407 4162 3951 3434 2766 2420 2175 1060 872 658 339 0 303 602 1025 1481 1786 2509 2940 3284 3708 4076 4328 4718 4997 4892 5769 5765 5749 5824 6123 5996 5935 5857 5525 5325 5082 4889 4991 4690 4336 4086 3691 3297 3244 3007 2921 2714 2802 3032 2474 2318 2139 1957 1770 1494 1188 891 584 348 170 421 614 936 1076 1193 1308 1509 1622 1827 2097 2294 2577 2714 6562 6226 5914 5600 5312 5173 4947 4653 4542 4447 4177 4384 4328 4489 4774 5128 4776 4809 4685 4409 4176 3943 3680 3594 3265 3339 3283 3114 3279 3331 3352 2948 2476 1820 1834 2049 2142 1516 1410 1352 1254 1214 1001 872 208 440 667 832 1034 1249 1380 1632 1679 1716 1908 2212 2314 2771 3055 2831 2927 
5637 5354 5048 4549 4159 4333 4639 4735 4765 4659 4408 4205 3688 3013 2655 2403 1226 967 772 544 303 0 299 722 1178 1483 2206 2636 2981 3405 3772 4025 4414 4694 4590 5467 5462 5445 5521 5820 5693 5633 5557 5224 5026 4781 4587 4688 4386 4034 3783 3387 2994 2940 2707 2627 2424 2521 2775 2240 2106 1911 1732 1548 1286 986 723 528 484 470 620 770 1051 1205 1356 1495 1688 1786 1958 2207 2389 2653 2777 6353 6017 5704 5390 5096 4948 4715 4428 4306 4201 3930 4130 4059 4220 4507 4858 4500 4526 4397 4123 3890 3655 3389 3298 2969 3041 2981 2813 2978 3028 3052 2645 2173 1516 1536 1780 1891 1313 1257 1248 1210 1219 1063 967 490 634 896 1069 1282 1485 1585 1755 1757 1739 1915 2262 2399 2842 3113 2840 2890 
5931 5648 5341 4838 4448 4612 4918 5007 5029 4914 4658 4462 3946 3266 2901 2643 1436 1136 969 809 602 299 0 422 879 1184 1906 2337 2682 3105 3473 3727 4115 4395 4292 5170 5163 5146 5221 5521 5394 5335 5263 4927 4731 4484 4289 4389 4087 3735 3484 3088 2694 2642 2413 2341 2142 2249 2532 2028 1923 1709 1537 1363 1125 850 662 632 726 769 876 992 1229 1387 1557 1711 1895 1979 2120 2348 2514 2758 2868 6154 5819 5505 5191 4890 4733 4494 4214 4082 3966 3693 3886 3798 3959 4247 4595 4231 4250 4115 3843 3610 3375 3105 3009 2679 2747 2684 2517 2682 2729 2757 2347 1873 1217 1245 1528 1662 1159 1166 1214 1241 1296 1200 1136 784 887 1156 1329 1545 1738 1813 1915 1879 1811 1967 2347 2514 2941 3196 2879 2882 
6349 6064 5756 5248 4858 5009 5316 5398 5408 5283 5020 4833 4319 3636 3263 3002 1777 1449 1315 1212 1025 722 422 0 456 761 1484 1914 2259 2683 3050 3306 3693 3973 3872 4750 4741 4723 4799 5098 4973 4916 4849 4509 4317 4067 3870 3967 3665 3314 3061 2665 2272 2220 2000 1943 1755 1880 2214 1773 1722 1483 1331 1184 1013 823 791 935 1116 1191 1270 1357 1545 1700 1886 2052 2223 2291 2395 2593 2736 2950 3041 5886 5553 5239 4927 4617 4446 4198 3930 3782 3650 3375 3555 3439 3600 3890 4232 3858 3866 3721 3452 3219 2984 2707 2603 2274 2335 2265 2101 2264 2307 2342 1926 1451 794 845 1211 1385 1054 1166 1291 1399 1504 1479 1449 1204 1278 1547 1718 1935 2116 2164 2191 2111 1986 2111 2523 2724 3122 3354 2983 2923 
6800 6513 6205 5692 5302 5442 5750 5825 5824 5689 5420 5242 4731 4047 3668 3404 2177 1836 1727 1657 1481 1178 879 456 0 305 1027 1458 1803 2226 2594 2852 3237 3518 3420 4298 4286 4267 4343 4643 4518 4464 4403 4059 3871 3617 3417 3511 3209 2860 2605 2209 1816 1766 1559 1528 1359 1512 1915 1579 1603 1347 1237 1143 1079 1013 1107 1337 1556 1647 1711 1780 1932 2082 2277 2449 2609 2663 2735 2904 3025 3209 3281 5619 5290 4978 4670 4350 4163 3905 3656 3488 3336 3062 3223 3071 3232 3521 3854 3469 3462 3305 3041 2809 2574 2289 2172 1845 1896 1815 1655 1817 1853 1898 1472 994 338 461 964 1185 1121 1324 1507 1674 1813 1841 1836 1659 1718 1985 2152 2368 2540 2568 2535 2422 2250 2344 2774 3003 3368 3575 3157 3035 
7102 6815 6507 5991 5600 5734 6042 6113 6106 5965 5693 5521 5011 4327 3945 3681 2456 2111 2013 1958 1786 1483 1184 761 305 0 722 1153 1498 1921 2289 2549 2932 3214 3118 3996 3981 3962 4039 4338 4214 4162 4107 3759 3574 3318 3116 3207 2904 2557 2299 1904 1511 1462 1271 1267 1122 1299 1755 1515 1594 1340 1267 1216 1222 1222 1365 1622 1855 1952 2010 2070 2206 2352 2549 2724 2877 2924 2978 3131 3239 3404 3464 5454 5128 4818 4514 4188 3991 3727 3492 3310 3144 2872 3018 2839 2998 3286 3611 3218 3198 3032 2773 2543 2309 2018 1891 1566 1607 1516 1360 1520 1550 1605 1171 689 33 332 896 1139 1261 1501 1706 1898 2051 2105 2111 1963 2015 2281 2447 2662 2829 2846 2782 2652 2458 2533 2968 3211 3555 3745 3303 3143 
7818 7530 7221 6700 6310 6430 6738 6800 6781 6628 6352 6190 5685 5002 4617 4351 3136 2787 2708 2675 2509 2206 1906 1484 1027 722 0 430 776 1198 1566 1834 2210 2494 2406 3283 3260 3239 3317 3616 3495 3450 3411 3052 2879 2614 2405 2487 2182 1842 1577 1181 791 751 654 789 778 1005 1557 1603 1793 1578 1588 1621 1736 1829 2028 2318 2569 2675 2723 2771 2879 3019 3219 3397 3538 3571 3594 3715 3796 3923 3960 5114 4801 4500 4211 3876 3653 3378 3189 2975 2774 2517 2612 2355 2505 2783 3079 2669 2612 2418 2179 1959 1735 1432 1268 973 964 826 700 841 836 943 473 34 689 780 1117 1335 1767 2045 2273 2499 2671 2763 2787 2685 2727 2990 3153 3366 3524 3524 3406 3247 3016 3057 3493 3758 4055 4210 3726 3494 
8243 7954 7644 7120 6730 6842 7150 7207 7180 7021 6742 6586 6085 5403 5016 4751 3543 3194 3123 3100 2940 2636 2337 1914 1458 1153 430 0 345 768 1136 1417 1781 2064 1981 2865 2834 2809 2887 3185 3066 3024 2995 2629 2466 2195 1981 2056 1754 1424 1147 751 362 338 444 708 823 1030 1570 1778 2011 1828 1874 1939 2090 2215 2433 2735 2994 3105 3152 3197 3296 3433 3634 3813 3948 3976 3987 4094 4164 4274 4299 4971 4670 4378 4102 3765 3528 3251 3097 2866 2644 2406 2462 2152 2291 2554 2820 2404 2316 2100 1885 1682 1476 1178 984 758 682 481 440 516 436 600 172 463 1120 1178 1403 1587 2117 2403 2637 2874 3053 3161 3194 3115 3156 3418 3580 3793 3947 3941 3803 3634 3390 3416 3849 4121 4397 4534 4034 3771 
8582 8292 7982 7455 7065 7171 7479 7532 7499 7335 7053 6903 6405 5724 5336 5071 3870 3521 3457 3441 3284 2981 2682 2259 1803 1498 776 345 0 426 794 1094 1441 1718 1640 2536 2495 2466 2541 2840 2720 2682 2662 2290 2135 1859 1640 1711 1415 1101 804 408 40 138 520 810 994 1160 1652 1967 2222 2064 2132 2215 2388 2531 2760 3070 3334 3450 3497 3541 3635 3771 3972 4151 4284 4308 4311 4410 4472 4571 4589 4892 4603 4320 4057 3722 3475 3199 3077 2835 2600 2383 2402 2052 2177 2421 2656 2240 2122 1888 1702 1522 1344 1071 862 750 613 382 483 436 234 440 371 808 1465 1507 1672 1830 2412 2700 2936 3180 3363 3483 3521 3461 3502 3762 3924 4137 4290 4280 4130 3954 3703 3720 4150 4427 4687 4813 4303 4020 
9008 8718 8408 7880 7491 7594 7901 7952 7916 7749 7466 7319 6822 6143 5755 5490 4292 3943 3881 3867 3708 3405 3105 2683 2226 1921 1198 768 426 0 368 689 1015 1305 1248 2117 2069 2041 2122 2420 2307 2281 2288 1902 1770 1483 1252 1295 989 694 378 18 419 499 866 1130 1344 1473 1900 2300 2569 2432 2514 2610 2795 2949 3183 3495 3760 3874 3914 3953 4036 4169 4370 4550 4677 4697 4687 4772 4824 4906 4914 4754 4481 4212 3967 3637 3382 3110 3030 2779 2532 2348 2322 1930 2033 2245 2435 2028 1874 1621 1484 1346 1221 1012 817 874 709 558 738 599 427 619 788 1231 1888 1932 2066 2206 2818 3107 3344 3591 3776 3903 3943 3883 3918 4177 4338 4549 4697 4680 4511 4325 4064 4068 4492 4775 5013 5122 4603 4295 
9376 9085 8776 8247 7858 7958 8265 8314 8275 8105 7821 7677 7182 6504 6115 5850 4656 4307 4248 4236 4076 3772 3473 3050 2594 2289 1566 1136 794 368 0 386 647 952 928 1759 1702 1673 1759 2056 1950 1938 1975 1575 1475 1178 936 940 622 386 14 385 786 859 1203 1446 1670 1775 2151 2603 2880 2758 2851 2955 3148 3310 3548 3862 4128 4241 4278 4313 4390 4521 4722 4902 5025 5041 5023 5099 5142 5213 5213 4675 4418 4163 3937 3615 3355 3092 3050 2795 2543 2391 2325 1909 1987 2163 2302 1915 1728 1464 1388 1303 1240 1111 956 1117 958 870 1057 899 768 910 1152 1599 2256 2298 2411 2539 3170 3459 3697 3947 4133 4265 4307 4250 4282 4540 4699 4910 5055 5033 4850 4659 4390 4386 4805 5091 5313 5410 4884 4559 
9651 9363 9055 8534 8144 8259 8567 8624 8593 8430 8148 7998 7499 6818 6430 6165 4960 4611 4540 4507 4328 4025 3727 3306 2852 2549 1834 1417 1094 689 386 0 452 880 960 1448 1443 1457 1597 1880 1814 1851 1962 1546 1516 1220 976 860 418 12 388 707 1097 1186 1555 1812 2030 2148 2537 2977 3251 3119 3204 3299 3481 3626 3849 4151 4403 4490 4503 4524 4577 4700 4900 5081 5193 5199 5160 5215 5243 5290 5278 4350 4104 3860 3649 3335 3073 2818 2808 2553 2301 2180 2081 1654 1709 1853 1959 1588 1384 1119 1089 1055 1057 1023 933 1187 1054 1049 1229 1061 999 1283 1465 1868 2517 2595 2755 2895 3504 3793 4030 4274 4458 4576 4611 4493 4506 4757 4911 5118 5252 5214 4995 4791 4509 4488 4895 5186 5378 5454 4920 4572 
10023 9733 9423 8895 8505 8604 8912 8959 8917 8744 8459 8318 7824 7147 6758 6494 5303 4954 4895 4882 4718 4414 4115 3693 3237 2932 2210 1781 1441 1015 647 452 0 448 594 1130 1055 1033 1150 1438 1363 1399 1528 1110 1118 837 615 425 33 440 638 1032 1434 1505 1836 2060 2290 2372 2688 3192 3475 3370 3473 3585 3787 3955 4195 4510 4775 4882 4911 4940 5004 5130 5331 5511 5628 5637 5603 5662 5693 5742 5731 4550 4327 4102 3915 3615 3353 3112 3138 2886 2637 2546 2419 1990 2018 2114 2151 1829 1596 1344 1397 1421 1466 1467 1386 1636 1497 1468 1652 1486 1392 1521 1800 2243 2899 2946 3044 3159 3807 4096 4334 4586 4774 4910 4954 4890 4914 5170 5327 5536 5675 5644 5437 5235 4956 4938 5346 5637 5831 5906 5373 5022 
10264 9970 9659 9121 8733 8810 9116 9152 9094 8910 8621 8492 8007 7336 6947 6684 5516 5169 5127 5139 4997 4694 4395 3973 3518 3214 2494 2064 1718 1305 952 880 448 0 250 1123 928 813 829 1129 1002 990 1082 665 678 420 272 27 481 868 939 1321 1702 1753 2031 2211 2445 2488 2721 3279 3569 3494 3614 3743 3966 4159 4417 4747 5028 5164 5216 5257 5340 5472 5673 5853 5977 5993 5973 6045 6084 6145 6139 4919 4709 4496 4321 4028 3768 3534 3572 3322 3074 2991 2858 2430 2450 2528 2533 2238 1998 1757 1835 1868 1915 1904 1807 2033 1884 1820 2007 1846 1719 1691 2049 2526 3180 3188 3214 3299 3982 4269 4507 4765 4957 5113 5169 5177 5220 5480 5642 5854 6002 5984 5802 5608 5337 5328 5742 6030 6239 6323 5792 5449 
10129 9834 9523 8979 8592 8658 8963 8993 8928 8739 8448 8325 7845 7177 6788 6527 5372 5027 4993 5020 4892 4590 4292 3872 3420 3118 2406 1981 1640 1248 928 960 594 250 0 1368 1157 1019 981 1275 1114 1044 1046 653 559 260 23 271 620 948 914 1263 1618 1656 1898 2055 2288 2313 2513 3087 3378 3315 3442 3578 3810 4015 4281 4618 4908 5061 5127 5177 5275 5410 5611 5791 5921 5943 5936 6019 6067 6141 6142 5130 4912 4692 4508 4209 3947 3706 3728 3475 3225 3125 3007 2578 2611 2708 2735 2422 2187 1937 1988 1996 2017 1970 1849 2042 1886 1792 1978 1825 1674 1553 1947 2437 3084 3069 3057 3129 3824 4109 4345 4606 4800 4965 5027 5076 5132 5395 5559 5773 5928 5920 5759 5574 5311 5311 5731 6017 6242 6337 5811 5481 
11098 10811 10503 9983 9593 9707 10015 10068 10033 9865 9581 9436 8939 8260 7872 7607 6406 6057 5988 5954 5769 5467 5170 4750 4298 3996 3283 2865 2536 2117 1759 1448 1130 1123 1368 0 315 540 814 887 1018 1240 1589 1314 1542 1438 1389 1106 1148 1441 1752 2135 2535 2616 2961 3190 3419 3502 3798 4319 4604 4501 4602 4712 4908 5066 5296 5600 5851 5930 5930 5939 5970 6085 6284 6463 6562 6555 6489 6513 6515 6524 6489 4217 4064 3907 3799 3557 3315 3136 3273 3053 2838 2858 2652 2280 2225 2169 2014 1891 1655 1527 1755 1916 2082 2230 2240 2551 2448 2486 2657 2490 2447 2651 2904 3317 3964 4042 4170 4289 4930 5219 5457 5706 5892 6019 6057 5931 5931 6177 6327 6530 6653 6598 6338 6117 5820 5773 6156 6452 6588 6621 6082 5690 
11077 10787 10478 9950 9560 9658 9966 10011 9966 9789 9503 9366 8874 8198 7809 7545 6357 6009 5951 5935 5765 5462 5163 4741 4286 3981 3260 2834 2495 2069 1702 1443 1055 928 1157 315 0 225 499 606 709 926 1274 1013 1255 1185 1176 917 1080 1433 1693 2087 2489 2560 2883 3092 3325 3389 3646 4193 4481 4393 4505 4625 4834 5008 5250 5565 5828 5928 5947 5967 6015 6135 6335 6515 6622 6622 6570 6607 6620 6643 6615 4527 4369 4205 4088 3839 3593 3404 3526 3298 3075 3074 2880 2491 2451 2420 2291 2135 1892 1734 1936 2072 2214 2326 2308 2602 2484 2493 2672 2504 2434 2558 2855 3294 3949 4001 4087 4190 4853 5141 5380 5634 5823 5963 6009 5934 5949 6200 6354 6561 6693 6649 6412 6199 5908 5872 6264 6559 6715 6762 6222 5842 
11044 10752 10442 9908 9520 9606 9913 9953 9900 9718 9430 9298 8811 8138 7749 7486 6308 5960 5910 5907 5749 5445 5146 4723 4267 3962 3239 2809 2466 2041 1673 1457 1033 813 1019 540 225 0 279 453 505 706 1048 795 1047 1008 1035 808 1063 1446 1662 2058 2456 2520 2824 3017 3251 3301 3530 4093 4382 4306 4425 4551 4769 4954 5204 5527 5798 5914 5945 5973 6033 6157 6358 6538 6650 6656 6613 6660 6680 6713 6691 4743 4580 4412 4288 4033 3784 3588 3698 3465 3237 3222 3037 2638 2608 2595 2484 2306 2060 1885 2068 2186 2310 2396 2358 2638 2511 2498 2681 2514 2426 2490 2817 3272 3929 3963 4019 4110 4786 5074 5312 5569 5760 5909 5960 5922 5948 6203 6360 6568 6706 6671 6451 6243 5958 5929 6328 6621 6791 6847 6309 5937 
11092 10799 10488 9948 9560 9633 9939 9971 9909 9720 9430 9306 8824 8155 7766 7505 6342 5996 5955 5968 5824 5521 5221 4799 4343 4039 3317 2887 2541 2122 1759 1597 1150 829 981 814 499 279 0 300 241 427 780 586 864 899 992 833 1183 1586 1747 2138 2527 2581 2859 3030 3264 3294 3481 4066 4356 4296 4423 4558 4786 4985 5245 5576 5857 5991 6037 6073 6147 6275 6476 6656 6775 6786 6754 6812 6840 6883 6867 5022 4859 4690 4564 4305 4055 3856 3958 3723 3492 3466 3289 2883 2860 2859 2758 2568 2320 2135 2303 2407 2515 2577 2521 2784 2648 2613 2799 2634 2526 2517 2878 3350 4005 4018 4034 4109 4801 5087 5324 5584 5777 5938 5996 6002 6041 6299 6459 6670 6814 6789 6587 6386 6106 6085 6491 6783 6967 7032 6496 6132 
11392 11098 10787 10248 9860 9931 10237 10268 10204 10014 9723 9601 9120 8452 8063 7802 6641 6295 6255 6268 6123 5820 5521 5098 4643 4338 3616 3185 2840 2420 2056 1880 1438 1129 1275 887 606 453 300 0 232 481 861 803 1090 1173 1285 1133 1470 1868 2044 2436 2826 2881 3158 3328 3561 3589 3763 4354 4644 4588 4717 4854 5084 5284 5544 5876 6158 6290 6334 6370 6441 6568 6769 6949 7066 7075 7040 7093 7117 7156 7136 5093 4948 4794 4686 4441 4196 4010 4131 3902 3678 3670 3481 3086 3052 3026 2895 2740 2496 2331 2520 2640 2763 2842 2796 3067 2933 2905 3090 2924 2821 2816 3178 3649 4305 4318 4331 4404 5099 5384 5621 5881 6075 6236 6295 6301 6338 6596 6756 6966 7109 7082 6875 6671 6389 6364 6767 7060 7236 7296 6758 6388 
11244 10949 10637 10094 9707 9769 10075 10102 10032 9839 9547 9429 8951 8286 7898 7637 6486 6142 6108 6131 5996 5693 5394 4973 4518 4214 3495 3066 2720 2307 1950 1814 1363 1002 1114 1018 709 505 241 232 0 255 636 584 870 981 1121 1011 1396 1802 1938 2323 2704 2752 3012 3168 3400 3417 3570 4169 4460 4412 4545 4686 4921 5129 5395 5732 6019 6163 6218 6260 6341 6471 6673 6853 6975 6988 6962 7025 7056 7104 7090 5235 5079 4914 4793 4538 4289 4093 4198 3963 3732 3707 3529 3124 3101 3097 2990 2806 2559 2376 2544 2646 2751 2806 2743 2999 2858 2813 3000 2836 2719 2667 3047 3527 4180 4179 4169 4233 4935 5218 5454 5716 5911 6079 6142 6177 6223 6483 6644 6856 7005 6984 6793 6595 6318 6301 6709 7000 7190 7259 6723 6362 
11151 10855 10543 9994 9609 9660 9964 9985 9908 9709 9416 9304 8831 8171 7783 7524 6388 6046 6020 6057 5935 5633 5335 4916 4464 4162 3450 3024 2682 2281 1938 1851 1399 990 1044 1240 926 706 427 481 255 0 381 423 687 862 1046 1005 1433 1839 1924 2296 2662 2701 2934 3070 3300 3301 3420 4031 4321 4286 4425 4572 4815 5033 5306 5649 5944 6103 6172 6221 6316 6449 6650 6830 6958 6977 6961 7035 7074 7133 7126 5449 5284 5112 4981 4718 4466 4261 4352 4112 3876 3836 3669 3255 3243 3258 3172 2965 2717 2518 2666 2750 2836 2865 2785 3021 2874 2808 2995 2835 2702 2588 2991 3481 4129 4108 4065 4116 4827 5107 5341 5605 5800 5977 6046 6120 6177 6440 6604 6817 6972 6960 6788 6597 6327 6318 6732 7020 7225 7305 6772 6421 
11017 10718 10406 9851 9468 9500 9803 9814 9726 9519 9224 9122 8657 8005 7618 7363 6251 5914 5901 5959 5857 5557 5263 4849 4403 4107 3411 2995 2662 2288 1975 1962 1528 1082 1046 1589 1274 1048 780 861 636 381 0 417 532 805 1039 1104 1561 1950 1960 2301 2637 2661 2850 2953 3176 3152 3215 3842 4128 4113 4262 4418 4671 4905 5188 5539 5844 6026 6115 6177 6290 6428 6629 6807 6944 6971 6971 7060 7111 7187 7189 5771 5595 5412 5268 4994 4739 4523 4593 4348 4106 4045 3894 3472 3475 3514 3457 3220 2973 2757 2876 2934 2994 2986 2881 3087 2931 2837 3022 2870 2715 2506 2941 3440 4073 4022 3929 3959 4680 4955 5185 5450 5647 5837 5914 6047 6121 6388 6554 6770 6933 6935 6792 6612 6352 6355 6777 7061 7288 7383 6855 6520 
10730 10433 10122 9572 9187 9236 9541 9561 9484 9286 8993 8880 8408 7747 7359 7101 5966 5625 5601 5642 5525 5224 4927 4509 4059 3759 3052 2629 2290 1902 1575 1546 1110 665 653 1314 1013 795 586 803 584 423 417 0 286 443 650 687 1143 1534 1561 1916 2268 2301 2520 2650 2879 2877 3001 3609 3899 3862 4001 4149 4392 4612 4887 5231 5528 5694 5769 5823 5925 6061 6262 6442 6574 6596 6589 6671 6718 6788 6786 5424 5237 5043 4890 4609 4352 4130 4191 3945 3701 3634 3487 3063 3071 3121 3081 2827 2581 2358 2467 2519 2577 2570 2468 2681 2528 2443 2629 2474 2327 2174 2588 3082 3725 3695 3643 3692 4404 4684 4918 5181 5377 5555 5625 5712 5775 6039 6204 6418 6576 6570 6413 6227 5963 5962 6380 6667 6886 6977 6447 6109 
10500 10202 9890 9337 8953 8994 9297 9313 9232 9030 8736 8628 8159 7502 7114 6857 5734 5395 5378 5431 5325 5026 4731 4317 3871 3574 2879 2466 2135 1770 1475 1516 1118 678 559 1542 1255 1047 864 1090 870 687 532 286 0 299 546 705 1148 1504 1460 1783 2109 2131 2318 2427 2653 2638 2735 3351 3640 3612 3755 3907 4156 4384 4664 5013 5316 5495 5582 5644 5759 5898 6098 6277 6414 6442 6446 6539 6594 6676 6682 5567 5366 5161 4993 4703 4443 4211 4250 4000 3752 3664 3535 3107 3129 3204 3195 2913 2671 2433 2512 2538 2570 2529 2408 2592 2433 2325 2508 2361 2197 1974 2409 2908 3540 3492 3411 3449 4166 4444 4676 4940 5137 5321 5395 5516 5589 5855 6022 6237 6401 6404 6266 6088 5831 5839 6263 6546 6781 6883 6358 6033 
10289 9992 9680 9132 8747 8800 9104 9127 9054 8859 8567 8451 7975 7313 6925 6665 5525 5183 5158 5198 5082 4781 4484 4067 3617 3318 2614 2195 1859 1483 1178 1220 837 420 260 1438 1185 1008 899 1173 981 862 805 443 299 0 247 447 865 1208 1164 1496 1835 1863 2076 2207 2437 2442 2591 3188 3478 3433 3568 3713 3954 4171 4444 4788 5084 5251 5328 5384 5491 5628 5829 6008 6143 6168 6166 6255 6307 6385 6389 5339 5129 4916 4739 4443 4182 3945 3975 3723 3474 3379 3256 2827 2855 2943 2953 2654 2415 2171 2235 2251 2276 2230 2108 2295 2136 2034 2218 2068 1910 1730 2148 2644 3284 3251 3203 3258 3966 4247 4482 4745 4940 5115 5183 5269 5334 5599 5764 5979 6139 6136 5987 5806 5547 5551 5973 6257 6488 6588 6062 5735 
10123 9827 9516 8972 8585 8649 8955 8984 8918 8728 8438 8315 7835 7168 6779 6518 5364 5020 4987 5015 4889 4587 4289 3870 3417 3116 2405 1981 1640 1252 936 976 615 272 23 1389 1176 1035 992 1285 1121 1046 1039 650 546 247 0 294 640 964 921 1266 1619 1655 1893 2046 2279 2303 2498 3075 3365 3303 3432 3569 3801 4007 4274 4613 4903 5058 5125 5177 5276 5411 5612 5791 5923 5946 5939 6023 6072 6147 6149 5152 4935 4714 4530 4230 3968 3727 3748 3495 3245 3143 3026 2597 2630 2729 2757 2443 2209 1958 2008 2014 2033 1983 1861 2051 1894 1797 1983 1831 1678 1547 1945 2436 3082 3065 3049 3118 3815 4100 4336 4597 4791 4957 5020 5074 5131 5394 5558 5772 5928 5921 5762 5578 5315 5316 5737 6022 6249 6346 5819 5490 
10261 9968 9657 9119 8731 8809 9116 9152 9096 8912 8623 8494 8008 7337 6947 6685 5514 5168 5124 5135 4991 4688 4389 3967 3511 3207 2487 2056 1711 1295 940 860 425 27 271 1106 917 808 833 1133 1011 1005 1104 687 705 447 294 0 457 848 927 1312 1695 1748 2029 2212 2447 2492 2730 3285 3574 3498 3617 3745 3967 4158 4415 4744 5024 5158 5208 5248 5330 5461 5662 5842 5966 5981 5960 6031 6069 6128 6122 4892 4682 4469 4294 4001 3741 3507 3546 3295 3048 2966 2832 2404 2424 2501 2506 2211 1971 1730 1809 1843 1891 1883 1788 2017 1868 1807 1994 1833 1708 1691 2044 2519 3173 3185 3215 3302 3983 4270 4508 4766 4958 5112 5168 5170 5212 5472 5633 5845 5993 5973 5789 5595 5323 5313 5726 6015 6222 6305 5774 5429 
9997 9707 9397 8869 8480 8580 8888 8936 8894 8722 8437 8296 7802 7124 6735 6471 5278 4930 4870 4855 4690 4386 4087 3665 3209 2904 2182 1754 1415 989 622 418 33 481 620 1148 1080 1063 1183 1470 1396 1433 1561 1143 1148 865 640 457 0 406 613 1007 1408 1481 1815 2041 2271 2356 2677 3177 3460 3353 3454 3565 3765 3931 4170 4484 4748 4854 4882 4910 4973 5099 5300 5480 5596 5605 5571 5629 5659 5709 5697 4531 4306 4081 3892 3590 3328 3087 3110 2858 2608 2516 2390 1961 1991 2090 2131 1806 1574 1320 1369 1390 1434 1434 1352 1602 1464 1437 1621 1455 1363 1502 1775 2216 2871 2921 3023 3140 3785 4075 4313 4564 4752 4886 4930 4861 4885 5140 5297 5505 5645 5613 5404 5203 4923 4905 5313 5604 5797 5872 5339 4988 
9659 9372 9063 8542 8152 8267 8575 8631 8600 8436 8154 8004 7505 6825 6437 6172 4967 4618 4547 4515 4336 4034 3735 3314 2860 2557 1842 1424 1101 694 386 12 440 868 948 1441 1433 1446 1586 1868 1802 1839 1950 1534 1504 1208 964 848 406 0 387 712 1103 1191 1559 1815 2034 2151 2537 2980 3254 3123 3208 3304 3486 3632 3856 4159 4411 4498 4513 4534 4587 4710 4911 5091 5203 5209 5171 5226 5254 5302 5290 4357 4112 3868 3658 3344 3082 2828 2818 2563 2311 2191 2092 1664 1719 1862 1965 1596 1390 1125 1098 1066 1068 1036 945 1199 1065 1059 1239 1071 1007 1286 1471 1876 2525 2602 2760 2899 3510 3798 4035 4280 4464 4583 4618 4502 4515 4767 4921 5128 5262 5225 5006 4802 4521 4500 4907 5198 5390 5466 4933 4584 
9385 9095 8785 8256 7867 7966 8274 8322 8283 8112 7828 7684 7189 6511 6123 5858 4665 4316 4257 4246 4086 3783 3484 3061 2605 2299 1577 1147 804 378 14 388 638 939 914 1752 1693 1662 1747 2044 1938 1924 1960 1561 1460 1164 921 927 613 387 0 396 795 867 1209 1450 1675 1778 2151 2607 2884 2763 2856 2961 3155 3318 3556 3871 4138 4252 4290 4325 4403 4533 4734 4914 5038 5054 5036 5112 5156 5227 5228 4683 4426 4172 3947 3625 3365 3102 3061 2806 2554 2403 2337 1920 1997 2172 2309 1922 1735 1471 1397 1313 1252 1125 971 1131 972 883 1070 913 780 914 1161 1610 2266 2308 2418 2544 3177 3466 3704 3954 4141 4273 4316 4261 4294 4552 4711 4922 5067 5046 4863 4672 4404 4400 4819 5105 5327 5424 4898 4573 
8990 8700 8390 7862 7473 7576 7883 7934 7898 7731 7448 7301 6804 6125 5736 5472 4274 3925 3863 3850 3691 3387 3088 2665 2209 1904 1181 751 408 18 385 707 1032 1321 1263 2135 2087 2058 2138 2436 2323 2296 2301 1916 1783 1496 1266 1312 1007 712 396 0 401 481 849 1113 1326 1456 1885 2283 2552 2414 2497 2592 2777 2931 3165 3477 3742 3856 3898 3936 4021 4153 4355 4534 4662 4682 4673 4759 4811 4894 4902 4763 4489 4219 3974 3644 3389 3117 3035 2784 2538 2351 2327 1937 2041 2255 2446 2038 1886 1634 1495 1354 1227 1015 818 868 703 548 726 590 414 604 770 1214 1871 1914 2048 2188 2800 3089 3326 3573 3758 3884 3925 3866 3902 4161 4321 4533 4681 4665 4496 4312 4050 4056 4479 4762 5001 5111 4592 4286 
8590 8299 7989 7461 7071 7174 7482 7533 7499 7333 7051 6902 6405 5725 5337 5072 3872 3524 3462 3451 3297 2994 2694 2272 1816 1511 791 362 40 419 786 1097 1434 1702 1618 2535 2489 2456 2527 2826 2704 2662 2637 2268 2109 1835 1619 1695 1408 1103 795 401 0 108 497 785 974 1135 1621 1947 2204 2049 2120 2207 2383 2531 2763 3076 3342 3464 3514 3560 3657 3793 3994 4173 4307 4333 4338 4439 4502 4603 4622 4927 4638 4356 4094 3759 3512 3235 3115 2872 2637 2421 2439 2086 2210 2452 2684 2268 2147 1911 1730 1552 1377 1107 897 790 652 422 524 476 271 400 369 823 1478 1512 1663 1817 2407 2695 2932 3177 3361 3484 3524 3475 3519 3780 3943 4156 4310 4302 4157 3982 3732 3751 4181 4458 4720 4847 4339 4057 
8523 8232 7922 7391 7001 7099 7406 7455 7417 7249 6966 6820 6324 5645 5256 4992 3797 3448 3391 3389 3244 2940 2642 2220 1766 1462 751 338 138 499 859 1186 1505 1753 1656 2616 2560 2520 2581 2881 2752 2701 2661 2301 2131 1863 1655 1748 1481 1191 867 481 108 0 390 677 869 1028 1514 1841 2100 1948 2023 2114 2295 2451 2689 3007 3279 3411 3471 3522 3628 3767 3967 4146 4283 4313 4325 4432 4501 4609 4632 5031 4741 4457 4194 3858 3612 3336 3211 2970 2736 2517 2539 2190 2315 2559 2792 2376 2255 2019 1838 1659 1483 1209 1000 876 746 513 592 566 371 318 297 781 1429 1443 1569 1718 2318 2607 2845 3092 3277 3405 3448 3424 3476 3739 3903 4117 4275 4273 4141 3972 3728 3753 4185 4459 4730 4863 4359 4086 
8234 7940 7629 7090 6702 6782 7089 7129 7082 6907 6622 6482 5991 5315 4926 4663 3485 3138 3097 3123 3007 2707 2413 2000 1559 1271 654 444 520 866 1203 1555 1836 2031 1898 2961 2883 2824 2859 3158 3012 2934 2850 2520 2318 2076 1893 2029 1815 1559 1209 849 497 390 0 292 480 641 1150 1450 1710 1565 1649 1751 1950 2130 2386 2720 3010 3177 3268 3339 3476 3622 3820 3995 4145 4187 4225 4356 4444 4576 4614 5381 5085 4797 4526 4189 3948 3671 3528 3293 3066 2835 2877 2546 2678 2929 3173 2756 2642 2408 2221 2036 1848 1564 1358 1180 1077 850 865 897 737 346 272 672 1238 1175 1208 1340 1970 2259 2497 2750 2939 3084 3138 3197 3275 3543 3712 3928 4099 4118 4034 3884 3662 3708 4145 4407 4710 4865 4379 4140 
