9
277
35 0 1 2 3 4 5 6 7 8 9 10 11 12 13 14 15 16 17 18 19 20 21 22 23 24 25 26 27 28 29 30 31 32 33 34
50 35 36 37 38 39 40 41 42 43 44 45 46 47 48 49 50 51 52 53 54 55 56 57 58 59 60 61 62 63 64 65 66 27 28 29 30 31 32 33 34 67 68 69 70 71 72 73 74 75 76
50 35 36 37 38 39 40 41 42 43 44 45 46 47 48 49 50 51 52 53 54 55 56 57 58 59 60 61 62 63 64 65 66 27 28 29 30 31 32 33 34 77 78 79 80 81 82 83 84 85 86
39 87 88 89 90 91 92 93 94 95 96 97 98 99 100 101 102 103 104 16 105 18 19 20 21 22 23 24 25 26 106 107 108 109 110 111 112 113 114 115
36 116 117 118 119 120 121 122 123 66 124 125 126 127 128 129 130 50 131 132 133 134 135 136 137 138 139 140 141 142 143 144 145 146 147 148 149
47 150 151 152 153 154 155 156 157 158 159 160 117 118 119 120 121 122 123 107 108 109 110 161 162 163 164 165 166 167 168 169 170 171 172 173 174 175 176 177 178 179 180 181 182 183 184 35
48 185 186 187 188 189 190 191 192 193 194 195 160 117 118 119 120 121 122 123 107 108 109 110 161 162 163 164 165 166 167 168 169 170 171 172 173 174 175 176 177 178 179 180 181 182 183 184 35
40 115 196 197 198 199 62 63 64 65 66 124 125 126 127 128 129 49 50 131 132 133 200 201 202 203 204 205 206 207 208 209 210 211 212 213 214 215 216 217 218
71 219 220 221 222 223 224 225 226 227 228 229 230 231 232 233 234 235 236 237 238 239 240 241 242 243 244 245 246 247 248 122 123 249 66 124 250 251 252 253 164 165 166 254 255 256 257 258 259 105 18 19 260 261 262 263 264 265 266 179 180 267 268 269 270 271 272 184 273 274 275 276
1800 1800 1800 1800 1800 1800 1800 1800 3600 
0 305 613 1192 1557 1669 1439 1603 1906 2211 2434 2327 2589 3114 3473 3706 4765 5105 5137 5144 5338 5637 5931 6349 6800 7102 7818 8243 8582 9008 9376 9651 10023 10264 10129 6080 6039 5928 5688 5545 5318 5083 5010 5002 5160 5341 5421 5307 5272 5216 5182 5276 5559 5879 6131 6348 6605 6772 6991 6948 7273 7921 7831 7934 8099 8218 8227 9773 9651 9587 9553 9550 9625 9645 9672 9734 9830 10335 10516 10742 11074 11147 11230 11226 11036 11070 11092 1615 1829 1730 1637 1838 1985 2400 2488 2625 2770 2843 2928 3045 3517 3877 3923 3928 3919 5105 8240 8234 8081 7851 7864 8040 8038 8237 8282 8375 10121 10261 9997 9659 9385 8990 8590 8523 7785 7079 6787 6323 5914 5618 5271 5171 5146 4740 3725 3416 3060 2568 2335 2441 2232 1928 1603 1475 1712 1543 1176 538 312 38 9821 9732 9670 9638 9625 9553 9542 9581 9650 9773 10123 7870 7227 6957 6925 6765 6602 6345 6118 5848 5517 5249 5184 5240 5284 5371 5312 5150 5002 5009 5097 5326 5512 5675 5918 11098 11077 11044 11092 11392 11244 11151 11017 10730 10500 10289 8269 8236 8035 8018 3987 3915 3919 3919 3870 3479 3041 2954 2840 2746 2616 2480 2375 1994 1830 1606 1749 1630 1608 11372 11046 10756 10456 10230 10157 9979 9660 9612 9576 9326 9559 9579 9735 10011 10373 10052 10110 10005 9726 9494 9264 9011 8931 8603 8678 8614 8449 8614 8652 8577 7133 7080 7089 7061 6337 6066 5840 5574 5377 5179 5192 5244 5035 4918 4754 4714 4875 5358 5622 5929 6095 5971 5760 6035 6282 6559 6952 
305 0 311 887 1254 1371 1154 1338 1656 1957 2166 2044 2289 2809 3167 3401 4467 4808 4843 4856 5057 5354 5648 6064 6513 6815 7530 7954 8292 8718 9085 9363 9733 9970 9834 5883 5846 5729 5480 5333 5094 4852 4775 4760 4913 5090 5166 5041 5002 4937 4894 4987 5266 5584 5835 6049 6305 6471 6689 6645 6971 7618 7532 7637 7802 7924 7935 9477 9353 9286 9250 9247 9321 9340 9367 9429 9525 10038 10218 10445 10775 10850 10935 10932 10745 10780 10804 1351 1584 1535 1484 1718 1890 2291 2362 2452 2565 2619 2689 2790 3251 3606 3638 3636 3621 4808 7950 7940 7784 7554 7565 7741 7735 7933 7978 8070 9825 9968 9707 9372 9095 8700 8299 8232 7496 6792 6501 6038 5631 5335 4990 4878 4849 4442 3420 3110 2754 2269 2052 2172 1978 1678 1338 1187 1412 1240 871 235 8 274 9517 9426 9365 9333 9321 9249 9240 9280 9352 9477 9827 7567 6924 6653 6624 6464 6302 6046 5821 5554 5225 4961 4905 4969 5019 5115 5061 4904 4759 4774 4867 5103 5299 5468 5719 10811 10787 10752 10799 11098 10949 10855 10718 10433 10202 9992 7964 7933 7732 7718 3683 3617 3624 3636 3599 3212 2787 2710 2615 2545 2442 2353 2261 1898 1708 1445 1549 1390 1355 11144 10817 10525 10223 9993 9914 9733 9415 9362 9321 9069 9301 9314 9471 9748 10109 9784 9839 9730 9452 9220 8989 8734 8651 8322 8395 8329 8165 8329 8364 8283 6846 6788 6791 6761 6037 5765 5538 5273 5076 4880 4915 4973 4770 4657 4498 4467 4635 5127 5391 5694 5864 5755 5552 5842 6096 6355 6742 
613 311 0 585 944 1100 920 1140 1475 1765 1947 1799 2006 2507 2861 3093 4155 4497 4532 4548 4752 5048 5341 5756 6205 6507 7221 7644 7982 8408 8776 9055 9423 9659 9523 5644 5610 5487 5232 5080 4833 4584 4504 4482 4633 4806 4880 4745 4703 4633 4586 4677 4956 5273 5523 5738 5993 6160 6378 6334 6660 7308 7220 7326 7491 7613 7625 9166 9041 8975 8939 8936 9013 9033 9062 9126 9227 9726 9906 10133 10464 10538 10624 10622 10434 10470 10496 1066 1317 1321 1319 1581 1775 2153 2207 2247 2327 2363 2420 2506 2956 3308 3331 3325 3309 4497 7640 7629 7473 7243 7253 7429 7424 7623 7670 7764 9514 9657 9397 9063 8785 8390 7989 7922 7187 6483 6193 5730 5324 5029 4685 4567 4538 4130 3112 2805 2453 1990 1810 1954 1785 1498 1141 943 1136 930 570 75 305 584 9218 9124 9059 9026 9013 8939 8929 8969 9040 9165 9516 7256 6613 6343 6312 6153 5990 5734 5510 5243 4914 4652 4601 4671 4724 4827 4777 4623 4482 4504 4600 4842 5045 5219 5477 10503 10478 10442 10488 10787 10637 10543 10406 10122 9890 9680 7656 7622 7422 7406 3373 3305 3313 3330 3301 2917 2503 2436 2358 2311 2237 2197 2119 1782 1569 1273 1330 1129 1083 10876 10548 10254 9951 9717 9635 9450 9133 9077 9033 8780 9010 9018 9175 9453 9814 9486 9539 9428 9150 8918 8686 8430 8346 8017 8089 8021 7858 8021 8056 7971 6538 6478 6479 6450 5726 5454 5227 4962 4765 4568 4612 4675 4475 4365 4210 4185 4359 4859 5122 5422 5595 5498 5303 5605 5865 6109 6489 
1192 887 585 0 390 554 498 768 1100 1348 1471 1279 1430 1922 2281 2517 3607 3952 3999 4036 4258 4549 4838 5248 5692 5991 6700 7120 7455 7880 8247 8534 8895 9121 8979 5367 5342 5207 4934 4771 4498 4231 4143 4102 4239 4400 4463 4294 4240 4146 4073 4158 4426 4734 4977 5184 5436 5599 5814 5765 6093 6740 6667 6779 6945 7076 7095 8620 8488 8414 8373 8366 8435 8453 8480 8542 8641 9177 9353 9584 9909 9990 10082 10083 9902 9942 9975 780 1068 1246 1366 1660 1884 2191 2203 2122 2107 2088 2095 2126 2525 2857 2832 2803 2761 3952 7112 7090 6926 6695 6699 6872 6856 7054 7093 7183 8971 9119 8869 8542 8256 7862 7461 7391 6666 5968 5679 5222 4821 4530 4191 4036 3992 3581 2536 2223 1868 1416 1295 1476 1364 1123 771 488 578 374 17 658 879 1160 8632 8540 8478 8447 8435 8368 8363 8407 8488 8619 8972 6689 6046 5773 5749 5592 5433 5181 4964 4704 4385 4136 4112 4208 4278 4407 4371 4230 4101 4143 4251 4509 4734 4921 5196 9983 9950 9908 9948 10248 10094 9994 9851 9572 9337 9132 7079 7053 6854 6849 2804 2757 2781 2838 2848 2486 2125 2093 2080 2105 2112 2192 2151 1888 1647 1311 1241 935 848 10504 10173 9875 9568 9323 9230 9037 8723 8656 8600 8342 8567 8557 8715 8997 9356 9018 9062 8942 8666 8434 8200 7938 7847 7518 7583 7507 7347 7510 7536 7431 6021 5948 5929 5892 5171 4896 4667 4401 4204 4017 4129 4214 4030 3933 3794 3793 3985 4505 4763 5052 5235 5176 5002 5338 5612 5813 6172 
1557 1254 944 390 0 495 653 896 1174 1355 1398 1155 1168 1579 1922 2150 3221 3565 3610 3646 3869 4159 4448 4858 5302 5600 6310 6730 7065 7491 7858 8144 8505 8733 8592 5051 5030 4889 4610 4442 4159 3885 3793 3745 3876 4032 4092 3913 3857 3758 3683 3768 4036 4346 4591 4800 5053 5219 5435 5390 5716 6364 6283 6393 6558 6687 6706 8233 8104 8034 7996 7992 8069 8090 8121 8191 8299 8792 8969 9199 9526 9604 9695 9695 9513 9553 9585 597 861 1145 1335 1625 1854 2100 2084 1927 1853 1801 1780 1781 2155 2479 2444 2413 2374 3565 6722 6702 6540 6309 6316 6489 6480 6679 6726 6822 8584 8731 8480 8152 7867 7473 7071 7001 6276 5577 5289 4832 4431 4141 3803 3646 3605 3195 2169 1869 1530 1167 1177 1402 1366 1194 900 610 477 16 407 1019 1247 1528 8290 8189 8119 8083 8069 7995 7986 8027 8103 8233 8585 6313 5669 5399 5370 5212 5050 4796 4577 4316 3995 3745 3724 3825 3898 4036 4004 3868 3743 3794 3906 4170 4404 4596 4878 9593 9560 9520 9560 9860 9707 9609 9468 9187 8953 8747 6712 6678 6478 6467 2429 2371 2391 2450 2470 2117 1781 1769 1791 1860 1918 2073 2057 1856 1611 1280 1129 794 692 10143 9811 9512 9204 8956 8859 8663 8350 8280 8221 7962 8186 8172 8331 8613 8971 8632 8674 8554 8278 8045 7812 7549 7457 7128 7193 7117 6957 7119 7146 7043 5631 5559 5544 5510 4787 4513 4286 4020 3823 3632 3742 3831 3651 3559 3424 3432 3630 4158 4413 4697 4883 4840 4676 5026 5306 5486 5836 
1669 1371 1100 554 495 0 308 451 685 862 933 725 921 1502 1883 2137 3301 3650 3722 3802 4055 4333 4612 5009 5442 5734 6430 6842 7171 7594 7958 8259 8604 8810 8658 5444 5429 5280 4992 4819 4519 4234 4137 4071 4189 4330 4379 4162 4090 3957 3837 3908 4151 4439 4665 4852 5091 5246 5450 5385 5719 6363 6328 6457 6621 6771 6806 8292 8146 8052 7997 7976 8023 8031 8049 8094 8177 8841 9010 9249 9561 9655 9760 9771 9601 9650 9696 1093 1354 1638 1815 2107 2336 2594 2580 2415 2319 2245 2197 2157 2465 2755 2648 2570 2468 3650 6827 6782 6603 6370 6358 6523 6478 6671 6682 6760 8649 8809 8580 8267 7966 7576 7174 7099 6396 5711 5429 4984 4595 4315 3991 3763 3688 3274 2156 1817 1440 898 742 938 873 703 456 251 57 488 563 1165 1363 1634 8168 8092 8047 8028 8022 7978 7987 8045 8146 8293 8649 6312 5672 5393 5387 5238 5087 4848 4652 4411 4113 3893 3922 4058 4152 4319 4302 4181 4069 4138 4257 4532 4779 4979 5269 9707 9658 9606 9633 9931 9769 9660 9500 9236 8994 8800 6670 6672 6476 6500 2447 2467 2527 2664 2743 2427 2159 2174 2234 2330 2406 2569 2551 2339 2093 1759 1623 1288 1187 10444 10111 9808 9497 9239 9132 8927 8618 8536 8465 8201 8418 8382 8541 8826 9182 8831 8860 8727 8455 8222 7987 7715 7612 7283 7338 7248 7095 7254 7266 7118 5763 5664 5600 5544 4834 4552 4318 4055 3859 3697 3948 4067 3911 3835 3720 3752 3964 4503 4752 5024 5216 5204 5057 5424 5711 5863 6196 
1439 1154 920 498 653 308 0 270 603 865 1027 889 1189 1800 2184 2440 3609 3958 4030 4109 4359 4639 4918 5316 5750 6042 6738 7150 7479 7901 8265 8567 8912 9116 8963 5691 5672 5528 5244 5074 4782 4501 4406 4347 4469 4614 4667 4458 4389 4260 4144 4215 4459 4747 4972 5158 5395 5549 5751 5684 6019 6662 6632 6763 6927 7078 7113 8598 8449 8353 8295 8271 8313 8319 8333 8373 8447 9146 9313 9553 9864 9959 10066 10077 9908 9957 10004 1213 1494 1723 1860 2154 2380 2676 2680 2563 2505 2454 2426 2409 2743 3043 2949 2875 2776 3958 7135 7089 6909 6675 6663 6826 6777 6968 6974 7048 8955 9116 8888 8575 8274 7883 7482 7406 6704 6019 5737 5291 4901 4621 4295 4071 3996 3582 2459 2116 1736 1159 898 1033 882 626 274 57 365 640 497 975 1145 1401 8439 8370 8331 8316 8312 8274 8286 8346 8450 8598 8955 6611 5972 5692 5689 5541 5392 5153 4959 4719 4421 4200 4225 4357 4447 4607 4586 4461 4345 4407 4523 4794 5035 5231 5517 10015 9966 9913 9939 10237 10075 9964 9803 9541 9297 9104 6962 6970 6774 6804 2752 2775 2834 2964 3031 2705 2410 2410 2444 2511 2553 2669 2635 2383 2141 1804 1714 1392 1296 10730 10397 10095 9785 9530 9425 9222 8912 8832 8763 8501 8719 8685 8845 9129 9485 9135 9166 9034 8761 8528 8293 8022 7919 7590 7646 7556 7403 7562 7574 7425 6071 5972 5906 5848 5140 4857 4622 4359 4164 4004 4250 4365 4204 4124 4005 4029 4237 4772 5024 5300 5490 5465 5310 5668 5951 6119 6460 
1603 1338 1140 768 896 451 270 0 341 625 832 759 1158 1815 2204 2467 3665 4013 4099 4198 4462 4735 5007 5398 5825 6113 6800 7207 7532 7952 8314 8624 8959 9152 8993 5895 5879 5731 5443 5270 4970 4684 4586 4518 4633 4771 4818 4590 4514 4369 4232 4296 4527 4802 5016 5191 5419 5567 5761 5685 6023 6662 6656 6796 6960 7120 7164 8624 8467 8359 8292 8259 8285 8284 8291 8318 8378 9167 9330 9573 9877 9980 10094 10111 9948 10003 10057 1473 1751 1991 2131 2425 2650 2945 2947 2819 2748 2685 2644 2608 2911 3194 3068 2974 2848 4013 7188 7129 6941 6707 6685 6843 6775 6963 6950 7014 8984 9152 8936 8631 8322 7934 7533 7455 6766 6090 5812 5373 4991 4716 4399 4141 4049 3637 2485 2132 1748 1119 760 838 645 364 5 293 501 884 766 1185 1329 1564 8371 8315 8289 8283 8284 8262 8283 8351 8468 8625 8984 6611 5975 5692 5701 5559 5415 5185 5004 4774 4490 4284 4334 4482 4582 4757 4744 4625 4516 4587 4707 4982 5230 5430 5720 10068 10011 9953 9971 10268 10102 9985 9814 9561 9313 9127 6940 6965 6773 6821 2788 2847 2924 3088 3182 2874 2610 2623 2674 2755 2810 2936 2904 2654 2411 2075 1981 1656 1559 10883 10549 10245 9934 9674 9563 9355 9048 8962 8887 8622 8836 8790 8951 9236 9590 9235 9258 9120 8849 8616 8381 8106 7997 7669 7720 7622 7473 7630 7635 7462 6141 6029 5937 5869 5169 4884 4647 4387 4194 4049 4363 4491 4343 4272 4162 4198 4413 4952 5200 5470 5663 5654 5508 5875 6162 6315 6646 
1906 1656 1475 1100 1174 685 603 341 0 305 567 604 1095 1779 2164 2429 3650 3996 4098 4223 4503 4765 5029 5408 5824 6106 6781 7180 7499 7916 8275 8593 8917 9094 8928 6076 6065 5912 5617 5440 5129 4836 4734 4655 4759 4885 4924 4672 4586 4420 4256 4310 4522 4779 4979 5138 5354 5495 5680 5592 5932 6564 6588 6739 6902 7075 7129 8557 8389 8266 8188 8144 8151 8143 8141 8154 8198 9091 9248 9497 9790 9903 10026 10050 9896 9957 10020 1767 2036 2300 2454 2749 2975 3258 3252 3100 3001 2920 2859 2796 3053 3310 3142 3022 2861 3996 7156 7082 6883 6649 6616 6766 6676 6859 6824 6876 8919 9096 8894 8600 8283 7898 7499 7417 6747 6083 5811 5384 5013 4748 4443 4142 4030 3622 2447 2088 1710 1047 593 574 327 23 338 613 718 1165 1100 1517 1647 1868 8190 8150 8139 8143 8150 8147 8180 8258 8390 8558 8918 6514 5884 5597 5622 5487 5351 5132 4967 4753 4486 4303 4384 4555 4667 4861 4858 4751 4652 4736 4861 5142 5399 5604 5901 10033 9966 9900 9909 10204 10032 9908 9726 9484 9232 9054 6815 6863 6674 6744 2756 2861 2960 3167 3296 3017 2799 2831 2908 3014 3090 3241 3215 2979 2735 2398 2289 1958 1858 10982 10646 10340 10028 9760 9642 9428 9125 9029 8945 8678 8886 8824 8985 9273 9623 9260 9274 9128 8861 8628 8392 8112 7996 7669 7713 7606 7462 7616 7611 7410 6133 6004 5881 5799 5114 4826 4588 4332 4142 4019 4418 4565 4434 4375 4279 4332 4555 5099 5341 5601 5798 5812 5680 6061 6353 6482 6800 
2211 1957 1765 1348 1355 862 865 625 305 0 298 456 972 1647 2021 2284 3512 3853 3968 4115 4407 4659 4914 5283 5689 5965 6628 7021 7335 7749 8105 8430 8744 8910 8739 6107 6100 5941 5641 5460 5139 4840 4735 4644 4738 4853 4884 4611 4517 4332 4146 4192 4387 4629 4817 4963 5171 5305 5482 5386 5728 6354 6399 6558 6720 6902 6964 8366 8190 8058 7971 7921 7915 7902 7895 7899 7934 8894 9046 9299 9584 9704 9834 9863 9715 9780 9851 1952 2205 2500 2673 2967 3196 3456 3439 3253 3124 3022 2941 2850 3058 3288 3084 2942 2753 3853 6993 6907 6700 6467 6425 6571 6465 6644 6594 6639 8730 8912 8722 8436 8112 7731 7333 7249 6595 5942 5676 5258 4898 4642 4349 4014 3885 3484 2300 1943 1579 920 434 304 22 284 624 862 878 1349 1351 1810 1948 2172 7927 7895 7893 7904 7914 7924 7964 8049 8192 8368 8728 6304 5679 5391 5426 5297 5167 4957 4806 4604 4353 4189 4296 4486 4610 4820 4827 4731 4642 4737 4867 5153 5418 5628 5930 9865 9789 9718 9720 10014 9839 9709 9519 9286 9030 8859 6586 6648 6462 6549 2612 2754 2870 3114 3273 3024 2854 2904 3010 3141 3244 3428 3412 3199 2953 2617 2485 2149 2048 10924 10588 10280 9967 9693 9567 9348 9049 8946 8854 8585 8788 8713 8874 9162 9510 9140 9147 8994 8730 8498 8262 7978 7856 7531 7569 7455 7315 7467 7454 7231 5991 5849 5702 5611 4937 4648 4410 4158 3972 3866 4335 4498 4382 4335 4253 4321 4551 5098 5334 5582 5782 5820 5702 6096 6392 6497 6800 
2434 2166 1947 1471 1398 933 1027 832 567 298 0 282 746 1396 1757 2018 3245 3584 3705 3864 4162 4408 4658 5020 5420 5693 6352 6742 7053 7466 7821 8148 8459 8621 8448 5951 5949 5786 5481 5297 4968 4666 4558 4459 4544 4650 4676 4388 4289 4093 3894 3934 4121 4355 4537 4679 4883 5015 5190 5092 5434 6059 6109 6271 6432 6617 6683 8075 7897 7762 7675 7623 7617 7604 7597 7603 7640 8601 8752 9006 9290 9411 9542 9573 9426 9493 9566 1980 2211 2536 2733 3023 3252 3482 3451 3229 3068 2947 2846 2730 2894 3100 2870 2713 2507 3584 6712 6622 6412 6179 6135 6279 6170 6348 6296 6341 8439 8623 8437 8154 7828 7448 7051 6966 6318 5671 5408 4996 4642 4391 4106 3752 3615 3218 2034 1679 1328 693 255 7 277 551 832 1009 931 1395 1476 2000 2157 2396 7633 7599 7595 7606 7616 7626 7667 7753 7899 8077 8438 6009 5385 5097 5135 5007 4879 4672 4526 4331 4088 3934 4057 4259 4389 4611 4625 4538 4456 4561 4694 4983 5255 5468 5774 9581 9503 9430 9430 9723 9547 9416 9224 8993 8736 8567 6288 6352 6167 6257 2346 2508 2635 2903 3084 2861 2734 2802 2934 3090 3221 3440 3438 3254 3009 2678 2517 2182 2080 10698 10361 10052 9739 9461 9331 9108 8812 8704 8608 8337 8538 8455 8616 8905 9250 8878 8881 8725 8462 8230 7995 7709 7584 7260 7295 7178 7040 7191 7176 6944 5720 5571 5415 5321 4651 4362 4124 3874 3690 3591 4099 4271 4167 4128 4057 4137 4371 4919 5148 5388 5591 5646 5540 5945 6244 6327 6618 
2327 2044 1799 1279 1155 725 889 759 604 456 282 0 517 1196 1575 1840 3066 3409 3519 3661 3951 4205 4462 4833 5242 5521 6190 6586 6903 7319 7677 7998 8318 8492 8325 5680 5677 5515 5212 5029 4703 4402 4296 4201 4291 4402 4431 4155 4060 3876 3692 3740 3940 4189 4383 4538 4752 4891 5075 4987 5328 5960 5985 6138 6300 6475 6533 7954 7785 7662 7584 7543 7554 7548 7550 7570 7624 8487 8644 8893 9186 9299 9423 9448 9294 9357 9423 1724 1945 2280 2488 2774 3003 3219 3184 2953 2786 2664 2563 2449 2625 2843 2630 2485 2298 3409 6560 6482 6281 6047 6012 6162 6073 6256 6225 6280 8316 8494 8296 8004 7684 7301 6902 6820 6156 5498 5230 4809 4446 4188 3893 3565 3442 3038 1857 1498 1127 464 27 283 446 598 761 858 711 1154 1287 1858 2035 2290 7616 7567 7548 7549 7553 7546 7576 7654 7786 7955 8315 5910 5279 4993 5018 4883 4748 4532 4372 4164 3906 3736 3840 4030 4154 4367 4376 4284 4198 4298 4430 4717 4987 5199 5504 9436 9366 9298 9306 9601 9429 9304 9122 8880 8628 8451 6215 6259 6070 6140 2168 2299 2414 2660 2828 2592 2454 2520 2651 2809 2944 3173 3175 3005 2760 2432 2260 1926 1824 10468 10132 9824 9511 9237 9111 8891 8592 8489 8398 8129 8333 8260 8421 8709 9057 8690 8699 8548 8282 8050 7815 7532 7412 7086 7127 7016 6874 7027 7018 6809 5548 5412 5280 5196 4513 4225 3986 3731 3543 3427 3878 4041 3928 3882 3805 3878 4110 4658 4890 5135 5336 5383 5272 5673 5971 6062 6358 
2589 2289 2006 1430 1168 921 1189 1158 1095 972 746 517 0 684 1068 1334 2555 2901 3006 3144 3434 3688 3946 4319 4731 5011 5685 6085 6405 6822 7182 7499 7824 8007 7845 5223 5224 5058 4751 4565 4233 3928 3820 3717 3799 3904 3929 3644 3548 3360 3175 3224 3429 3684 3884 4048 4270 4414 4606 4527 4866 5503 5506 5651 5814 5983 6035 7475 7313 7201 7133 7101 7131 7134 7146 7183 7259 8014 8175 8420 8720 8826 8944 8965 8807 8865 8927 1632 1792 2167 2411 2678 2901 3055 2996 2705 2487 2335 2204 2053 2167 2358 2124 1972 1781 2901 6061 5991 5795 5561 5534 5689 5617 5805 5795 5863 7836 8008 7802 7505 7189 6804 6405 6324 5652 4989 4718 4295 3930 3671 3377 3051 2935 2528 1351 993 615 53 538 743 961 1093 1161 1141 877 1175 1443 2075 2281 2554 7251 7180 7144 7132 7131 7104 7124 7194 7314 7476 7835 5453 4817 4533 4546 4406 4266 4042 3873 3658 3394 3220 3324 3517 3645 3864 3879 3793 3714 3822 3957 4247 4523 4738 5047 8939 8874 8811 8824 9120 8951 8831 8657 8408 8159 7975 5784 5807 5614 5667 1661 1782 1898 2157 2342 2136 2059 2150 2320 2518 2698 2985 3010 2901 2664 2359 2142 1826 1732 9956 9620 9312 8998 8723 8596 8376 8077 7973 7881 7612 7816 7744 7905 8193 8541 8175 8185 8036 7770 7537 7302 7020 6902 6576 6618 6511 6367 6521 6516 6321 5039 4909 4792 4718 4025 3737 3500 3242 3051 2923 3363 3529 3422 3381 3312 3395 3631 4179 4406 4643 4846 4908 4808 5220 5522 5591 5876 
3114 2809 2507 1922 1579 1502 1800 1815 1779 1647 1396 1196 684 0 389 653 1871 2217 2322 2469 2766 3013 3266 3636 4047 4327 5002 5403 5724 6143 6504 6818 7147 7336 7177 4713 4723 4549 4236 4046 3700 3391 3278 3158 3220 3306 3320 3010 2904 2699 2499 2544 2744 3001 3205 3375 3604 3753 3952 3884 4219 4862 4841 4980 5144 5307 5355 6809 6654 6554 6495 6473 6525 6538 6560 6619 6721 7353 7518 7760 8067 8166 8278 8295 8133 8190 8248 1861 1925 2318 2590 2818 3022 3084 2993 2626 2336 2140 1962 1746 1706 1817 1519 1333 1111 2217 5381 5315 5125 4891 4870 5030 4977 5169 5183 5267 7168 7337 7124 6825 6511 6125 5725 5645 4968 4305 4034 3612 3251 2996 2711 2368 2251 1844 671 317 69 734 1216 1391 1634 1778 1819 1746 1448 1590 1938 2580 2801 3082 6712 6617 6558 6533 6525 6476 6486 6546 6655 6810 7168 4811 4171 3891 3891 3746 3600 3370 3193 2974 2710 2541 2663 2875 3014 3253 3282 3214 3154 3281 3421 3716 4002 4223 4537 8260 8198 8138 8155 8452 8286 8171 8005 7747 7502 7313 5171 5170 4974 5008 978 1113 1248 1560 1800 1682 1754 1891 2125 2378 2620 2983 3040 3019 2805 2546 2287 2025 1949 9310 8973 8663 8349 8069 7937 7713 7417 7308 7212 6941 7143 7065 7226 7514 7862 7493 7502 7352 7086 6854 6618 6336 6218 5892 5934 5827 5683 5837 5833 5647 4354 4226 4121 4055 3354 3068 2832 2571 2378 2242 2706 2888 2801 2778 2732 2840 3084 3627 3839 4057 4263 4361 4288 4719 5026 5049 5308 
3473 3167 2861 2281 1922 1883 2184 2204 2164 2021 1757 1575 1068 389 0 265 1491 1834 1947 2112 2420 2655 2901 3263 3668 3945 4617 5016 5336 5755 6115 6430 6758 6947 6788 4505 4522 4343 4027 3835 3482 3171 3056 2922 2966 3033 3036 2702 2588 2363 2141 2177 2366 2615 2816 2986 3215 3366 3567 3502 3836 4480 4453 4591 4755 4918 4967 6420 6267 6169 6113 6095 6155 6172 6200 6268 6383 6965 7130 7372 7680 7778 7889 7906 7744 7800 7859 2138 2160 2548 2826 3031 3222 3238 3133 2734 2412 2197 1998 1750 1594 1627 1272 1050 779 1834 4993 4926 4736 4502 4482 4643 4595 4788 4813 4902 6779 6947 6735 6437 6123 5736 5337 5256 4583 3923 3655 3239 2885 2639 2367 1994 1867 1463 282 78 457 1117 1593 1753 2006 2162 2208 2129 1829 1935 2297 2936 3160 3441 6374 6266 6198 6166 6155 6098 6104 6161 6267 6421 6779 4429 3788 3509 3505 3358 3211 2980 2805 2589 2332 2178 2327 2559 2711 2969 3011 2961 2917 3060 3204 3498 3791 4014 4331 7872 7809 7749 7766 8063 7898 7783 7618 7359 7114 6925 4800 4789 4592 4620 593 783 949 1321 1610 1578 1760 1919 2182 2459 2729 3123 3195 3219 3019 2785 2515 2284 2217 8978 8641 8331 8016 7732 7594 7366 7074 6959 6857 6586 6784 6697 6858 7147 7493 7121 7126 6973 6709 6476 6241 5957 5836 5511 5551 5442 5299 5452 5447 5258 3972 3840 3732 3666 2964 2679 2443 2182 1989 1854 2375 2574 2511 2505 2483 2613 2860 3393 3591 3790 3998 4126 4075 4518 4827 4815 5051 
3706 3401 3093 2517 2150 2137 2440 2467 2429 2284 2018 1840 1334 653 265 0 1227 1569 1686 1861 2175 2403 2643 3002 3404 3681 4351 4751 5071 5490 5850 6165 6494 6684 6527 4346 4368 4186 3870 3677 3320 3010 2895 2751 2782 2836 2831 2483 2363 2125 1889 1920 2103 2350 2552 2723 2955 3109 3312 3253 3585 4230 4193 4329 4493 4654 4702 6160 6009 5915 5864 5850 5919 5940 5973 6050 6176 6706 6873 7113 7424 7519 7629 7644 7481 7537 7595 2322 2317 2698 2978 3166 3348 3333 3219 2802 2463 2239 2030 1767 1533 1508 1117 873 567 1569 4728 4663 4474 4240 4223 4386 4346 4541 4576 4672 6518 6685 6471 6172 5858 5472 5072 4992 4318 3658 3391 2978 2628 2387 2125 1733 1602 1200 18 341 721 1382 1857 2013 2269 2427 2471 2385 2082 2163 2533 3168 3394 3675 6167 6049 5971 5933 5919 5853 5854 5908 6009 6161 6518 4179 3537 3261 3250 3101 2952 2718 2540 2324 2069 1923 2089 2335 2495 2764 2815 2778 2746 2899 3044 3337 3633 3857 4175 7607 7545 7486 7505 7802 7637 7524 7363 7101 6857 6665 4562 4541 4343 4363 328 573 762 1171 1490 1524 1777 1948 2224 2513 2798 3210 3291 3344 3155 2940 2665 2455 2395 8738 8401 8089 7775 7488 7347 7117 6827 6709 6604 6332 6529 6438 6599 6888 7233 6860 6864 6710 6445 6213 5978 5694 5572 5247 5286 5177 5034 5187 5182 4995 3708 3574 3470 3408 2703 2418 2183 1921 1727 1589 2140 2350 2304 2311 2306 2451 2699 3222 3409 3595 3803 3951 3915 4365 4674 4638 4860 
4765 4467 4155 3607 3221 3301 3609 3665 3650 3512 3245 3066 2555 1871 1491 1227 0 349 467 720 1060 1226 1436 1777 2177 2456 3136 3543 3870 4292 4656 4960 5303 5516 5372 3630 3675 3486 3180 2994 2639 2358 2248 2066 2017 1987 1936 1520 1372 1066 735 726 875 1138 1370 1584 1848 2023 2256 2249 2550 3195 3065 3172 3337 3472 3504 5012 4885 4829 4811 4832 4966 5016 5082 5218 5415 5571 5750 5978 6308 6383 6474 6478 6302 6349 6395 3236 3141 3470 3741 3856 3991 3851 3708 3252 2878 2648 2431 2161 1684 1393 1039 897 846 349 3526 3485 3319 3087 3099 3278 3312 3519 3640 3783 5363 5514 5278 4967 4665 4274 3872 3797 3102 2433 2164 1753 1422 1213 1029 516 386 27 1211 1568 1940 2605 3084 3240 3497 3649 3669 3552 3244 3236 3624 4231 4461 4739 5404 5219 5079 5000 4967 4834 4799 4824 4885 5012 5364 3144 2506 2260 2187 2017 1845 1581 1356 1110 842 745 1035 1354 1551 1872 1974 2017 2061 2254 2394 2657 2952 3169 3475 6406 6357 6308 6342 6641 6486 6388 6251 5966 5734 5525 3622 3515 3310 3256 899 850 867 1080 1382 1703 2171 2351 2637 2934 3252 3702 3817 3984 3848 3716 3437 3317 3286 7579 7242 6929 6615 6319 6166 5930 5647 5518 5402 5129 5319 5216 5377 5666 6009 5634 5636 5482 5218 4986 4750 4466 4346 4020 4062 3959 3812 3967 3970 3824 2483 2364 2323 2303 1575 1314 1104 847 662 417 1105 1373 1449 1537 1641 1852 2072 2491 2607 2709 2911 3160 3206 3672 3972 3817 3955 
5105 4808 4497 3952 3565 3650 3958 4013 3996 3853 3584 3409 2901 2217 1834 1569 349 0 214 554 872 967 1136 1449 1836 2111 2787 3194 3521 3943 4307 4611 4954 5169 5027 3554 3607 3419 3122 2944 2599 2339 2237 2049 1968 1901 1830 1403 1249 924 551 483 542 789 1026 1252 1524 1705 1945 1956 2243 2883 2729 2829 2994 3125 3155 4669 4547 4499 4488 4517 4668 4726 4801 4953 5168 5229 5411 5636 5970 6041 6129 6132 5954 6000 6046 3564 3458 3777 4044 4147 4273 4111 3964 3507 3134 2908 2694 2432 1933 1609 1308 1206 1191 0 3177 3138 2976 2745 2763 2946 2999 3208 3354 3510 5018 5168 4930 4618 4316 3925 3524 3448 2753 2089 1823 1426 1123 957 861 258 43 376 1553 1911 2286 2950 3427 3579 3838 3995 4017 3901 3593 3580 3969 4572 4802 5079 5157 4954 4798 4708 4669 4520 4476 4493 4546 4668 5020 2832 2201 1968 1874 1700 1522 1250 1012 761 515 524 902 1238 1442 1771 1894 1969 2043 2243 2375 2617 2904 3112 3409 6057 6009 5960 5996 6295 6142 6046 5914 5625 5395 5183 3334 3203 2998 2924 1241 1194 1193 1340 1601 1957 2441 2617 2897 3190 3508 3959 4079 4266 4140 4022 3744 3638 3611 7291 6955 6642 6328 6027 5868 5627 5349 5213 5091 4817 5001 4888 5049 5338 5679 5300 5298 5141 4878 4646 4411 4125 4002 3677 3717 3611 3465 3620 3621 3478 2138 2015 1984 1976 1247 1002 813 583 439 157 977 1259 1395 1516 1659 1881 2077 2436 2519 2582 2777 3064 3141 3605 3897 3697 3800 
5137 4843 4532 3999 3610 3722 4030 4099 4098 3968 3705 3519 3006 2322 1947 1686 467 214 0 342 658 772 969 1315 1727 2013 2708 3123 3457 3881 4248 4540 4895 5127 4993 3343 3397 3209 2914 2737 2395 2141 2041 1851 1764 1691 1618 1190 1037 711 337 275 429 745 1017 1272 1556 1744 1991 2024 2292 2922 2725 2805 2969 3081 3096 4641 4532 4503 4506 4548 4720 4786 4870 5037 5267 5207 5394 5612 5955 6015 6093 6089 5903 5943 5979 3573 3452 3756 4018 4107 4222 4042 3892 3435 3064 2842 2634 2379 1868 1525 1270 1211 1253 214 3113 3097 2952 2725 2761 2951 3037 3248 3422 3590 4985 5124 4870 4547 4257 3863 3462 3391 2674 1990 1714 1291 955 760 647 50 227 493 1671 2025 2392 3056 3538 3700 3954 4097 4103 3973 3665 3625 4016 4608 4837 5112 5256 5039 4867 4766 4721 4551 4494 4498 4531 4640 4987 2871 2253 2037 1919 1739 1555 1272 1003 714 390 312 690 1027 1230 1560 1684 1766 1845 2047 2176 2413 2698 2905 3199 5988 5951 5910 5955 6255 6108 6020 5901 5601 5378 5158 3401 3242 3036 2929 1360 1255 1219 1294 1519 1895 2388 2559 2833 3119 3437 3887 4012 4215 4100 3999 3723 3636 3614 7116 6780 6467 6153 5855 5701 5463 5181 5051 4935 4662 4852 4752 4913 5202 5546 5173 5179 5030 4763 4531 4295 4014 3899 3572 3620 3525 3374 3532 3544 3440 2042 1949 1978 1996 1277 1063 910 718 612 355 766 1047 1193 1321 1475 1698 1886 2230 2308 2368 2563 2852 2932 3395 3686 3483 3586 
5144 4856 4548 4036 3646 3802 4109 4198 4223 4115 3864 3661 3144 2469 2112 1861 720 554 342 0 339 544 809 1212 1657 1958 2675 3100 3441 3867 4236 4507 4882 5139 5020 3001 3055 2866 2573 2396 2057 1808 1711 1521 1426 1348 1276 848 695 370 39 171 499 855 1150 1430 1719 1911 2163 2225 2463 3071 2813 2861 3024 3102 3092 4678 4592 4591 4616 4677 4878 4956 5053 5239 5489 5250 5446 5653 6010 6052 6114 6098 5899 5928 5948 3553 3406 3686 3938 4003 4103 3894 3740 3287 2921 2709 2510 2273 1751 1386 1223 1236 1363 554 3102 3123 3007 2789 2852 3050 3184 3396 3609 3792 5012 5135 4855 4515 4246 3850 3451 3389 2641 1935 1644 1186 793 527 313 307 569 741 1848 2190 2537 3196 3682 3859 4102 4225 4203 4051 3745 3662 4053 4623 4851 5121 5478 5242 5050 4933 4880 4679 4602 4587 4590 4676 5015 3021 2428 2239 2090 1907 1718 1433 1135 823 457 118 347 684 888 1217 1342 1428 1515 1717 1843 2075 2357 2563 2857 5954 5935 5907 5968 6268 6131 6057 5959 5642 5431 5198 3586 3388 3183 3029 1547 1362 1275 1232 1384 1783 2281 2442 2701 2976 3289 3736 3866 4095 3997 3923 3654 3597 3585 6884 6548 6236 5921 5630 5486 5256 4966 4848 4745 4474 4674 4601 4762 5049 5399 5038 5060 4925 4652 4419 4184 3913 3814 3485 3547 3473 3311 3474 3508 3469 1989 1951 2076 2132 1446 1282 1172 1021 943 697 423 704 859 997 1166 1390 1563 1889 1965 2029 2226 2509 2590 3052 3343 3144 3256 
5338 5057 4752 4258 3869 4055 4359 4462 4503 4407 4162 3951 3434 2766 2420 2175 1060 872 658 339 0 303 602 1025 1481 1786 2509 2940 3284 3708 4076 4328 4718 4997 4892 2714 2773 2587 2303 2134 1810 1588 1502 1314 1189 1077 988 566 419 151 328 397 612 918 1202 1489 1769 1960 2211 2303 2505 3080 2762 2779 2936 2983 2948 4561 4497 4524 4570 4651 4883 4974 5084 5293 5566 5137 5341 5535 5904 5930 5976 5949 5739 5759 5764 3733 3566 3822 4063 4105 4188 3949 3793 3347 2992 2792 2607 2391 1872 1499 1425 1487 1655 872 2952 3007 2921 2714 2802 3007 3189 3401 3653 3853 4884 4991 4690 4336 4086 3691 3297 3244 2476 1764 1469 999 585 284 68 614 879 1081 2163 2497 2834 3487 3972 4158 4395 4506 4466 4302 3997 3885 4275 4825 5052 5317 5555 5296 5081 4948 4886 4653 4556 4521 4494 4558 4889 3032 2474 2318 2139 1957 1770 1494 1188 891 584 348 170 421 614 936 1076 1193 1308 1509 1622 1827 2097 2294 2577 5769 5765 5749 5824 6123 5996 5935 5857 5525 5325 5082 3629 3390 3188 2987 1868 1653 1543 1422 1500 1907 2398 2545 2786 3045 3350 3789 3925 4180 4100 4053 3791 3761 3757 6562 6226 5914 5600 5312 5173 4947 4653 4542 4447 4177 4384 4328 4489 4774 5128 4776 4809 4685 4409 4176 3943 3680 3594 3265 3339 3283 3114 3279 3331 3352 1820 1834 2049 2142 1516 1410 1352 1254 1214 1001 208 440 667 832 1034 1249 1380 1632 1679 1716 1908 2212 2314 2771 3055 2831 2927 
5637 5354 5048 4549 4159 4333 4639 4735 4765 4659 4408 4205 3688 3013 2655 2403 1226 967 772 544 303 0 299 722 1178 1483 2206 2636 2981 3405 3772 4025 4414 4694 4590 2777 2844 2662 2396 2241 1941 1755 1682 1501 1350 1200 1090 717 604 445 514 500 536 744 999 1279 1548 1733 1981 2091 2267 2821 2479 2486 2642 2682 2645 4260 4200 4233 4286 4373 4618 4715 4832 5052 5339 4837 5041 5234 5604 5628 5673 5646 5436 5455 5462 4033 3869 4125 4367 4407 4488 4245 4088 3644 3291 3093 2910 2695 2175 1802 1718 1763 1906 967 2649 2707 2627 2424 2521 2727 2928 3139 3411 3620 4582 4688 4386 4034 3783 3387 2994 2940 2173 1460 1165 696 282 19 372 722 961 1251 2389 2733 3081 3740 4226 4404 4646 4767 4739 4582 4276 4175 4566 5122 5349 5615 5327 5056 4829 4687 4621 4376 4271 4231 4197 4257 4587 2775 2240 2106 1911 1732 1548 1286 986 723 528 484 470 620 770 1051 1205 1356 1495 1688 1786 1958 2207 2389 2653 5467 5462 5445 5521 5820 5693 5633 5557 5224 5026 4781 3386 3127 2928 2707 2086 1905 1811 1718 1804 2210 2702 2848 3087 3344 3648 4085 4221 4480 4403 4356 4094 4064 4058 6353 6017 5704 5390 5096 4948 4715 4428 4306 4201 3930 4130 4059 4220 4507 4858 4500 4526 4397 4123 3890 3655 3389 3298 2969 3041 2981 2813 2978 3028 3052 1516 1536 1780 1891 1313 1257 1248 1210 1219 1063 490 634 896 1069 1282 1485 1585 1755 1757 1739 1915 2262 2399 2842 3113 2840 2890 
5931 5648 5341 4838 4448 4612 4918 5007 5029 4914 4658 4462 3946 3266 2901 2643 1436 1136 969 809 602 299 0 422 879 1184 1906 2337 2682 3105 3473 3727 4115 4395 4292 2868 2942 2766 2520 2378 2105 1951 1889 1717 1550 1376 1255 941 854 742 775 723 617 671 860 1116 1361 1537 1776 1908 2051 2577 2207 2201 2355 2387 2347 3964 3908 3949 4009 4104 4363 4466 4590 4822 5123 4541 4747 4937 5309 5331 5374 5347 5137 5157 5165 4330 4167 4424 4666 4705 4785 4537 4380 3938 3587 3390 3208 2994 2474 2102 2010 2044 2167 1136 2350 2413 2341 2142 2249 2457 2681 2889 3184 3402 4284 4389 4087 3735 3484 3088 2694 2642 1873 1161 866 396 17 318 671 919 1119 1462 2629 2979 3335 3997 4482 4653 4901 5030 5012 4861 4554 4464 4855 5415 5642 5910 5111 4826 4587 4436 4366 4106 3994 3947 3905 3961 4289 2532 2028 1923 1709 1537 1363 1125 850 662 632 726 769 876 992 1229 1387 1557 1711 1895 1979 2120 2348 2514 2758 5170 5163 5146 5221 5521 5394 5335 5263 4927 4731 4484 3158 2877 2680 2437 2320 2167 2085 2012 2103 2510 3001 3147 3384 3639 3941 4377 4514 4776 4701 4656 4393 4362 4356 6154 5819 5505 5191 4890 4733 4494 4214 4082 3966 3693 3886 3798 3959 4247 4595 4231 4250 4115 3843 3610 3375 3105 3009 2679 2747 2684 2517 2682 2729 2757 1217 1245 1528 1662 1159 1166 1214 1241 1296 1200 784 887 1156 1329 1545 1738 1813 1915 1879 1811 1967 2347 2514 2941 3196 2879 2882 
6349 6064 5756 5248 4858 5009 5316 5398 5408 5283 5020 4833 4319 3636 3263 3002 1777 1449 1315 1212 1025 722 422 0 456 761 1484 1914 2259 2683 3050 3306 3693 3973 3872 3041 3123 2957 2741 2618 2381 2266 2217 2057 1878 1684 1557 1308 1245 1164 1175 1102 906 782 826 1002 1181 1329 1542 1706 1788 2255 1837 1808 1957 1973 1926 3547 3499 3552 3625 3732 4013 4126 4261 4512 4833 4124 4332 4519 4894 4911 4952 4924 4714 4734 4745 4750 4589 4847 5088 5126 5204 4951 4793 4354 4005 3810 3630 3416 2897 2524 2426 2448 2551 1449 1928 2000 1943 1755 1880 2089 2353 2556 2886 3118 3864 3967 3665 3314 3061 2665 2272 2220 1451 738 443 26 439 741 1094 1269 1424 1804 2986 3341 3706 4370 4853 5015 5269 5409 5403 5259 4952 4874 5265 5831 6058 6327 4821 4517 4258 4093 4016 3734 3609 3551 3495 3544 3870 2214 1773 1722 1483 1331 1184 1013 823 791 935 1116 1191 1270 1357 1545 1700 1886 2052 2223 2291 2395 2593 2736 2950 4750 4741 4723 4799 5098 4973 4916 4849 4509 4317 4067 2859 2542 2353 2070 2675 2552 2482 2429 2526 2932 3424 3569 3804 4057 4358 4790 4928 5195 5122 5078 4816 4783 4777 5886 5553 5239 4927 4617 4446 4198 3930 3782 3650 3375 3555 3439 3600 3890 4232 3858 3866 3721 3452 3219 2984 2707 2603 2274 2335 2265 2101 2264 2307 2342 794 845 1211 1385 1054 1166 1291 1399 1504 1479 1204 1278 1547 1718 1935 2116 2164 2191 2111 1986 2111 2523 2724 3122 3354 2983 2923 
6800 6513 6205 5692 5302 5442 5750 5825 5824 5689 5420 5242 4731 4047 3668 3404 2177 1836 1727 1657 1481 1178 879 456 0 305 1027 1458 1803 2226 2594 2852 3237 3518 3420 3281 3369 3215 3028 2925 2722 2640 2603 2454 2268 2064 1935 1734 1684 1620 1619 1536 1302 1088 1009 1068 1139 1232 1391 1588 1583 1951 1469 1400 1540 1530 1472 3098 3060 3131 3220 3343 3652 3777 3925 4198 4544 3676 3886 4069 4447 4459 4497 4468 4258 4279 4292 5203 5044 5303 5544 5581 5657 5400 5242 4804 4458 4265 4085 3873 3353 2981 2877 2890 2977 1836 1473 1559 1528 1359 1512 1719 2037 2230 2602 2849 3412 3511 3209 2860 2605 2209 1816 1766 994 282 13 482 895 1197 1550 1683 1806 2204 3388 3745 4116 4781 5261 5415 5674 5824 5829 5693 5385 5318 5709 6280 6508 6777 4531 4204 3922 3741 3656 3345 3203 3131 3056 3095 3417 1915 1579 1603 1347 1237 1143 1079 1013 1107 1337 1556 1647 1711 1780 1932 2082 2277 2449 2609 2663 2735 2904 3025 3209 4298 4286 4267 4343 4643 4518 4464 4403 4059 3871 3617 2574 2213 2037 1702 3076 2978 2919 2881 2982 3388 3880 4025 4259 4509 4808 5239 5378 5648 5577 5534 5272 5238 5231 5619 5290 4978 4670 4350 4163 3905 3656 3488 3336 3062 3223 3071 3232 3521 3854 3469 3462 3305 3041 2809 2574 2289 2172 1845 1896 1815 1655 1817 1853 1898 338 461 964 1185 1121 1324 1507 1674 1813 1841 1659 1718 1985 2152 2368 2540 2568 2535 2422 2250 2344 2774 3003 3368 3575 3157 3035 
7102 6815 6507 5991 5600 5734 6042 6113 6106 5965 5693 5521 5011 4327 3945 3681 2456 2111 2013 1958 1786 1483 1184 761 305 0 722 1153 1498 1921 2289 2549 2932 3214 3118 3464 3555 3409 3241 3149 2967 2903 2872 2729 2540 2332 2204 2026 1982 1925 1920 1833 1585 1342 1216 1211 1212 1261 1370 1581 1510 1785 1257 1150 1278 1240 1171 2800 2770 2856 2958 3094 3424 3558 3716 4005 4367 3378 3589 3769 4149 4158 4193 4163 3953 3974 3989 5507 5349 5609 5849 5885 5960 5700 5542 5106 4760 4568 4389 4178 3659 3286 3179 3188 3266 2111 1169 1271 1267 1122 1299 1500 1860 2041 2443 2699 3110 3207 2904 2557 2299 1904 1511 1462 689 23 317 787 1201 1502 1855 1971 2079 2483 3664 4022 4396 5061 5539 5688 5949 6105 6117 5985 5677 5616 6008 6581 6809 7079 4355 4012 3713 3520 3428 3096 2941 2856 2766 2796 3116 1755 1515 1594 1340 1267 1216 1222 1222 1365 1622 1855 1952 2010 2070 2206 2352 2549 2724 2877 2924 2978 3131 3239 3404 3996 3981 3962 4039 4338 4214 4162 4107 3759 3574 3318 2415 2022 1861 1485 3352 3268 3214 3185 3287 3694 4185 4329 4563 4812 5110 5539 5678 5951 5881 5839 5578 5543 5535 5454 5128 4818 4514 4188 3991 3727 3492 3310 3144 2872 3018 2839 2998 3286 3611 3218 3198 3032 2773 2543 2309 2018 1891 1566 1607 1516 1360 1520 1550 1605 33 332 896 1139 1261 1501 1706 1898 2051 2105 1963 2015 2281 2447 2662 2829 2846 2782 2652 2458 2533 2968 3211 3555 3745 3303 3143 
7818 7530 7221 6700 6310 6430 6738 6800 6781 6628 6352 6190 5685 5002 4617 4351 3136 2787 2708 2675 2509 2206 1906 1484 1027 722 0 430 776 1198 1566 1834 2210 2494 2406 3960 4055 3927 3797 3727 3584 3553 3532 3401 3209 2997 2870 2728 2694 2647 2636 2543 2279 2001 1819 1726 1616 1580 1574 1784 1576 1568 976 742 789 613 473 2101 2101 2236 2380 2554 2940 3098 3281 3609 4010 2677 2894 3061 3450 3446 3473 3441 3230 3254 3275 6226 6071 6331 6572 6606 6678 6414 6255 5822 5479 5289 5111 4900 4381 4008 3897 3898 3961 2787 458 654 789 778 1005 1149 1602 1730 2193 2459 2398 2487 2182 1842 1577 1181 791 751 34 745 1040 1509 1923 2225 2578 2668 2752 3163 4334 4693 5071 5734 6207 6346 6612 6779 6805 6681 6373 6326 6717 7296 7524 7795 3998 3617 3278 3053 2945 2555 2361 2238 2096 2096 2405 1557 1603 1793 1578 1588 1621 1736 1829 2028 2318 2569 2675 2723 2771 2879 3019 3219 3397 3538 3571 3594 3715 3796 3923 3283 3260 3239 3317 3616 3495 3450 3411 3052 2879 2614 2164 1707 1604 1144 4024 3963 3920 3904 4010 4416 4907 5052 5283 5530 5826 6253 6393 6670 6602 6562 6300 6264 6256 5114 4801 4500 4211 3876 3653 3378 3189 2975 2774 2517 2612 2355 2505 2783 3079 2669 2612 2418 2179 1959 1735 1432 1268 973 964 826 700 841 836 943 689 780 1117 1335 1767 2045 2273 2499 2671 2763 2685 2727 2990 3153 3366 3524 3524 3406 3247 3016 3057 3493 3758 4055 4210 3726 3494 
8243 7954 7644 7120 6730 6842 7150 7207 7180 7021 6742 6586 6085 5403 5016 4751 3543 3194 3123 3100 2940 2636 2337 1914 1458 1153 430 0 345 768 1136 1417 1781 2064 1981 4299 4396 4276 4164 4104 3978 3960 3943 3817 3624 3410 3285 3155 3124 3078 3062 2966 2695 2405 2204 2082 1934 1866 1809 2005 1742 1566 1016 746 698 403 172 1686 1713 1886 2062 2262 2684 2856 3054 3404 3826 2259 2480 2638 3032 3020 3043 3010 2800 2827 2855 6653 6500 6762 7003 7037 7109 6843 6684 6252 5909 5719 5542 5331 4812 4439 4324 4319 4375 3194 107 444 708 823 1030 1102 1568 1649 2127 2388 1973 2056 1754 1424 1147 751 362 338 463 1176 1470 1940 2354 2655 3008 3085 3157 3570 4733 5092 5472 6133 6603 6736 7005 7178 7211 7093 6785 6746 7137 7719 7948 8220 3814 3413 3051 2808 2690 2264 2043 1891 1706 1681 1981 1570 1778 2011 1828 1874 1939 2090 2215 2433 2735 2994 3105 3152 3197 3296 3433 3634 3813 3948 3976 3987 4094 4164 4274 2865 2834 2809 2887 3185 3066 3024 2995 2629 2466 2195 2099 1625 1571 1106 4425 4377 4339 4331 4440 4847 5338 5482 5714 5960 6256 6682 6822 7100 7033 6993 6731 6693 6684 4971 4670 4378 4102 3765 3528 3251 3097 2866 2644 2406 2462 2152 2291 2554 2820 2404 2316 2100 1885 1682 1476 1178 984 758 682 481 440 516 436 600 1120 1178 1403 1587 2117 2403 2637 2874 3053 3161 3115 3156 3418 3580 3793 3947 3941 3803 3634 3390 3416 3849 4121 4397 4534 4034 3771 
