4
177
34 0 1 2 3 4 5 6 7 8 9 10 11 12 13 14 15 16 17 18 19 20 21 22 23 24 25 26 27 28 29 30 31 32 33
70 34 35 36 37 38 39 40 41 42 43 44 45 46 47 48 49 50 51 52 10 11 12 13 14 15 16 17 18 53 54 55 20 56 57 58 59 60 61 62 63 64 65 66 67 68 69 70 71 72 73 74 75 76 77 78 79 80 81 82 83 84 85 86 87 88 89 90 91 92 93
35 94 95 96 97 98 99 100 101 102 103 104 105 106 107 108 109 110 111 112 113 114 115 116 117 118 119 120 121 122 123 124 125 126 127 128
71 129 130 131 132 133 134 135 2 3 4 136 5 6 137 138 139 140 141 142 143 144 145 146 147 148 149 150 151 152 153 13 14 154 15 16 17 18 19 20 56 57 58 155 156 157 158 159 160 161 112 113 64 65 66 67 68 162 163 164 165 166 167 168 169 170 171 172 173 174 175 176
1800 1800 1200 2700 
0 432 460 345 398 550 942 1162 1460 1856 2193 2601 2685 2727 2819 2852 2766 3024 3319 3816 4053 4805 5145 5382 5735 5901 5863 5533 5485 5653 5742 5956 6103 6247 3988 4425 4081 4039 3794 4008 4042 3854 3556 3430 3201 2736 2491 2199 2242 2493 2570 2334 2278 3598 3760 3954 4289 4261 4240 4253 4208 4258 4382 4463 4276 4131 4288 4378 4523 5207 5467 5826 6230 6050 5999 5907 5625 5591 5787 6189 6498 6491 6499 6743 6951 7159 7534 7647 7955 8027 8063 8113 8373 8647 9267 9017 8733 8312 7937 8195 8491 8622 8692 8611 8372 8155 7639 6976 6629 6381 5195 4895 4729 4519 4210 3979 3761 3472 3195 3033 2749 2681 2688 2682 2743 2542 2911 3356 3489 2424 2095 1784 1480 1155 973 736 365 975 1079 1380 1321 1547 1693 1533 1492 1503 1669 1869 1946 2074 2306 2254 2253 2458 3127 4293 4518 4702 4855 4974 4944 4895 4552 4400 4284 4218 3961 3698 3380 3247 3509 3791 3771 3774 3718 3201 2761 
432 0 53 273 523 742 1171 1429 1745 2175 2529 2943 3038 3112 3207 3257 3191 3457 3751 4246 4482 5233 5573 5809 6161 6333 6294 5965 5917 6085 6173 6387 6535 6679 4026 4448 4143 4112 3889 4118 4181 4005 3708 3567 3310 2750 2548 2293 2385 2648 2753 2591 2570 4029 4191 4384 4719 4692 4672 4685 4638 4684 4801 4873 4672 4516 4663 4746 4882 5562 5838 6189 6582 6396 6336 6226 5945 5905 6095 6499 6807 6782 6779 7020 7225 7431 7804 7900 8201 8287 8332 8392 8671 8953 9611 9366 9085 8676 8304 8574 8867 9004 9081 9007 8770 8550 8035 7376 7033 6787 5609 5313 5144 4927 4613 4389 4177 3896 3626 3466 3172 3088 3073 3034 3060 2824 3159 3595 3748 1993 1664 1352 1048 723 560 376 691 1146 1141 1352 1425 1671 1865 1761 1770 1825 2028 2234 2341 2461 2694 2655 2641 2841 3510 4725 4949 5132 5283 5400 5364 5313 4900 4736 4611 4537 4277 4012 3697 3550 3779 4052 4008 3992 3906 3409 2962 
460 53 0 255 507 726 1154 1414 1732 2166 2522 2937 3035 3115 3211 3266 3207 3482 3775 4267 4502 5252 5592 5827 6178 6355 6316 5987 5942 6112 6202 6416 6563 6706 3982 4403 4101 4072 3850 4080 4146 3971 3675 3533 3273 2705 2507 2255 2353 2616 2725 2571 2556 4051 4212 4406 4739 4714 4696 4712 4668 4717 4837 4912 4714 4559 4708 4792 4929 5609 5884 6236 6629 6444 6385 6276 5995 5955 6146 6550 6858 6834 6832 7072 7278 7484 7857 7954 8254 8340 8385 8445 8723 9005 9660 9415 9133 8723 8350 8618 8912 9048 9125 9049 8812 8592 8077 7417 7074 6827 5647 5349 5181 4966 4653 4428 4214 3930 3656 3492 3189 3097 3077 3030 3050 2808 3138 3572 3728 1963 1636 1326 1025 696 520 324 694 1121 1105 1307 1391 1638 1836 1740 1755 1817 2026 2233 2348 2465 2698 2662 2646 2843 3512 4752 4978 5162 5314 5433 5400 5349 4948 4785 4660 4587 4327 4063 3747 3601 3831 4105 4061 4045 3960 3463 3016 
345 273 255 0 252 471 899 1159 1477 1912 2269 2685 2784 2872 2970 3033 2995 3299 3584 4064 4297 5045 5385 5616 5965 6157 6118 5791 5752 5930 6033 6245 6387 6526 3789 4217 3899 3865 3636 3861 3918 3740 3443 3304 3053 2519 2302 2037 2120 2381 2483 2318 2301 3854 4013 4207 4536 4517 4506 4533 4501 4563 4699 4788 4612 4470 4630 4722 4868 5552 5810 6170 6575 6395 6344 6251 5969 5934 6130 6532 6841 6831 6837 7080 7288 7495 7870 7979 8285 8361 8399 8452 8714 8990 9612 9362 9077 8656 8280 8536 8832 8962 9029 8946 8704 8489 7973 7308 6959 6709 5518 5213 5051 4848 4542 4306 4082 3782 3488 3310 2975 2866 2835 2779 2795 2553 2886 3322 3475 2147 1828 1525 1238 901 681 417 460 873 885 1128 1163 1406 1594 1488 1500 1564 1778 1986 2113 2225 2458 2429 2406 2601 3269 4572 4805 4995 5155 5280 5257 5213 4897 4745 4629 4562 4304 4041 3723 3588 3843 4124 4096 4093 4026 3516 3073 
398 523 507 252 0 219 648 907 1225 1661 2020 2437 2538 2637 2736 2810 2795 3131 3408 3873 4103 4848 5188 5414 5760 5969 5929 5605 5573 5760 5876 6084 6222 6357 3603 4037 3703 3664 3426 3647 3694 3513 3215 3081 2838 2344 2108 1828 1893 2151 2246 2067 2049 3669 3826 4019 4343 4331 4328 4366 4348 4424 4575 4681 4527 4398 4570 4669 4823 5511 5751 6119 6535 6361 6318 6240 5958 5929 6129 6528 6837 6842 6856 7102 7311 7519 7896 8017 8327 8393 8424 8470 8717 8986 9576 9321 9033 8600 8221 8465 8763 8887 8945 8854 8608 8398 7881 7212 6857 6604 5402 5091 4935 4745 4447 4201 3966 3650 3336 3144 2774 2644 2600 2532 2543 2301 2637 3074 3225 2340 2030 1734 1459 1123 884 607 274 632 689 981 948 1184 1357 1239 1248 1315 1537 1746 1887 1993 2225 2205 2175 2365 3031 4404 4644 4840 5009 5139 5129 5091 4864 4722 4615 4556 4300 4040 3721 3597 3876 4162 4150 4158 4109 3589 3152 
550 742 726 471 219 0 429 688 1006 1446 1806 2223 2327 2439 2539 2625 2635 3003 3269 3720 3946 4687 5026 5248 5591 5816 5775 5454 5429 5624 5752 5958 6091 6221 3440 3880 3531 3489 3244 3460 3498 3314 3015 2886 2652 2197 1944 1649 1697 1951 2039 1849 1829 3522 3676 3868 4187 4183 4186 4236 4230 4320 4486 4605 4473 4356 4538 4644 4805 5494 5719 6092 6518 6349 6313 6249 5967 5942 6146 6542 6851 6868 6889 7137 7348 7557 7934 8065 8379 8437 8462 8502 8736 8999 9559 9301 9010 8567 8186 8418 8719 8836 8886 8788 8538 8333 7816 7143 6784 6529 5319 5001 4852 4674 4384 4130 3886 3555 3223 3018 2612 2462 2402 2322 2325 2081 2419 2858 3007 2510 2208 1919 1655 1321 1073 796 254 429 548 884 772 997 1153 1023 1029 1101 1334 1544 1703 1801 2032 2022 1982 2168 2830 4273 4520 4720 4897 5033 5033 5001 4856 4723 4624 4571 4319 4062 3742 3629 3926 4216 4218 4236 4202 3675 3244 
942 1171 1154 899 648 429 0 271 589 1041 1408 1825 1937 2086 2190 2307 2381 2820 3061 3472 3688 4417 4753 4965 5299 5561 5518 5205 5195 5407 5562 5761 5883 6004 3115 3563 3187 3137 2878 3084 3105 2915 2616 2496 2280 1916 1629 1308 1313 1556 1628 1419 1406 3292 3437 3627 3931 3942 3963 4038 4061 4179 4375 4524 4435 4344 4544 4662 4836 5524 5717 6102 6544 6385 6363 6326 6045 6030 6240 6629 6937 6976 7012 7262 7475 7684 8063 8212 8533 8575 8588 8618 8826 9077 9579 9314 9018 8557 8172 8382 8685 8790 8824 8713 8455 8260 7744 7065 6697 6438 5216 4888 4752 4601 4328 4059 3798 3439 3071 2839 2355 2152 2052 1930 1909 1654 1990 2430 2578 2841 2556 2282 2038 1710 1453 1184 583 161 450 799 497 659 757 596 606 714 983 1190 1401 1473 1696 1715 1650 1819 2467 4074 4332 4543 4736 4883 4907 4888 4906 4792 4709 4669 4424 4175 3858 3764 4094 4388 4415 4449 4441 3906 3489 
1162 1429 1414 1159 907 688 271 0 319 770 1137 1553 1667 1825 1930 2060 2165 2638 2864 3253 3464 4186 4519 4726 5057 5334 5290 4981 4979 5198 5367 5562 5678 5794 3015 3467 3068 3009 2737 2930 2930 2734 2436 2329 2138 1871 1559 1221 1170 1392 1437 1174 1141 3083 3223 3410 3707 3726 3754 3842 3881 4013 4225 4390 4328 4253 4463 4588 4769 5454 5627 6017 6468 6317 6303 6282 6003 5994 6207 6591 6898 6952 6996 7248 7461 7671 8050 8211 8535 8567 8573 8595 8786 9030 9496 9227 8928 8457 8070 8266 8570 8669 8693 8574 8312 8123 7608 6927 6555 6294 5068 4735 4607 4472 4211 3934 3664 3291 2906 2659 2137 1909 1792 1659 1640 1395 1749 2194 2331 3105 2824 2552 2310 1982 1724 1456 797 385 647 951 566 626 623 389 341 448 731 935 1170 1226 1445 1477 1401 1561 2203 3877 4141 4357 4557 4710 4747 4735 4850 4749 4676 4644 4405 4162 3849 3769 4117 4413 4456 4502 4512 3974 3569 
1460 1745 1732 1477 1225 1006 589 319 0 458 826 1240 1359 1545 1652 1806 1965 2488 2688 3041 3242 3950 4280 4479 4802 5104 5059 4757 4765 4996 5183 5372 5481 5589 2880 3335 2910 2842 2556 2732 2707 2505 2211 2120 1963 1821 1488 1144 1023 1206 1212 879 825 2886 3018 3201 3484 3515 3556 3663 3723 3875 4109 4294 4267 4212 4434 4567 4755 5434 5583 5978 6439 6297 6294 6294 6017 6014 6232 6608 6913 6984 7038 7291 7505 7715 8094 8268 8596 8616 8613 8627 8798 9032 9453 9179 8878 8394 8006 8184 8490 8579 8592 8463 8196 8015 7502 6818 6442 6179 4951 4612 4496 4382 4137 3851 3572 3183 2776 2511 1935 1665 1514 1351 1321 1083 1456 1904 2029 3404 3130 2862 2625 2299 2040 1773 1097 682 907 1155 739 686 552 272 47 202 502 680 963 986 1188 1248 1149 1288 1911 3696 3967 4189 4400 4560 4614 4612 4850 4765 4705 4682 4451 4217 3910 3845 4213 4509 4570 4629 4658 4118 3728 
1856 2175 2166 1912 1661 1446 1041 770 458 0 368 783 901 1109 1217 1400 1632 2214 2376 2676 2863 3551 3876 4065 4381 4708 4662 4368 4390 4633 4843 5024 5122 5222 2868 3318 2859 2776 2473 2614 2541 2330 2051 1997 1909 1968 1625 1303 1093 1183 1111 624 452 2543 2663 2839 3103 3148 3205 3335 3423 3602 3862 4074 4094 4068 4304 4448 4646 5312 5424 5826 6299 6170 6182 6210 5937 5945 6166 6531 6832 6927 6996 7250 7464 7673 8050 8244 8577 8578 8564 8565 8707 8927 9286 9006 8701 8202 7812 7966 8273 8350 8347 8205 7933 7762 7253 6569 6187 5922 4697 4353 4252 4169 3948 3653 3364 2957 2525 2241 1600 1276 1081 892 887 724 1155 1598 1683 3862 3588 3320 3080 2752 2495 2225 1503 1140 1358 1575 1159 1044 825 621 454 353 328 355 684 638 795 900 767 867 1461 3365 3645 3873 4096 4265 4342 4353 4760 4696 4655 4646 4428 4209 3914 3873 4265 4560 4646 4723 4781 4244 3880 
2193 2529 2522 2269 2020 1806 1408 1137 826 368 0 417 533 780 887 1107 1420 2046 2166 2408 2580 3244 3563 3743 4051 4402 4355 4069 4103 4358 4586 4760 4849 4940 2907 3347 2867 2774 2463 2572 2458 2244 1988 1968 1941 2147 1810 1518 1270 1286 1159 617 353 2299 2406 2572 2816 2876 2947 3099 3213 3413 3696 3930 3992 3990 4237 4388 4593 5244 5326 5730 6212 6094 6119 6170 5902 5918 6142 6496 6792 6906 6987 7241 7454 7662 8037 8246 8582 8569 8545 8536 8654 8862 9169 8884 8577 8066 7676 7809 8117 8184 8167 8015 7738 7577 7072 6388 6003 5738 4520 4172 4087 4030 3833 3533 3237 2820 2373 2076 1386 1009 758 524 565 550 1001 1411 1447 4230 3956 3688 3446 3117 2861 2591 1848 1508 1722 1924 1512 1374 1132 968 821 705 545 401 637 511 561 719 556 575 1107 3126 3411 3644 3877 4053 4149 4172 4721 4677 4651 4654 4448 4242 3959 3938 4345 4636 4742 4832 4912 4380 4039 
2601 2943 2937 2685 2437 2223 1825 1553 1240 783 417 0 151 535 623 904 1328 1983 2041 2193 2337 2956 3262 3425 3719 4107 4058 3787 3839 4109 4365 4527 4602 4680 2948 3369 2874 2771 2458 2527 2369 2159 1938 1959 2001 2357 2035 1783 1512 1457 1288 792 565 2122 2206 2355 2564 2644 2737 2918 3066 3295 3602 3862 3974 4002 4258 4417 4627 5257 5302 5709 6198 6093 6133 6210 5950 5975 6200 6540 6830 6966 7059 7312 7524 7730 8102 8327 8666 8638 8602 8581 8672 8866 9111 8822 8512 7988 7598 7706 8014 8067 8034 7869 7587 7438 6939 6259 5871 5606 4405 4056 3990 3968 3802 3498 3199 2777 2321 2016 1294 868 535 135 285 562 916 1237 1205 4639 4369 4103 3863 3535 3278 3008 2260 1922 2128 2309 1904 1745 1491 1361 1233 1122 935 752 859 695 587 773 619 483 754 2941 3230 3467 3712 3896 4018 4056 4771 4748 4740 4756 4565 4374 4107 4105 4525 4811 4935 5038 5139 4616 4298 
2685 3038 3035 2784 2538 2327 1937 1667 1359 901 533 151 0 401 481 770 1214 1871 1914 2048 2188 2804 3110 3274 3568 3955 3906 3636 3688 3959 4218 4378 4452 4529 3076 3492 2994 2889 2578 2637 2468 2260 2049 2080 2135 2507 2186 1935 1663 1606 1435 943 716 1984 2063 2210 2414 2497 2592 2777 2931 3165 3477 3742 3866 3902 4161 4321 4533 5156 5192 5598 6089 5988 6031 6116 5857 5885 6111 6447 6734 6877 6973 7226 7438 7643 8013 8243 8583 8550 8511 8487 8570 8760 8990 8700 8390 7862 7473 7576 7883 7934 7898 7731 7448 7301 6804 6125 5736 5472 4274 3925 3863 3850 3691 3387 3088 2665 2209 1904 1181 751 408 18 385 707 1032 1321 1263 4763 4489 4219 3974 3644 3389 3117 2351 2041 2255 2446 2038 1886 1634 1495 1354 1227 1015 818 868 703 548 726 590 414 604 2800 3089 3326 3573 3758 3884 3925 4681 4665 4662 4682 4496 4312 4050 4056 4479 4762 4894 5001 5111 4592 4286 
2727 3112 3115 2872 2637 2439 2086 1825 1545 1109 780 535 401 0 108 369 823 1478 1512 1663 1817 2465 2783 2963 3274 3622 3575 3292 3332 3594 3840 4006 4087 4172 3477 3893 3395 3290 2979 3034 2858 2652 2448 2481 2535 2877 2549 2278 2016 1983 1820 1308 1058 1587 1672 1826 2049 2120 2207 2383 2531 2763 3076 3342 3475 3519 3780 3943 4156 4770 4797 5204 5696 5598 5644 5737 5482 5513 5739 6069 6354 6504 6606 6858 7069 7273 7642 7878 8218 8179 8136 8108 8183 8370 8590 8299 7989 7461 7071 7174 7482 7533 7499 7333 7051 6902 6405 5725 5337 5072 3872 3524 3462 3451 3297 2994 2694 2272 1816 1511 791 362 40 419 786 1097 1434 1702 1618 4927 4638 4356 4094 3759 3512 3235 2421 2210 2452 2684 2268 2147 1911 1730 1552 1377 1107 897 790 652 422 524 476 271 400 2407 2695 2932 3177 3361 3484 3524 4310 4302 4307 4333 4157 3982 3732 3751 4181 4458 4603 4720 4847 4339 4057 
2819 3207 3211 2970 2736 2539 2190 1930 1652 1217 887 623 481 108 0 297 781 1429 1443 1569 1718 2360 2676 2855 3166 3516 3469 3188 3229 3494 3743 3907 3986 4070 3553 3965 3465 3359 3048 3096 2913 2709 2512 2552 2616 2974 2648 2381 2117 2078 1912 1405 1159 1502 1582 1732 1948 2023 2114 2295 2451 2689 3007 3279 3424 3476 3739 3903 4117 4725 4742 5148 5642 5547 5598 5697 5444 5477 5703 6029 6312 6468 6573 6824 7035 7238 7606 7846 8187 8143 8097 8067 8134 8318 8523 8232 7922 7391 7001 7099 7406 7455 7417 7249 6966 6820 6324 5645 5256 4992 3797 3448 3391 3389 3244 2940 2642 2220 1766 1462 751 338 138 499 859 1186 1505 1753 1656 5031 4741 4457 4194 3858 3612 3336 2517 2315 2559 2792 2376 2255 2019 1838 1659 1483 1209 1000 876 746 513 592 566 371 318 2318 2607 2845 3092 3277 3405 3448 4275 4273 4283 4313 4141 3972 3728 3753 4185 4459 4609 4730 4863 4359 4086 
2852 3257 3266 3033 2810 2625 2307 2060 1806 1400 1107 904 770 369 297 0 500 1137 1147 1305 1472 2151 2477 2673 2998 3308 3262 2969 2996 3250 3484 3654 3741 3833 3845 4259 3760 3654 3344 3393 3210 3006 2809 2847 2904 3234 2903 2623 2366 2345 2186 1667 1411 1218 1309 1469 1709 1769 1847 2016 2162 2395 2711 2982 3130 3186 3450 3615 3830 4433 4446 4852 5346 5253 5305 5408 5157 5192 5418 5741 6023 6182 6290 6540 6751 6953 7320 7563 7905 7858 7809 7777 7841 8023 8227 7935 7625 7095 6706 6806 7113 7164 7129 6964 6683 6533 6035 5355 4967 4702 3504 3155 3096 3092 2948 2645 2347 1926 1472 1171 473 172 371 788 1152 1465 1800 2049 1947 5133 4834 4543 4268 3932 3693 3416 2574 2443 2702 2960 2543 2444 2221 2017 1820 1621 1328 1128 922 834 617 604 659 536 476 2041 2329 2565 2809 2992 3115 3155 3991 3995 4011 4045 3879 3718 3483 3518 3952 4221 4381 4508 4653 4159 3906 
2766 3191 3207 2995 2795 2635 2381 2165 1965 1632 1420 1328 1214 823 781 500 0 656 747 1091 1311 2053 2392 2621 2971 3184 3142 2825 2814 3034 3219 3407 3517 3630 4272 4697 4202 4099 3786 3851 3681 3474 3263 3287 3317 3565 3226 2921 2685 2703 2564 2026 1761 921 1058 1246 1553 1561 1592 1704 1795 1994 2284 2535 2652 2696 2958 3122 3336 3947 3977 4383 4875 4775 4821 4916 4662 4696 4922 5248 5532 5687 5792 6043 6254 6457 6824 7065 7406 7362 7316 7286 7359 7547 7785 7496 7187 6666 6276 6396 6704 6766 6747 6595 6318 6156 5652 4968 4583 4318 3102 2753 2674 2641 2476 2173 1873 1451 994 689 34 463 808 1231 1599 1868 2243 2526 2437 5135 4822 4520 4230 3896 3673 3399 2537 2532 2810 3107 2698 2642 2450 2210 1990 1765 1462 1299 1002 996 860 732 874 870 967 1735 2013 2240 2466 2638 2729 2753 3494 3495 3510 3544 3381 3223 2994 3037 3473 3737 3904 4037 4193 3711 3482 
3024 3457 3482 3299 3131 3003 2820 2638 2488 2214 2046 1983 1871 1478 1429 1137 656 0 324 887 1130 1859 2190 2448 2813 2892 2857 2521 2461 2631 2749 2955 3090 3227 4923 5350 4856 4754 4442 4508 4336 4130 3920 3942 3964 4175 3833 3517 3294 3332 3202 2660 2394 635 803 985 1335 1266 1221 1234 1242 1390 1651 1886 1996 2049 2315 2481 2696 3296 3320 3727 4218 4119 4168 4272 4022 4061 4286 4605 4886 5049 5161 5411 5620 5821 6187 6435 6777 6725 6674 6640 6705 6891 7133 6846 6538 6021 5631 5763 6071 6141 6133 5991 5720 5548 5039 4354 3972 3708 2483 2138 2042 1989 1820 1516 1217 794 338 33 689 1120 1465 1888 2256 2517 2899 3180 3084 5444 5119 4809 4505 4179 3980 3716 2860 2979 3266 3590 3196 3175 3007 2749 2519 2285 1994 1864 1541 1579 1486 1331 1490 1518 1571 1273 1517 1723 1919 2074 2130 2138 2863 2880 2910 2957 2814 2683 2487 2561 2997 3241 3433 3582 3771 3327 3164 
3319 3751 3775 3584 3408 3269 3061 2864 2688 2376 2166 2041 1914 1512 1443 1147 747 324 0 564 806 1536 1868 2125 2490 2585 2548 2215 2167 2354 2502 2699 2824 2951 4990 5406 4907 4802 4491 4539 4350 4148 3956 3994 4042 4312 3973 3669 3433 3447 3302 2768 2503 311 479 661 1012 950 921 978 1048 1254 1564 1840 2027 2122 2392 2563 2780 3340 3320 3724 4221 4139 4203 4336 4097 4144 4369 4669 4941 5125 5249 5496 5702 5900 6260 6523 6865 6798 6736 6692 6729 6900 7080 6788 6478 5948 5559 5664 5972 6029 6004 5849 5571 5412 4909 4226 3840 3574 2364 2015 1949 1951 1834 1536 1245 845 461 332 780 1178 1507 1932 2298 2595 2946 3188 3069 5732 5409 5101 4800 4471 4266 3999 3139 3217 3502 3815 3412 3372 3188 2941 2716 2486 2187 2037 1726 1737 1607 1476 1621 1607 1521 1012 1279 1501 1720 1890 1985 2015 2962 3005 3055 3114 2993 2883 2711 2801 3233 3464 3668 3826 4028 3600 3456 
3816 4246 4267 4064 3873 3720 3472 3253 3041 2676 2408 2193 2048 1663 1569 1305 1091 887 564 0 245 992 1331 1579 1941 2096 2055 1735 1725 1957 2179 2351 2446 2548 5087 5482 4980 4868 4564 4581 4364 4173 4014 4078 4170 4539 4208 3927 3672 3646 3481 2970 2716 254 99 163 472 473 544 752 976 1270 1632 1957 2255 2408 2675 2848 3062 3551 3458 3852 4350 4296 4385 4562 4342 4404 4625 4893 5147 5364 5506 5746 5947 6138 6486 6771 7113 7021 6943 6881 6872 7017 7089 6791 6479 5929 5544 5600 5906 5937 5881 5702 5415 5280 4792 4121 3732 3470 2323 1984 1978 2076 2049 1780 1528 1211 964 896 1117 1403 1672 2066 2411 2755 3044 3214 3057 6211 5893 5588 5292 4960 4745 4474 3610 3623 3900 4191 3779 3709 3501 3276 3063 2844 2541 2365 2085 2057 1881 1793 1909 1833 1529 767 1055 1293 1550 1743 1912 1984 3262 3341 3417 3493 3402 3321 3180 3289 3713 3927 4145 4310 4527 4120 3997 
4053 4482 4502 4297 4103 3946 3688 3464 3242 2863 2580 2337 2188 1817 1718 1472 1311 1130 806 245 0 751 1091 1335 1697 1873 1830 1517 1526 1778 2031 2190 2270 2360 5191 5575 5073 4961 4660 4664 4437 4252 4107 4180 4289 4692 4366 4093 3833 3794 3623 3123 2875 495 328 185 243 314 459 726 1000 1309 1678 2013 2351 2525 2787 2959 3170 3625 3501 3888 4383 4342 4442 4636 4426 4494 4712 4965 5211 5442 5591 5827 6025 6213 6555 6849 7190 7088 7003 6933 6904 7038 7061 6761 6450 5892 5510 5544 5848 5869 5799 5611 5321 5196 4718 4055 3666 3408 2303 1976 1996 2132 2142 1891 1662 1385 1185 1139 1335 1587 1830 2206 2539 2895 3159 3299 3129 6442 6126 5822 5527 5194 4977 4705 3842 3837 4111 4395 3981 3902 3688 3471 3262 3047 2745 2562 2294 2255 2068 1994 2100 2008 1637 728 996 1227 1491 1688 1886 1976 3377 3470 3557 3640 3562 3495 3368 3485 3904 4110 4333 4503 4727 4330 4220 
4805 5233 5252 5045 4848 4687 4417 4186 3950 3551 3244 2956 2804 2465 2360 2151 2053 1859 1536 992 751 0 340 589 955 1157 1111 832 915 1223 1573 1675 1701 1747 5687 6045 5547 5431 5142 5115 4866 4696 4588 4683 4828 5305 4989 4737 4467 4402 4218 3748 3513 1230 1061 874 524 615 745 964 1257 1539 1870 2203 2631 2857 3096 3260 3454 3794 3582 3935 4413 4411 4540 4788 4610 4696 4902 5105 5321 5591 5762 5984 6171 6346 6667 6987 7323 7189 7081 6988 6897 6994 6873 6568 6260 5684 5315 5285 5580 5567 5458 5242 4946 4856 4409 3783 3408 3167 2244 1980 2078 2313 2429 2244 2088 1930 1851 1862 2075 2285 2485 2821 3122 3497 3704 3775 3576 7188 6874 6570 6277 5944 5725 5452 4589 4563 4833 5105 4689 4595 4370 4167 3967 3759 3459 3269 3017 2965 2764 2709 2801 2685 2213 932 1031 1170 1403 1582 1848 1980 3674 3809 3927 4029 3993 3968 3888 4028 4426 4603 4843 5023 5269 4912 4845 
5145 5573 5592 5385 5188 5026 4753 4519 4280 3876 3563 3262 3110 2783 2676 2477 2392 2190 1868 1331 1091 340 0 270 632 845 796 565 714 1038 1432 1493 1482 1498 5942 6288 5794 5677 5393 5355 5098 4935 4841 4944 5102 5602 5291 5045 4774 4699 4513 4053 3823 1566 1397 1207 860 931 1033 1206 1475 1728 2029 2348 2800 3042 3268 3426 3611 3899 3651 3985 4450 4465 4607 4876 4713 4805 5005 5185 5386 5672 5851 6067 6247 6416 6726 7057 7390 7242 7124 7021 6902 6982 6795 6489 6183 5603 5242 5181 5470 5442 5315 5086 4789 4715 4288 3686 3322 3094 2282 2057 2183 2451 2606 2449 2324 2207 2165 2193 2414 2615 2804 3127 3417 3796 3983 4031 3822 7528 7214 6910 6618 6284 6065 5791 4929 4898 5166 5435 5019 4920 4692 4494 4296 4091 3792 3599 3352 3297 3093 3042 3130 3008 2513 1169 1197 1280 1474 1631 1912 2057 3834 3985 4114 4223 4204 4196 4134 4283 4671 4835 5081 5265 5519 5179 5130 
5382 5809 5827 5616 5414 5248 4965 4726 4479 4065 3743 3425 3274 2963 2855 2673 2621 2448 2125 1579 1335 589 270 0 366 738 687 575 783 1096 1511 1532 1484 1464 6035 6370 5879 5762 5485 5434 5170 5015 4935 5046 5218 5748 5442 5207 4933 4846 4656 4211 3990 1819 1650 1463 1113 1196 1303 1475 1738 1983 2272 2585 3044 3291 3512 3667 3848 4112 3846 4169 4624 4650 4798 5078 4924 5019 5215 5382 5576 5869 6053 6265 6442 6606 6910 7247 7577 7422 7298 7189 7052 7121 6886 6580 6277 5693 5340 5255 5538 5498 5355 5117 4819 4761 4351 3771 3418 3201 2468 2265 2404 2684 2853 2706 2588 2477 2432 2452 2641 2817 2987 3289 3564 3947 4110 4130 3913 7755 7443 7141 6851 6516 6294 6019 5158 5107 5372 5632 5215 5109 4875 4685 4493 4293 3996 3800 3564 3500 3290 3250 3330 3198 2671 1437 1449 1513 1687 1831 2115 2265 4072 4229 4362 4474 4460 4457 4400 4550 4936 5096 5344 5529 5784 5448 5400 
5735 6161 6178 5965 5760 5591 5299 5057 4802 4381 4051 3719 3568 3274 3166 2998 2971 2813 2490 1941 1697 955 632 366 0 662 618 699 931 1195 1612 1581 1486 1416 6248 6567 6083 5965 5696 5631 5360 5214 5151 5271 5457 6018 5719 5495 5218 5120 4926 4498 4284 2184 2014 1828 1478 1562 1665 1824 2076 2305 2574 2875 3344 3599 3811 3961 4135 4359 4067 4372 4812 4852 5010 5305 5165 5265 5454 5602 5782 6088 6278 6483 6654 6813 7106 7451 7777 7610 7478 7360 7197 7249 6947 6642 6343 5758 5416 5297 5572 5514 5351 5100 4802 4766 4383 3838 3502 3303 2686 2516 2671 2968 3159 3029 2927 2833 2798 2817 2990 3148 3300 3583 3841 4227 4364 4355 4130 8100 7790 7490 7201 6866 6642 6366 5506 5439 5700 5953 5536 5422 5184 5002 4815 4619 4325 4126 3900 3830 3616 3584 3657 3517 2964 1786 1772 1807 1953 2077 2362 2516 4359 4525 4666 4781 4779 4785 4738 4893 5273 5426 5677 5863 6123 5796 5756 
5901 6333 6355 6157 5969 5816 5561 5334 5104 4708 4402 4107 3955 3622 3516 3308 3184 2892 2585 2096 1873 1157 845 738 662 0 51 371 503 626 1009 939 826 755 6768 7106 6615 6497 6218 6171 5908 5751 5668 5776 5940 6448 6136 5889 5618 5545 5358 4898 4667 2304 2144 1950 1630 1640 1672 1730 1908 2063 2258 2515 2998 3269 3452 3587 3741 3883 3553 3829 4248 4306 4475 4791 4672 4779 4958 5074 5236 5556 5755 5950 6112 6263 6543 6896 7217 7037 6896 6769 6585 6625 6291 5987 5689 5103 4766 4638 4912 4852 4688 4439 4141 4103 3722 3187 2860 2672 2189 2084 2267 2592 2834 2761 2723 2725 2798 2888 3208 3440 3643 3971 4262 4641 4825 4860 4647 8305 7986 7679 7381 7050 6839 6568 5705 5709 5982 6259 5844 5752 5528 5324 5121 4912 4611 4423 4164 4118 3920 3859 3956 3842 3359 1688 1568 1516 1580 1654 1926 2084 3964 4153 4310 4435 4465 4506 4501 4672 5022 5145 5405 5597 5873 5594 5604 
5863 6294 6316 6118 5929 5775 5518 5290 5059 4662 4355 4058 3906 3575 3469 3262 3142 2857 2548 2055 1830 1111 796 687 618 51 0 340 492 642 1035 974 868 803 6717 7055 6563 6446 6167 6119 5857 5700 5616 5724 5889 6398 6087 5841 5570 5495 5308 4849 4619 2265 2104 1911 1588 1602 1637 1703 1887 2049 2251 2513 2994 3265 3450 3587 3744 3894 3569 3848 4271 4326 4493 4807 4685 4792 4972 5092 5257 5575 5773 5969 6133 6284 6566 6918 7240 7061 6922 6796 6615 6658 6331 6027 5729 5143 4804 4680 4954 4896 4734 4485 4188 4148 3765 3225 2896 2705 2201 2088 2268 2592 2828 2751 2706 2701 2767 2853 3166 3394 3596 3923 4212 4592 4775 4809 4595 8265 7946 7640 7342 7011 6799 6528 5665 5665 5938 6214 5799 5707 5481 5278 5076 4867 4566 4378 4120 4073 3874 3815 3910 3796 3310 1661 1548 1503 1576 1656 1930 2088 3967 4153 4309 4433 4461 4498 4490 4660 5012 5137 5397 5588 5863 5580 5586 
5533 5965 5987 5791 5605 5454 5205 4981 4757 4368 4069 3787 3636 3292 3188 2969 2825 2521 2215 1735 1517 832 565 575 699 371 340 0 232 522 941 958 923 933 6503 6852 6357 6240 5955 5919 5663 5499 5402 5503 5655 6137 5821 5567 5299 5234 5051 4579 4343 1937 1779 1586 1274 1273 1300 1363 1554 1729 1952 2230 2708 2973 3170 3313 3478 3671 3371 3673 4113 4153 4311 4610 4473 4575 4762 4904 5083 5390 5581 5785 5955 6114 6407 6751 7078 6911 6781 6664 6509 6569 6312 6007 5704 5120 4769 4679 4963 4923 4783 4547 4249 4187 3775 3198 2848 2636 1990 1837 2004 2316 2534 2439 2382 2364 2427 2517 2850 3095 3311 3652 3954 4329 4533 4591 4385 7939 7619 7312 7013 6683 6473 6203 5340 5354 5629 5911 5497 5411 5190 4981 4776 4563 4261 4076 3811 3770 3577 3510 3611 3505 3046 1321 1218 1192 1294 1398 1681 1837 3701 3879 4029 4150 4166 4193 4175 4341 4701 4834 5092 5282 5553 5259 5257 
5485 5917 5942 5752 5573 5429 5195 4979 4765 4390 4103 3839 3688 3332 3229 2996 2814 2461 2167 1725 1526 915 714 783 931 503 492 232 0 324 729 779 786 841 6602 6960 6463 6347 6058 6030 5780 5611 5503 5598 5739 6195 5874 5611 5346 5293 5114 4630 4388 1906 1757 1568 1286 1253 1245 1260 1415 1560 1758 2024 2505 2774 2964 3103 3264 3444 3140 3441 3881 3921 4079 4379 4244 4347 4533 4673 4851 5158 5350 5553 5723 5882 6175 6519 6846 6679 6549 6433 6282 6344 6104 5799 5495 4912 4558 4479 4765 4732 4601 4372 4075 4003 3581 2991 2635 2418 1760 1616 1788 2106 2337 2258 2220 2236 2339 2454 2842 3114 3348 3705 4019 4389 4612 4691 4491 7900 7577 7268 6966 6638 6434 6166 5305 5347 5625 5916 5504 5428 5214 4997 4786 4569 4266 4087 3811 3780 3595 3517 3626 3532 3108 1219 1073 1012 1087 1179 1459 1616 3487 3669 3822 3946 3969 4005 3998 4169 4520 4645 4904 5096 5371 5090 5102 
5653 6085 6112 5930 5760 5624 5407 5198 4996 4633 4358 4109 3959 3594 3494 3250 3034 2631 2354 1957 1778 1223 1038 1096 1195 626 642 522 324 0 419 456 492 597 6901 7265 6766 6650 6359 6336 6089 5918 5804 5895 6029 6466 6142 5871 5611 5566 5390 4899 4652 2115 1977 1796 1545 1484 1444 1400 1493 1577 1710 1936 2419 2695 2862 2991 3137 3258 2927 3207 3632 3685 3851 4165 4045 4153 4331 4450 4616 4933 5130 5327 5491 5644 5928 6279 6602 6426 6290 6168 6001 6055 5790 5485 5182 4598 4246 4160 4445 4409 4277 4048 3751 3679 3259 2675 2325 2115 1564 1477 1670 2004 2268 2231 2237 2313 2472 2620 3063 3359 3608 3977 4298 4663 4900 4991 4796 8074 7748 7437 7132 6808 6611 6346 5489 5561 5842 6142 5732 5666 5459 5234 5019 4798 4495 4322 4036 4014 3838 3750 3867 3784 3389 1360 1156 1029 1022 1061 1321 1477 3358 3554 3717 3846 3890 3947 3965 4145 4476 4582 4845 5039 5322 5071 5111 
5742 6173 6202 6033 5876 5752 5562 5367 5183 4843 4586 4365 4218 3840 3743 3484 3219 2749 2502 2179 2031 1573 1432 1511 1612 1009 1035 941 729 419 0 227 424 622 7207 7580 7080 6965 6669 6658 6417 6241 6115 6197 6317 6717 6387 6105 5851 5822 5653 5148 4895 2300 2181 2015 1816 1721 1639 1524 1534 1533 1575 1739 2210 2491 2628 2741 2868 2925 2568 2827 3239 3302 3474 3800 3695 3807 3977 4076 4231 4556 4758 4948 5108 5256 5534 5888 6208 6027 5887 5761 5586 5637 5375 5069 4765 4182 3829 3750 4038 4010 3889 3669 3373 3288 2856 2261 1907 1695 1244 1235 1444 1787 2085 2103 2164 2315 2546 2734 3250 3579 3850 4236 4570 4925 5186 5303 5116 8166 7836 7523 7215 6896 6710 6451 5603 5719 6005 6317 5912 5862 5665 5430 5209 4982 4681 4518 4219 4212 4051 3947 4075 4011 3666 1489 1232 1040 926 884 1089 1235 3085 3294 3468 3603 3671 3752 3802 3991 4294 4376 4644 4839 5131 4916 4991 
5956 6387 6416 6245 6084 5958 5761 5562 5372 5024 4760 4527 4378 4006 3907 3654 3407 2955 2699 2351 2190 1675 1493 1532 1581 939 974 958 779 456 227 0 209 410 7344 7711 7211 7096 6803 6784 6539 6366 6248 6336 6464 6882 6555 6278 6021 5985 5812 5313 5063 2486 2360 2188 1966 1886 1818 1723 1750 1759 1801 1959 2426 2707 2837 2945 3066 3091 2718 2956 3349 3425 3604 3941 3847 3962 4126 4208 4350 4683 4890 5073 5227 5370 5638 5998 6314 6123 5977 5845 5649 5686 5369 5064 4763 4178 3835 3727 4008 3965 3826 3594 3296 3229 2819 2257 1922 1732 1429 1448 1660 2002 2305 2329 2391 2538 2760 2940 3437 3755 4018 4396 4725 5085 5334 5435 5243 8380 8051 7738 7430 7111 6922 6662 5812 5917 6202 6510 6104 6049 5848 5616 5397 5172 4870 4704 4409 4397 4230 4132 4256 4185 3817 1687 1440 1257 1152 1110 1306 1448 3280 3494 3670 3807 3881 3967 4022 4213 4511 4589 4857 5053 5346 5137 5216 
6103 6535 6563 6387 6222 6091 5883 5678 5481 5122 4849 4602 4452 4087 3986 3741 3517 3090 2824 2446 2270 1701 1482 1484 1486 826 868 923 786 492 424 209 0 201 7387 7746 7249 7132 6843 6816 6566 6397 6288 6382 6519 6959 6635 6364 6103 6059 5883 5391 5145 2596 2462 2283 2038 1974 1925 1855 1908 1937 1997 2164 2633 2914 3046 3155 3275 3294 2915 3144 3528 3610 3792 4133 4045 4161 4322 4396 4532 4869 5077 5258 5409 5549 5811 6174 6487 6292 6142 6005 5796 5823 5465 5161 4864 4278 3943 3812 4086 4030 3876 3633 3335 3286 2897 2364 2047 1874 1638 1656 1867 2209 2510 2526 2578 2709 2911 3077 3546 3849 4101 4469 4791 5156 5390 5476 5277 8527 8199 7887 7580 7258 7066 6804 5950 6038 6321 6624 6216 6153 5948 5721 5504 5282 4979 4808 4519 4501 4327 4236 4355 4275 3881 1817 1586 1419 1337 1308 1513 1656 3489 3703 3880 4016 4090 4175 4226 4416 4718 4797 5065 5261 5553 5341 5415 
6247 6679 6706 6526 6357 6221 6004 5794 5589 5222 4940 4680 4529 4172 4070 3833 3630 3227 2951 2548 2360 1747 1498 1464 1416 755 803 933 841 597 622 410 201 0 7432 7784 7288 7172 6885 6851 6596 6432 6332 6430 6576 7036 6715 6450 6187 6134 5955 5472 5229 2712 2572 2388 2123 2075 2041 1994 2067 2113 2188 2361 2832 3113 3246 3356 3476 3490 3107 3328 3703 3791 3975 4320 4237 4354 4512 4580 4711 5051 5260 5438 5587 5723 5981 6346 6657 6457 6303 6163 5942 5960 5565 5262 4968 4382 4056 3904 4172 4104 3935 3683 3386 3353 2985 2481 2181 2022 1839 1856 2066 2409 2707 2717 2761 2876 3060 3215 3658 3946 4187 4547 4860 5230 5451 5520 5316 8669 8342 8031 7726 7402 7207 6943 6086 6158 6439 6737 6326 6258 6047 5825 5612 5391 5089 4914 4631 4606 4426 4342 4456 4368 3950 1954 1737 1585 1520 1500 1711 1856 3690 3905 4081 4217 4291 4374 4423 4611 4916 4997 5265 5461 5752 5537 5607 
3988 4026 3982 3789 3603 3440 3115 3015 2880 2868 2907 2948 3076 3477 3553 3845 4272 4923 4990 5087 5191 5687 5942 6035 6248 6768 6717 6503 6602 6901 7207 7344 7387 7432 0 454 246 339 552 677 974 1059 1101 1010 966 1280 1496 1807 1858 1692 1761 2295 2554 5051 5115 5244 5393 5505 5625 5833 6003 6241 6551 6808 6895 6898 7144 7294 7497 8151 8229 8634 9118 9001 9026 9069 8799 8810 9032 9393 9691 9794 9864 10118 10332 10541 10918 11111 11443 11447 11431 11429 11559 11770 12057 11769 11460 10936 10547 10652 10959 11007 10964 10789 10503 10365 9872 9196 8807 8542 7350 7001 6939 6913 6732 6430 6132 5712 5258 4955 4238 3816 3482 3058 2693 2406 2048 1911 2122 4562 4474 4375 4328 4139 3922 3791 3669 3032 2914 2675 2668 2459 2392 2648 2833 3017 3185 3204 3517 3414 3449 3622 3455 3405 3558 5852 6141 6379 6633 6822 6958 7001 7619 7562 7523 7514 7294 7070 6770 6717 7091 7388 7450 7507 7526 6987 6584 
4425 4448 4403 4217 4037 3880 3563 3467 3335 3318 3347 3369 3492 3893 3965 4259 4697 5350 5406 5482 5575 6045 6288 6370 6567 7106 7055 6852 6960 7265 7580 7711 7746 7784 454 0 502 615 918 936 1212 1355 1468 1412 1411 1698 1938 2255 2313 2146 2209 2738 2995 5456 5514 5637 5772 5890 6016 6231 6410 6654 6970 7232 7329 7337 7585 7736 7940 8591 8662 9068 9554 9439 9466 9514 9245 9257 9479 9839 10136 10242 10314 10568 10782 10990 11367 11562 11895 11896 11879 11876 12001 12209 12481 12192 11882 11355 10965 11062 11369 11413 11363 11183 10895 10762 10273 9599 9209 8946 7761 7413 7355 7338 7164 6861 6562 6141 5686 5382 4663 4238 3900 3474 3107 2836 2459 2278 2469 4873 4808 4728 4700 4527 4318 4200 4112 3475 3347 3095 3109 2905 2844 3102 3287 3471 3637 3652 3962 3856 3884 4059 3891 3833 3952 6249 6537 6775 7031 7222 7365 7413 8064 8010 7973 7965 7746 7523 7223 7171 7546 7843 7905 7961 7979 7440 7036 
4081 4143 4101 3899 3703 3531 3187 3068 2910 2859 2867 2874 2994 3395 3465 3760 4202 4856 4907 4980 5073 5547 5794 5879 6083 6615 6563 6357 6463 6766 7080 7211 7249 7288 246 502 0 118 417 463 757 871 966 914 952 1422 1596 1884 1899 1706 1747 2264 2517 4954 5012 5134 5270 5388 5514 5729 5909 6154 6471 6736 6840 6852 7102 7255 7460 8107 8172 8578 9065 8953 8983 9037 8769 8784 9007 9363 9659 9770 9846 10100 10314 10522 10899 11099 11433 11429 11409 11402 11520 11724 11984 11694 11385 10856 10467 10561 10868 10911 10861 10681 10393 10260 9771 9097 8707 8444 7260 6912 6857 6842 6672 6369 6070 5648 5193 4889 4168 3741 3402 2976 2609 2347 1961 1777 1972 4761 4662 4552 4493 4291 4068 3924 3753 3115 3017 2800 2759 2539 2448 2691 2863 3034 3182 3184 3489 3378 3396 3574 3406 3341 3450 5747 6035 6273 6529 6720 6864 6912 7588 7539 7506 7502 7287 7068 6772 6726 7108 7405 7476 7538 7568 7028 6632 
4039 4112 4072 3865 3664 3489 3137 3009 2842 2776 2774 2771 2889 3290 3359 3654 4099 4754 4802 4868 4961 5431 5677 5762 5965 6497 6446 6240 6347 6650 6965 7096 7132 7172 339 615 118 0 312 347 643 753 854 812 879 1414 1565 1839 1839 1636 1665 2176 2425 4845 4902 5023 5156 5275 5402 5618 5800 6047 6366 6632 6740 6755 7006 7159 7365 8011 8071 8477 8965 8855 8886 8943 8677 8692 8916 9270 9565 9680 9757 10011 10225 10433 10809 11012 11346 11340 11318 11310 11424 11627 11880 11590 11280 10750 10360 10452 10760 10801 10750 10569 10280 10149 9661 8987 8597 8334 7153 6804 6750 6739 6571 6268 5969 5547 5091 4787 4065 3638 3298 2872 2504 2249 1857 1662 1855 4781 4674 4556 4489 4280 4053 3903 3707 3069 2981 2776 2718 2493 2391 2629 2795 2960 3101 3097 3399 3285 3299 3477 3309 3240 3339 5636 5924 6162 6418 6609 6755 6804 7495 7449 7418 7416 7202 6985 6690 6647 7032 7328 7402 7467 7500 6961 6568 
3794 3889 3850 3636 3426 3244 2878 2737 2556 2473 2463 2458 2578 2979 3048 3344 3786 4442 4491 4564 4660 5142 5393 5485 5696 6218 6167 5955 6058 6359 6669 6803 6843 6885 552 918 417 312 0 257 496 522 554 499 598 1263 1355 1599 1569 1351 1365 1868 2115 4537 4596 4719 4858 4975 5099 5313 5492 5737 6055 6320 6427 6442 6693 6847 7053 7698 7758 8165 8652 8542 8574 8632 8365 8381 8605 8959 9254 9369 9448 9702 9915 10123 10499 10703 11038 11031 11008 10999 11111 11314 11568 11278 10968 10439 10050 10144 10451 10494 10445 10265 9978 9844 9355 8680 8291 8027 6843 6495 6440 6427 6258 5955 5656 5234 4779 4474 3753 3326 2986 2560 2192 1936 1545 1367 1571 4669 4542 4408 4322 4097 3863 3698 3454 2819 2750 2570 2478 2246 2125 2352 2509 2667 2799 2790 3090 2974 2986 3165 2997 2927 3034 5331 5619 5857 6113 6303 6447 6495 7184 7139 7109 7108 6895 6680 6387 6346 6734 7029 7107 7174 7213 6673 6285 
4008 4118 4080 3861 3647 3460 3084 2930 2732 2614 2572 2527 2637 3034 3096 3393 3851 4508 4539 4581 4664 5115 5355 5434 5631 6171 6119 5919 6030 6336 6658 6784 6816 6851 677 936 463 347 257 0 297 419 589 617 808 1519 1597 1825 1771 1538 1525 1997 2232 4568 4618 4733 4854 4978 5109 5332 5523 5776 6102 6375 6501 6527 6782 6938 7146 7783 7829 8235 8725 8621 8659 8728 8464 8484 8708 9056 9349 9473 9557 9811 10024 10231 10606 10818 11154 11139 11111 11098 11198 11394 11619 11327 11016 10481 10093 10175 10481 10518 10460 10275 9985 9858 9373 8702 8313 8050 6878 6531 6484 6484 6328 6024 5725 5302 4846 4541 3818 3388 3044 2619 2252 2031 1612 1366 1541 4926 4798 4661 4571 4343 4106 3936 3664 3033 2977 2810 2700 2463 2328 2542 2686 2832 2942 2918 3206 3082 3076 3258 3091 3005 3056 5348 5635 5873 6131 6324 6477 6531 7283 7246 7223 7226 7018 6808 6519 6485 6880 7174 7260 7332 7379 6840 6458 
4042 4181 4146 3918 3694 3498 3105 2930 2707 2541 2458 2369 2468 2858 2913 3210 3681 4336 4350 4364 4437 4866 5098 5170 5360 5908 5857 5663 5780 6089 6417 6539 6566 6596 974 1212 757 643 496 297 0 213 496 613 895 1691 1715 1898 1801 1548 1496 1917 2132 4364 4406 4514 4622 4750 4887 5117 5317 5577 5909 6190 6333 6370 6628 6787 6997 7624 7655 8061 8554 8456 8499 8580 8319 8343 8568 8910 9199 9334 9424 9677 9890 10096 10469 10689 11027 11004 10971 10951 11039 11228 11425 11131 10820 10280 9893 9964 10270 10301 10237 10047 9756 9634 9153 8485 8096 7835 6674 6328 6288 6301 6155 5852 5553 5130 4675 4370 3648 3217 2872 2451 2087 1909 1468 1161 1308 5096 4953 4801 4694 4451 4207 4022 3689 3069 3041 2905 2755 2512 2349 2540 2662 2787 2868 2823 3095 2962 2935 3121 2955 2852 2849 5132 5417 5654 5914 6108 6269 6328 7140 7112 7096 7105 6904 6700 6418 6393 6795 7087 7183 7263 7321 6784 6413 
3854 4005 3971 3740 3513 3314 2915 2734 2505 2330 2244 2159 2260 2652 2709 3006 3474 4130 4148 4173 4252 4696 4935 5015 5214 5751 5700 5499 5611 5918 6241 6366 6397 6432 1059 1355 871 753 522 419 213 0 298 448 762 1592 1579 1736 1620 1362 1297 1705 1919 4168 4213 4324 4440 4566 4699 4926 5121 5379 5709 5987 6126 6161 6418 6577 6787 7415 7450 7856 8348 8248 8291 8369 8108 8132 8357 8699 8989 9123 9212 9465 9678 9884 10257 10476 10814 10792 10759 10741 10830 11021 11226 10932 10622 10083 9695 9771 10077 10111 10050 9863 9573 9448 8965 8295 7906 7644 6478 6132 6089 6098 5949 5646 5347 4924 4468 4163 3441 3010 2665 2243 1878 1695 1256 962 1125 4979 4825 4664 4547 4296 4049 3858 3499 2884 2868 2748 2579 2334 2162 2344 2460 2580 2657 2610 2882 2749 2723 2908 2742 2641 2653 4941 5227 5464 5724 5917 6075 6132 6929 6900 6884 6892 6691 6487 6204 6179 6582 6874 6970 7051 7111 6573 6204 
3556 3708 3675 3443 3215 3015 2616 2436 2211 2051 1988 1938 2049 2448 2512 2809 3263 3920 3956 4014 4107 4588 4841 4935 5151 5668 5616 5402 5503 5804 6115 6248 6288 6332 1101 1468 966 854 554 589 496 298 0 191 519 1364 1313 1447 1323 1063 1001 1428 1653 3993 4048 4169 4304 4422 4547 4764 4948 5197 5520 5790 5912 5937 6192 6348 6557 7193 7240 7647 8137 8032 8069 8138 7875 7895 8120 8467 8759 8885 8970 9224 9437 9644 10018 10232 10568 10552 10523 10508 10608 10804 11036 10745 10434 9902 9513 9601 9908 9948 9896 9715 9426 9294 8807 8133 7744 7481 6302 5954 5903 5899 5739 5436 5137 4714 4258 3953 3230 2800 2457 2032 1664 1444 1022 812 1021 4720 4557 4388 4265 4009 3761 3565 3200 2586 2572 2461 2283 2037 1863 2047 2166 2291 2379 2343 2624 2497 2486 2669 2502 2415 2486 4782 5070 5308 5564 5755 5903 5954 6694 6658 6637 6642 6437 6229 5943 5913 6312 6605 6697 6774 6830 6291 5919 
3430 3567 3533 3304 3081 2886 2496 2329 2120 1997 1968 1959 2080 2481 2552 2847 3287 3942 3994 4078 4180 4683 4944 5046 5271 5776 5724 5503 5598 5895 6197 6336 6382 6430 1010 1412 914 812 499 617 613 448 191 0 328 1173 1133 1289 1189 940 909 1383 1624 4045 4107 4234 4383 4495 4615 4824 4999 5241 5557 5821 5927 5943 6195 6349 6556 7199 7259 7665 8153 8043 8075 8135 7869 7887 8110 8463 8757 8875 8955 9209 9423 9631 10006 10213 10549 10538 10513 10503 10613 10815 11070 10780 10470 9942 9553 9650 9957 10003 9957 9780 9493 9357 8865 8190 7800 7537 6349 6000 5943 5928 5759 5455 5157 4734 4279 3974 3254 2827 2488 2062 1695 1438 1047 916 1144 4538 4380 4216 4098 3848 3602 3413 3079 2457 2428 2300 2142 1898 1739 1939 2074 2215 2325 2305 2599 2480 2487 2667 2499 2428 2548 4843 5132 5370 5625 5814 5954 6000 6688 6645 6618 6619 6409 6196 5906 5870 6263 6558 6642 6715 6762 6223 5843 
