6
233
50 0 1 2 3 4 5 6 7 8 9 10 11 12 13 14 15 16 17 18 19 20 21 22 23 24 25 26 27 28 29 30 31 32 33 34 35 36 37 38 39 40 41 42 43 44 45 46 47 48 49
50 0 1 2 3 4 5 6 7 8 9 10 11 12 13 14 15 16 17 18 19 20 21 22 23 24 25 26 27 28 29 30 31 32 33 34 35 36 37 38 39 50 51 52 53 54 55 56 57 58 59
29 60 61 62 63 64 65 66 67 68 69 70 71 72 73 74 75 76 77 78 79 80 81 82 83 84 21 22 23 85
41 86 87 88 89 90 91 92 93 94 95 96 97 98 99 100 101 102 103 104 105 106 107 108 109 110 111 112 113 114 115 116 117 118 119 120 121 122 123 124 125 126
70 127 128 129 130 131 132 133 134 135 136 137 138 139 140 141 142 143 144 145 146 147 148 149 150 151 152 153 154 155 14 15 16 17 18 19 20 21 22 23 156 157 158 159 160 161 162 32 33 34 163 164 165 166 167 168 169 170 171 172 173 174 175 176 177 178 179 180 181 182 183
70 184 185 186 1 2 187 188 189 190 191 192 6 7 193 194 152 153 154 155 14 15 195 60 196 197 198 199 20 21 22 23 156 200 160 161 162 32 201 202 33 203 204 205 206 207 208 209 210 211 212 213 214 215 216 217 218 219 220 221 222 223 224 225 226 227 228 229 230 231 232
900 900 1200 1200 1800 2700 
0 98 165 477 669 1026 1336 1451 1604 1616 1653 1727 2155 2308 2633 3009 3107 3296 3511 3728 3980 4205 4365 4584 4743 4825 5231 4722 4596 4702 4573 4411 4299 4589 4914 5213 5278 5731 6139 6142 6461 6694 6792 7210 7122 7052 6951 6674 6615 6502 5923 6001 6184 6340 6510 6873 7016 7179 7469 7824 3632 3641 3577 3201 2962 2645 2306 1895 1647 1447 1302 1145 1036 1131 1227 1509 1872 2130 2472 2716 3033 3178 3493 3711 3902 4975 5217 5033 4982 5025 5258 5490 5396 5196 4989 4752 4595 4382 3790 3554 3343 3001 2653 2316 2113 1784 1726 1753 1813 1899 2127 2182 2304 2510 2805 3009 3046 3140 3306 3598 3922 4106 4258 4732 4939 5281 5421 5207 4863 4513 4484 4413 4291 3982 3821 3590 3368 3220 2952 2984 3120 2810 2523 2318 2438 2713 2926 3058 3287 3057 2895 2441 2054 2058 2191 2309 4451 4213 4066 3999 3620 3485 3960 4913 4936 5031 5256 5711 5763 5549 5633 5942 6277 6463 6615 6691 6867 7136 7294 7068 7392 7434 7873 7401 952 478 341 429 518 915 1092 1045 1145 1699 1902 3307 3717 3739 3769 3803 4140 4781 4900 4473 4357 4175 4321 4236 4106 4356 4297 4482 4583 4778 5019 5030 4825 4683 5026 4481 4328 4142 3945 4054 4000 3952 4284 4377 4377 4536 4806 5113 5399 
98 0 189 501 693 1054 1360 1476 1635 1658 1706 1785 2211 2364 2689 3064 3165 3360 3581 3802 4056 4284 4445 4665 4823 4909 5320 4813 4688 4795 4668 4507 4396 4686 5012 5312 5377 5829 6237 6240 6559 6792 6891 7308 7220 7150 7049 6772 6713 6599 6021 6098 6280 6435 6605 6966 7108 7271 7559 7912 3686 3686 3616 3235 2994 2675 2333 1919 1671 1471 1326 1185 1094 1214 1320 1602 1962 2215 2554 2799 3116 3259 3572 3789 3979 5053 5284 5098 5042 5083 5317 5546 5450 5250 5041 4803 4645 4430 3840 3607 3397 3055 2708 2372 2168 1840 1786 1827 1895 1987 2216 2275 2400 2605 2899 3103 3143 3238 3405 3696 4021 4204 4356 4830 5037 5379 5519 5150 4803 4445 4413 4339 4212 3907 3753 3523 3302 3156 2892 2929 3076 2769 2484 2288 2412 2683 2906 3043 3272 3057 2906 2448 2084 2098 2241 2365 4534 4296 4151 4086 3709 3576 4055 5011 5034 5129 5354 5809 5860 5646 5728 6037 6372 6559 6713 6789 6965 7234 7392 7165 7489 7531 7969 7497 1029 551 292 468 596 1003 1170 1107 1186 1723 1926 3361 3776 3805 3838 3875 4226 4878 4996 4571 4455 4273 4419 4335 4205 4454 4395 4579 4679 4874 5115 5125 4918 4775 5117 4574 4422 4233 4037 4143 4086 4035 4367 4456 4453 4607 4875 5179 5464 
165 189 0 316 509 869 1176 1292 1448 1469 1518 1598 2024 2176 2501 2876 2978 3175 3400 3624 3881 4112 4275 4498 4652 4744 5166 4666 4548 4658 4539 4383 4276 4573 4907 5214 5290 5743 6145 6142 6458 6690 6795 7211 7130 7067 6970 6696 6641 6535 5914 5984 6157 6306 6472 6827 6966 7125 7410 7759 3498 3496 3427 3048 2808 2489 2148 1736 1488 1288 1142 996 908 1052 1186 1470 1815 2057 2389 2634 2952 3092 3401 3615 3804 4880 5100 4913 4855 4896 5129 5358 5261 5061 4852 4614 4456 4241 3651 3419 3209 2866 2520 2184 1980 1652 1601 1651 1731 1836 2068 2137 2281 2483 2768 2970 3027 3139 3315 3598 3929 4112 4262 4742 4936 5279 5428 5070 4731 4393 4367 4301 4189 3875 3702 3468 3243 3093 2821 2847 2972 2659 2371 2160 2279 2555 2764 2895 3123 2892 2731 2277 1898 1909 2052 2177 4369 4132 3990 3929 3557 3431 3927 4912 4944 5047 5277 5741 5797 5589 5682 5992 6332 6499 6642 6713 6883 7155 7319 7099 7425 7470 7914 7443 1069 611 480 279 434 855 1002 923 997 1540 1743 3173 3589 3621 3656 3696 4067 4760 4873 4466 4352 4169 4317 4240 4114 4371 4320 4518 4622 4822 5065 5084 4887 4752 5098 4542 4387 4214 4016 4134 4088 4048 4383 4483 4490 4656 4930 5241 5529 
477 501 316 0 192 553 860 975 1134 1163 1227 1317 1737 1888 2210 2584 2690 2900 3139 3374 3637 3877 4045 4274 4421 4529 4974 4492 4389 4506 4405 4261 4164 4471 4822 5140 5240 5690 6081 6065 6375 6606 6723 7135 7068 7018 6929 6661 6615 6521 5823 5876 6033 6170 6325 6665 6798 6952 7227 7565 3204 3190 3115 2734 2493 2174 1832 1419 1171 971 826 689 641 880 1081 1359 1660 1868 2181 2424 2741 2874 3170 3377 3561 4640 4828 4637 4569 4606 4840 5064 4964 4764 4555 4314 4155 3937 3352 3122 2914 2573 2227 1893 1691 1367 1325 1415 1532 1668 1904 1997 2184 2374 2637 2835 2929 3073 3267 3533 3874 4054 4198 4689 4860 5202 5367 4875 4548 4243 4225 4173 4086 3759 3556 3317 3088 2933 2649 2658 2748 2428 2138 1905 2017 2298 2488 2610 2836 2587 2418 1967 1582 1600 1754 1889 4153 3919 3782 3734 3377 3266 3797 4837 4885 5005 5244 5722 5788 5592 5702 6014 6362 6491 6616 6677 6837 7114 7288 7080 7411 7459 7915 7445 1267 857 794 86 349 737 810 667 690 1223 1426 2880 3304 3347 3392 3440 3866 4649 4749 4381 4273 4087 4241 4177 4059 4329 4293 4516 4625 4834 5081 5116 4934 4814 5166 4591 4430 4284 4085 4222 4193 4169 4508 4623 4645 4829 5110 5429 5723 
669 693 509 192 0 361 667 783 942 978 1056 1153 1567 1717 2037 2408 2517 2736 2985 3226 3494 3739 3911 4142 4284 4403 4863 4393 4300 4422 4332 4196 4104 4419 4779 5104 5217 5665 6049 6026 6332 6561 6685 7095 7035 6994 6910 6646 6605 6520 5774 5817 5963 6092 6241 6572 6701 6850 7119 7450 3027 3003 2926 2543 2301 1981 1639 1226 978 778 633 507 506 817 1059 1324 1588 1771 2066 2307 2622 2749 3036 3238 3419 4498 4665 4471 4396 4431 4666 4887 4784 4583 4374 4133 3973 3754 3170 2944 2737 2396 2053 1721 1520 1200 1167 1288 1431 1588 1823 1932 2144 2326 2572 2766 2883 3048 3252 3505 3852 4030 4170 4667 4821 5164 5338 4764 4445 4162 4149 4106 4035 3701 3479 3238 3006 2849 2558 2556 2621 2298 2009 1760 1867 2150 2325 2440 2665 2403 2228 1780 1390 1412 1576 1718 4027 3795 3663 3622 3276 3176 3727 4800 4859 4988 5233 5719 5790 5602 5721 6035 6387 6494 6607 6661 6814 7095 7275 7075 7408 7458 7920 7451 1408 1026 985 250 422 725 735 542 509 1031 1233 2704 3132 3184 3234 3289 3751 4590 4682 4339 4234 4048 4205 4149 4036 4313 4286 4525 4636 4851 5099 5144 4971 4861 5216 4630 4466 4337 4138 4285 4267 4252 4592 4715 4746 4940 5225 5549 5845 
1026 1054 869 553 361 0 310 425 581 631 741 853 1245 1390 1704 2071 2184 2419 2684 2937 3211 3466 3643 3880 4012 4149 4636 4191 4115 4245 4178 4057 3978 4303 4679 5016 5154 5597 5966 5928 6225 6451 6589 6994 6950 6923 6849 6593 6562 6492 5660 5685 5809 5924 6061 6374 6496 6637 6893 7212 2685 2648 2566 2182 1940 1620 1279 869 621 421 278 190 369 778 1071 1292 1472 1597 1852 2084 2392 2507 2774 2965 3138 4215 4344 4146 4060 4092 4326 4543 4437 4236 4026 3783 3622 3401 2821 2599 2395 2057 1717 1391 1196 889 878 1067 1260 1454 1681 1819 2076 2237 2448 2632 2792 2993 3214 3441 3797 3968 4100 4605 4731 5071 5262 4605 4305 4069 4067 4041 4003 3657 3399 3156 2921 2761 2460 2433 2443 2115 1832 1551 1641 1927 2061 2158 2377 2080 1884 1448 1029 1056 1236 1391 3776 3549 3425 3399 3075 2996 3584 4712 4790 4937 5190 5689 5770 5597 5736 6050 6410 6473 6565 6607 6748 7034 7225 7039 7376 7430 7904 7438 1677 1344 1346 598 675 797 685 420 194 673 876 2364 2800 2867 2928 2993 3520 4461 4537 4243 4146 3959 4120 4081 3978 4267 4258 4523 4639 4862 5113 5175 5022 4928 5288 4685 4515 4419 4220 4386 4387 4391 4731 4870 4917 5130 5421 5753 6054 
1336 1360 1176 860 667 310 0 115 291 404 581 708 1039 1172 1469 1826 1946 2201 2489 2754 3034 3299 3481 3724 3844 4002 4516 4097 4041 4178 4133 4027 3960 4293 4682 5027 5187 5624 5980 5928 6217 6440 6589 6989 6958 6946 6880 6631 6609 6552 5646 5654 5759 5859 5983 6278 6392 6525 6768 7074 2429 2365 2272 1883 1638 1317 972 559 311 111 36 275 539 929 1231 1407 1507 1569 1772 1990 2284 2384 2625 2801 2965 4034 4115 3911 3810 3837 4071 4279 4168 3966 3756 3511 3348 3123 2552 2339 2141 1808 1478 1167 988 723 750 1016 1251 1473 1683 1844 2134 2274 2448 2619 2817 3047 3281 3485 3844 4010 4133 4643 4742 5078 5285 4427 4143 3948 3954 3944 3933 3579 3293 3051 2815 2654 2349 2301 2263 1936 1662 1360 1431 1714 1812 1892 2105 1783 1576 1148 727 781 998 1173 3632 3412 3299 3289 2991 2935 3553 4726 4820 4981 5242 5750 5839 5679 5832 6146 6511 6539 6612 6644 6774 7063 7264 7091 7431 7488 7970 7508 1964 1650 1652 909 971 1015 841 583 279 363 566 2112 2559 2647 2722 2801 3400 4438 4499 4252 4162 3975 4140 4115 4021 4320 4326 4611 4731 4959 5212 5288 5149 5070 5432 4817 4644 4573 4375 4555 4570 4586 4926 5075 5133 5357 5652 5989 6292 
1451 1476 1292 975 783 425 115 0 189 339 539 668 964 1091 1379 1730 1852 2115 2409 2679 2961 3229 3413 3658 3773 3938 4461 4053 4004 4143 4106 4006 3943 4279 4672 5021 5189 5623 5973 5917 6202 6424 6577 6975 6949 6942 6879 6633 6614 6562 5630 5631 5728 5823 5943 6231 6342 6473 6711 7011 2328 2256 2159 1769 1523 1202 857 444 196 6 150 366 620 992 1292 1451 1520 1559 1740 1951 2239 2333 2563 2733 2893 3958 4022 3816 3711 3735 3969 4175 4062 3860 3650 3404 3241 3015 2447 2237 2041 1711 1386 1083 912 673 715 1004 1252 1481 1682 1850 2151 2283 2442 2608 2819 3060 3297 3492 3852 4015 4136 4647 4735 5070 5282 4378 4102 3923 3933 3929 3929 3573 3276 3034 2799 2639 2332 2276 2218 1892 1625 1315 1377 1656 1735 1807 2016 1681 1465 1044 613 678 908 1091 3570 3352 3244 3240 2953 2905 3532 4720 4820 4987 5249 5761 5853 5698 5857 6170 6537 6552 6618 6646 6771 7062 7266 7098 7439 7497 7982 7521 2065 1760 1767 1024 1079 1098 907 660 369 248 450 2014 2463 2559 2638 2723 3347 4420 4475 4245 4158 3972 4137 4118 4028 4329 4341 4633 4754 4985 5238 5319 5186 5112 5475 4856 4682 4620 4423 4608 4628 4649 4989 5142 5204 5433 5729 6068 6372 
1604 1635 1448 1134 942 581 291 189 0 193 409 532 783 905 1190 1540 1663 1927 2224 2496 2779 3049 3234 3480 3592 3762 4292 3894 3852 3994 3967 3873 3817 4155 4554 4906 5084 5515 5857 5794 6076 6295 6454 6849 6830 6829 6771 6528 6514 6469 5502 5495 5584 5673 5788 6068 6177 6305 6539 6835 2139 2074 1985 1600 1359 1040 705 323 134 196 327 471 689 1010 1301 1425 1445 1447 1599 1802 2081 2169 2389 2555 2711 3774 3832 3626 3521 3546 3780 3988 3876 3674 3464 3219 3056 2831 2261 2049 1851 1521 1196 897 731 523 586 900 1161 1397 1584 1761 2076 2194 2332 2491 2720 2975 3217 3398 3758 3918 4034 4545 4620 4952 5171 4420 4156 4004 4020 4025 4040 3680 3369 3129 2896 2736 2429 2362 2270 1950 1696 1377 1421 1691 1731 1781 1980 1607 1359 973 450 490 720 906 3395 3180 3075 3077 2801 2763 3401 4606 4714 4888 5154 5670 5766 5619 5786 6099 6468 6463 6518 6541 6660 6953 7161 7000 7342 7402 7891 7432 2158 1884 1928 1174 1198 1153 935 719 473 156 326 1824 2273 2370 2451 2538 3181 4289 4338 4131 4047 3862 4028 4017 3932 4237 4257 4560 4683 4916 5169 5258 5136 5071 5434 4810 4634 4588 4393 4586 4617 4647 4986 5146 5217 5455 5754 6097 6402 
1616 1658 1469 1163 978 631 404 339 193 0 216 339 635 771 1076 1440 1556 1802 2084 2349 2629 2895 3078 3322 3440 3601 4121 3714 3668 3808 3777 3682 3624 3962 4360 4712 4890 5321 5663 5601 5883 6103 6261 6656 6636 6635 6577 6335 6321 6277 5309 5304 5396 5488 5606 5891 6002 6133 6371 6673 2053 2027 1962 1593 1363 1057 754 447 324 345 436 473 627 886 1163 1263 1258 1254 1410 1616 1900 1993 2224 2398 2560 3629 3721 3520 3430 3461 3695 3911 3806 3605 3396 3154 2994 2775 2192 1968 1764 1426 1088 768 583 335 392 708 971 1208 1392 1571 1888 2003 2139 2297 2527 2784 3028 3205 3566 3725 3841 4352 4427 4759 4977 4601 4342 4196 4212 4218 4233 3874 3562 3322 3089 2929 2623 2554 2457 2138 1887 1566 1607 1873 1896 1935 2126 1726 1450 1103 496 443 606 772 3232 3013 2904 2900 2616 2574 3209 4413 4521 4695 4961 5478 5575 5429 5598 5911 6281 6271 6325 6347 6466 6759 6967 6807 7149 7209 7699 7240 2088 1851 1950 1190 1169 1057 821 645 472 333 446 1732 2171 2249 2319 2397 3007 4097 4148 3937 3853 3668 3834 3824 3739 4045 4066 4371 4495 4729 4982 5074 4955 4894 5257 4630 4454 4415 4221 4418 4455 4490 4828 4993 5069 5314 5614 5960 6266 
1653 1706 1518 1227 1056 741 581 539 409 216 0 128 510 661 984 1358 1462 1681 1943 2197 2473 2732 2911 3152 3278 3427 3935 3517 3465 3603 3567 3469 3410 3747 4145 4496 4674 5105 5447 5387 5669 5890 6047 6442 6421 6419 6361 6119 6105 6062 5096 5093 5189 5284 5405 5697 5811 5944 6188 6497 1980 1999 1962 1616 1403 1120 860 630 540 545 607 557 621 778 1028 1091 1052 1038 1201 1412 1703 1803 2049 2232 2401 3477 3609 3414 3342 3379 3613 3840 3743 3543 3335 3098 2942 2731 2137 1901 1691 1348 1002 666 464 148 177 495 760 999 1178 1358 1680 1790 1923 2082 2311 2571 2816 2990 3351 3510 3625 4136 4211 4543 4761 4806 4551 4411 4427 4434 4449 4090 3778 3538 3305 3145 2839 2770 2667 2350 2101 1780 1817 2079 2089 2116 2300 1877 1577 1271 622 488 540 662 3055 2833 2719 2708 2414 2365 2997 4197 4305 4480 4746 5263 5361 5217 5388 5700 6071 6056 6109 6131 6250 6543 6751 6591 6933 6994 7484 7026 2024 1834 1993 1240 1170 981 730 622 555 545 627 1655 2077 2129 2186 2252 2819 3884 3937 3721 3637 3452 3618 3608 3524 3830 3853 4161 4285 4520 4773 4867 4752 4696 5059 4430 4253 4223 4030 4232 4274 4316 4653 4823 4906 5157 5460 5808 6116 
1727 1785 1598 1317 1153 853 708 668 532 339 128 0 428 581 907 1282 1380 1583 1834 2084 2357 2613 2792 3031 3160 3305 3809 3389 3336 3475 3439 3343 3285 3622 4021 4373 4555 4984 5324 5262 5544 5763 5922 6317 6297 6297 6240 5999 5987 5946 4970 4966 5060 5155 5277 5569 5683 5818 6063 6373 1905 1950 1929 1598 1398 1132 905 725 660 673 734 665 691 781 1004 1034 956 919 1072 1284 1575 1677 1927 2113 2285 3362 3512 3320 3256 3298 3531 3762 3670 3471 3264 3030 2876 2669 2072 1830 1618 1276 928 592 388 67 58 389 657 898 1065 1250 1578 1680 1803 1959 2195 2460 2707 2876 3236 3393 3507 4018 4088 4420 4640 4908 4657 4526 4544 4553 4572 4212 3897 3658 3425 3265 2960 2888 2776 2461 2216 1894 1926 2185 2180 2199 2376 1938 1624 1347 685 515 495 582 2932 2709 2593 2580 2285 2237 2870 4075 4185 4362 4630 5148 5247 5107 5282 5593 5965 5941 5991 6012 6129 6422 6631 6474 6816 6877 7369 6912 2041 1880 2068 1323 1232 1001 747 683 662 660 720 1580 1991 2031 2081 2141 2693 3758 3809 3599 3516 3331 3498 3490 3408 3715 3742 4054 4179 4415 4668 4766 4656 4604 4967 4336 4158 4137 3945 4152 4201 4248 4583 4758 4846 5103 5407 5757 6065 
2155 2211 2024 1737 1567 1245 1039 964 783 635 510 428 0 153 479 854 954 1173 1449 1715 1997 2265 2450 2696 2809 2980 3518 3140 3116 3264 3264 3192 3155 3499 3912 4273 4486 4901 5216 5135 5402 5615 5790 6174 6175 6194 6151 5923 5924 5903 4825 4794 4859 4933 5037 5303 5407 5530 5759 6052 1477 1536 1536 1238 1071 866 766 807 873 970 1071 1066 1118 1177 1357 1318 1114 948 943 1097 1341 1409 1609 1771 1928 2995 3100 2904 2832 2871 3105 3335 3242 3043 2836 2603 2449 2245 1646 1403 1190 848 500 166 52 371 437 607 824 1038 1127 1324 1671 1722 1765 1887 2178 2481 2738 2859 3215 3358 3456 3964 3991 4312 4553 4900 4679 4606 4636 4664 4715 4351 4009 3775 3548 3392 3090 2997 2827 2530 2316 1994 1996 2224 2151 2129 2275 1790 1438 1282 656 429 173 154 2614 2402 2302 2316 2070 2062 2728 3981 4116 4314 4588 5115 5226 5107 5304 5611 5988 5909 5929 5934 6033 6330 6552 6415 6759 6825 7326 6877 2438 2301 2495 1747 1659 1409 1157 1111 1063 848 798 1152 1567 1622 1686 1761 2412 3612 3639 3507 3437 3257 3425 3441 3377 3692 3742 4081 4209 4451 4701 4820 4737 4708 5069 4429 4250 4269 4084 4308 4378 4445 4774 4964 5068 5342 5648 6003 6313 
2308 2364 2176 1888 1717 1390 1172 1091 905 771 661 581 153 0 325 701 801 1030 1319 1591 1875 2149 2335 2584 2690 2871 3422 3061 3050 3201 3214 3153 3124 3469 3886 4249 4473 4882 5187 5099 5360 5571 5751 6132 6139 6167 6128 5905 5911 5898 4783 4743 4797 4862 4959 5215 5314 5434 5656 5942 1324 1389 1399 1119 971 803 769 885 982 1097 1205 1213 1272 1324 1494 1438 1205 1005 943 1066 1284 1336 1510 1659 1809 2868 2954 2756 2680 2719 2953 3182 3089 2890 2683 2449 2296 2092 1493 1249 1037 695 347 32 196 524 590 733 928 1127 1188 1385 1731 1765 1779 1886 2194 2508 2767 2871 3224 3361 3453 3958 3969 4286 4533 4905 4695 4642 4676 4710 4772 4408 4057 3826 3601 3447 3148 3048 2858 2570 2368 2048 2040 2256 2158 2122 2256 1757 1396 1292 710 492 203 1 2509 2303 2211 2235 2011 2020 2694 3961 4104 4309 4585 5114 5228 5118 5322 5628 6005 5907 5917 5915 6008 6306 6532 6403 6747 6814 7319 6873 2583 2453 2649 1900 1813 1558 1307 1265 1211 952 875 999 1416 1478 1549 1632 2323 3573 3591 3488 3423 3246 3414 3439 3381 3697 3756 4103 4233 4475 4724 4850 4776 4756 5115 4474 4294 4328 4145 4375 4452 4525 4852 5046 5156 5435 5742 6098 6408 
2633 2689 2501 2210 2037 1704 1469 1379 1190 1076 984 907 479 325 0 375 480 740 1060 1347 1634 1916 2107 2359 2447 2653 3230 2913 2928 3085 3128 3089 3078 3423 3846 4213 4460 4854 5137 5035 5282 5487 5679 6049 6073 6116 6088 5876 5893 5895 4706 4645 4674 4721 4802 5034 5125 5234 5441 5712 998 1084 1125 905 820 765 871 1106 1248 1385 1504 1531 1597 1640 1792 1710 1431 1182 1019 1070 1215 1226 1331 1446 1574 2608 2646 2443 2359 2395 2629 2856 2763 2564 2357 2124 1972 1771 1170 924 711 370 36 317 520 849 914 1024 1181 1350 1364 1552 1891 1890 1846 1922 2260 2592 2851 2919 3262 3386 3464 3961 3938 4243 4504 4934 4747 4738 4779 4827 4911 4547 4179 3954 3736 3586 3295 3181 2954 2685 2509 2198 2171 2358 2214 2148 2253 1736 1363 1372 905 724 471 324 2302 2111 2038 2087 1918 1964 2647 3933 4094 4313 4591 5123 5246 5153 5372 5673 6052 5912 5899 5885 5964 6263 6499 6386 6730 6800 7311 6873 2893 2776 2974 2224 2138 1877 1627 1591 1529 1211 1096 673 1096 1180 1269 1372 2157 3507 3505 3466 3414 3243 3409 3452 3409 3726 3802 4166 4297 4541 4786 4927 4872 4869 5224 4582 4402 4464 4287 4527 4619 4705 5025 5228 5349 5638 5946 6304 6615 
3009 3064 2876 2584 2408 2071 1826 1730 1540 1440 1358 1282 854 701 375 0 137 462 818 1113 1394 1682 1874 2127 2190 2427 3033 2774 2822 2984 3063 3052 3062 3403 3829 4197 4469 4843 5100 4981 5211 5407 5613 5970 6013 6074 6058 5860 5889 5909 4638 4553 4551 4577 4638 4840 4919 5016 5204 5455 623 757 859 769 796 887 1107 1415 1585 1736 1861 1902 1972 2007 2144 2040 1728 1448 1209 1186 1236 1196 1198 1255 1346 2324 2294 2086 1989 2023 2257 2482 2388 2189 1982 1750 1599 1403 801 551 337 39 356 692 895 1225 1289 1377 1506 1648 1622 1797 2118 2084 1984 2024 2384 2729 2985 3012 3340 3448 3510 3993 3930 4219 4495 4999 4839 4877 4927 4989 5098 4735 4351 4134 3925 3780 3498 3372 3108 2863 2715 2419 2373 2529 2339 2242 2313 1791 1425 1552 1205 1057 834 699 2096 1929 1885 1965 1871 1960 2636 3929 4109 4342 4622 5154 5285 5213 5447 5742 6121 5934 5896 5868 5929 6229 6475 6381 6724 6798 7315 6886 3253 3148 3349 2598 2513 2245 1997 1966 1900 1543 1404 298 733 859 979 1111 2010 3463 3436 3474 3435 3274 3436 3500 3474 3789 3884 4263 4394 4639 4879 5034 5002 5017 5367 4726 4547 4640 4470 4720 4827 4926 5239 5451 5583 5882 6190 6550 6860 
3107 3165 2978 2690 2517 2184 1946 1852 1663 1556 1462 1380 954 801 480 137 0 328 685 979 1259 1547 1739 1992 2053 2292 2901 2651 2706 2868 2955 2952 2966 3305 3731 4099 4377 4746 4996 4873 5099 5293 5502 5856 5903 5969 5956 5761 5793 5818 4528 4437 4430 4451 4510 4708 4785 4881 5067 5318 538 751 892 859 912 1021 1244 1548 1712 1859 1981 2012 2071 2085 2206 2087 1758 1465 1199 1148 1164 1110 1083 1128 1212 2187 2169 1964 1879 1917 2151 2383 2296 2099 1894 1669 1522 1338 741 483 275 171 468 796 998 1325 1382 1445 1553 1678 1634 1800 2112 2064 1943 1969 2335 2683 2937 2949 3271 3375 3432 3909 3835 4120 4399 5116 4961 5006 5057 5121 5232 4869 4484 4268 4059 3915 3634 3507 3240 2997 2852 2556 2509 2662 2468 2368 2432 1911 1549 1687 1338 1184 950 800 1964 1801 1761 1848 1772 1873 2543 3835 4020 4257 4537 5068 5202 5136 5375 5667 6046 5846 5800 5769 5825 6125 6373 6284 6627 6702 7220 6795 3320 3232 3449 2701 2607 2325 2080 2062 2010 1671 1537 227 615 723 842 975 1887 3359 3326 3385 3349 3191 3352 3422 3401 3715 3816 4199 4330 4574 4812 4973 4948 4970 5317 4678 4499 4604 4437 4690 4804 4909 5218 5433 5571 5874 6182 6542 6852 
3296 3360 3175 2900 2736 2419 2201 2115 1927 1802 1681 1583 1173 1030 740 462 328 0 357 651 931 1219 1411 1664 1731 1964 2573 2331 2396 2560 2660 2670 2695 3029 3454 3821 4111 4469 4705 4576 4795 4986 5200 5548 5602 5674 5667 5478 5516 5551 4226 4127 4111 4128 4183 4379 4457 4553 4742 4998 535 902 1103 1153 1233 1349 1561 1842 1988 2121 2235 2238 2267 2227 2309 2154 1790 1476 1156 1040 971 880 785 805 884 1875 1928 1738 1697 1753 1982 2235 2170 1981 1787 1585 1458 1314 773 542 429 499 739 1034 1223 1536 1576 1575 1632 1715 1625 1768 2050 1970 1801 1796 2170 2521 2768 2749 3055 3147 3193 3658 3562 3838 4123 5432 5283 5334 5385 5449 5560 5197 4813 4596 4387 4242 3961 3834 3568 3325 3178 2879 2836 2991 2796 2693 2752 2233 1873 2014 1636 1464 1206 1030 1636 1475 1442 1538 1500 1625 2279 3564 3758 4003 4282 4812 4950 4897 5145 5432 5810 5583 5524 5485 5534 5834 6086 6006 6348 6424 6945 6525 3425 3380 3637 2904 2785 2469 2235 2252 2236 1951 1831 390 467 448 530 650 1569 3071 3027 3123 3096 2945 3103 3185 3175 3485 3598 3989 4120 4363 4596 4767 4759 4796 5137 4501 4325 4455 4295 4556 4683 4801 5101 5324 5473 5785 6093 6453 6762 
3511 3581 3400 3139 2985 2684 2489 2409 2224 2084 1943 1834 1449 1319 1060 818 685 357 0 295 579 866 1058 1311 1388 1610 2216 1983 2059 2224 2341 2366 2405 2731 3154 3519 3822 4166 4387 4250 4461 4649 4867 5210 5270 5351 5349 5168 5212 5257 3896 3787 3762 3774 3827 4022 4101 4199 4393 4655 738 1165 1395 1494 1587 1705 1906 2166 2296 2416 2521 2499 2499 2408 2451 2262 1874 1552 1195 1016 842 705 491 456 528 1551 1715 1549 1572 1649 1865 2137 2102 1927 1752 1586 1488 1397 960 789 745 855 1065 1327 1501 1795 1818 1761 1768 1805 1673 1785 2023 1910 1689 1645 2019 2367 2603 2545 2831 2907 2940 3387 3266 3531 3823 5780 5636 5690 5742 5806 5916 5553 5170 4952 4742 4597 4314 4189 3925 3681 3530 3229 3188 3347 3153 3049 3104 2587 2229 2368 1965 1780 1509 1318 1279 1120 1096 1205 1223 1379 2001 3271 3476 3728 4006 4532 4675 4637 4895 5175 5552 5294 5220 5174 5215 5514 5770 5701 6040 6119 6641 6228 3554 3553 3849 3135 2994 2648 2429 2478 2496 2263 2156 716 552 326 264 313 1223 2758 2702 2843 2826 2685 2837 2934 2937 3241 3367 3765 3895 4136 4363 4545 4556 4609 4942 4314 4140 4299 4149 4417 4559 4690 4978 5209 5369 5691 5997 6357 6663 
3728 3802 3624 3374 3226 2937 2754 2679 2496 2349 2197 2084 1715 1591 1347 1113 979 651 295 0 286 572 764 1016 1101 1315 1922 1708 1802 1967 2106 2150 2204 2520 2938 3298 3615 3943 4146 4001 4203 4386 4610 4946 5015 5104 5109 4936 4987 5042 3642 3522 3485 3490 3537 3728 3806 3904 4099 4365 957 1396 1640 1772 1876 2000 2200 2451 2573 2685 2785 2749 2732 2611 2626 2417 2018 1698 1332 1119 874 712 387 218 232 1280 1548 1411 1492 1585 1783 2067 2056 1898 1744 1615 1543 1496 1154 1026 1017 1150 1354 1603 1767 2049 2063 1975 1950 1956 1797 1882 2082 1943 1683 1605 1968 2308 2529 2435 2697 2757 2775 3202 3055 3306 3604 6061 5922 5983 6035 6100 6211 5848 5464 5248 5038 4892 4609 4485 4219 3976 3825 3524 3484 3642 3446 3339 3390 2874 2520 2664 2252 2062 1786 1591 985 837 832 963 1060 1250 1819 3062 3277 3536 3812 4333 4481 4458 4725 4998 5372 5084 4995 4941 4972 5271 5531 5472 5810 5891 6414 6008 3712 3743 4064 3365 3210 2847 2639 2708 2746 2541 2441 994 733 446 267 117 959 2529 2458 2650 2645 2515 2660 2771 2788 3084 3223 3626 3755 3992 4211 4403 4433 4502 4825 4206 4037 4221 4080 4353 4507 4650 4926 5164 5334 5663 5966 6325 6628 
3980 4056 3881 3637 3494 3211 3034 2961 2779 2629 2473 2357 1997 1875 1634 1394 1259 931 579 286 0 288 480 732 815 1033 1650 1482 1605 1769 1938 2009 2082 2380 2788 3142 3473 3780 3960 3805 3993 4168 4400 4726 4806 4907 4920 4758 4818 4887 3440 3303 3247 3238 3275 3453 3527 3622 3813 4078 1171 1609 1862 2027 2144 2280 2486 2738 2858 2967 3065 3022 2996 2856 2853 2631 2229 1914 1547 1319 1037 871 520 282 80 1004 1375 1272 1411 1517 1691 1981 1996 1857 1728 1637 1593 1589 1341 1252 1272 1430 1641 1887 2049 2324 2334 2230 2185 2171 1995 2060 2226 2068 1781 1673 2017 2342 2546 2415 2647 2690 2691 3090 2910 3143 3447 6313 6182 6254 6308 6376 6491 6128 5742 5527 5318 5174 4892 4766 4496 4256 4109 3809 3767 3921 3719 3608 3652 3139 2789 2946 2539 2349 2071 1875 718 606 648 814 1021 1239 1726 2921 3149 3414 3686 4199 4352 4347 4624 4888 5258 4935 4827 4763 4781 5079 5344 5300 5635 5717 6242 5845 3922 3976 4314 3626 3462 3090 2888 2970 3019 2826 2728 1254 931 644 462 291 768 2366 2275 2533 2542 2427 2562 2689 2722 3005 3158 3564 3690 3923 4133 4335 4385 4470 4783 4176 4011 4220 4089 4366 4532 4686 4950 5192 5372 5707 6007 6363 6664 
4205 4284 4112 3877 3739 3466 3299 3229 3049 2895 2732 2613 2265 2149 1916 1682 1547 1219 866 572 288 0 192 444 546 744 1365 1237 1388 1548 1746 1843 1934 2211 2606 2950 3295 3581 3739 3575 3750 3920 4157 4474 4564 4675 4695 4543 4611 4692 3205 3055 2982 2964 2994 3166 3238 3333 3527 3797 1439 1872 2129 2309 2431 2569 2772 3018 3131 3235 3329 3276 3237 3075 3052 2818 2414 2108 1746 1508 1204 1044 711 501 342 772 1305 1250 1449 1565 1708 1996 2038 1922 1820 1765 1745 1775 1593 1524 1556 1719 1924 2162 2317 2584 2587 2463 2398 2362 2171 2215 2344 2170 1861 1726 2045 2349 2533 2366 2566 2589 2574 2943 2733 2945 3255 6592 6465 6541 6596 6664 6779 6417 6031 5815 5607 5462 5180 5054 4784 4545 4397 4096 4055 4210 4007 3894 3936 3425 3076 3234 2820 2627 2346 2148 441 389 498 688 1000 1232 1616 2747 2984 3255 3522 4025 4183 4194 4480 4735 5100 4746 4621 4547 4554 4850 5119 5088 5420 5504 6029 5641 4099 4178 4535 3861 3687 3305 3113 3209 3272 3101 3007 1540 1196 916 740 577 592 2174 2063 2385 2407 2309 2433 2575 2623 2891 3057 3463 3585 3812 4012 4224 4293 4393 4695 4102 3942 4176 4056 4335 4513 4677 4927 5174 5362 5702 5998 6352 6649 
4365 4445 4275 4045 3911 3643 3481 3413 3234 3078 2911 2792 2450 2335 2107 1874 1739 1411 1058 764 480 192 0 252 377 552 1178 1094 1269 1424 1644 1760 1866 2123 2506 2842 3195 3464 3606 3434 3599 3764 4006 4315 4412 4531 4558 4414 4487 4576 3062 2900 2814 2787 2812 2976 3047 3141 3335 3608 1618 2047 2306 2495 2621 2761 2964 3207 3318 3419 3511 3453 3407 3234 3200 2959 2556 2256 1898 1657 1346 1191 875 680 533 633 1281 1261 1493 1613 1735 2018 2077 1977 1892 1861 1856 1905 1762 1705 1744 1911 2115 2349 2502 2764 2764 2630 2554 2507 2309 2340 2448 2266 1947 1798 2096 2385 2554 2365 2541 2550 2523 2867 2635 2832 3145 6775 6651 6731 6786 6855 6971 6609 6222 6007 5799 5654 5372 5246 4975 4737 4589 4288 4247 4402 4198 4084 4123 3613 3266 3426 3010 2815 2534 2335 278 328 486 674 1042 1275 1580 2652 2896 3170 3432 3927 4088 4111 4402 4650 5012 4634 4497 4416 4415 4709 4982 4959 5289 5374 5899 5518 4232 4326 4693 4028 3849 3461 3275 3378 3449 3288 3196 1729 1373 1099 926 768 543 2068 1943 2312 2344 2259 2373 2525 2584 2841 3014 3418 3538 3760 3952 4171 4253 4364 4656 4075 3919 4169 4057 4337 4522 4692 4933 5182 5376 5719 6012 6364 6657 
4584 4665 4498 4274 4142 3880 3724 3658 3480 3322 3152 3031 2696 2584 2359 2127 1992 1664 1311 1016 732 444 252 0 215 301 939 938 1149 1292 1542 1686 1809 2036 2397 2719 3084 3327 3444 3262 3412 3569 3817 4115 4223 4353 4387 4255 4336 4438 2887 2709 2602 2562 2575 2728 2796 2889 3083 3358 1855 2279 2540 2740 2870 3013 3216 3457 3566 3664 3754 3690 3638 3452 3405 3157 2756 2464 2112 1868 1553 1406 1106 925 785 501 1287 1312 1579 1702 1794 2068 2147 2068 2006 2003 2015 2086 1988 1945 1991 2163 2367 2598 2748 3005 3003 2858 2771 2710 2505 2523 2606 2415 2087 1923 2194 2460 2609 2393 2536 2527 2483 2791 2530 2703 3018 7015 6895 6980 7035 7106 7223 6861 6474 6259 6051 5907 5625 5499 5226 4989 4841 4541 4500 4654 4448 4332 4369 3860 3515 3679 3262 3065 2783 2584 195 409 583 742 1152 1378 1574 2550 2802 3079 3333 3815 3979 4019 4318 4555 4911 4502 4347 4257 4243 4535 4811 4802 5127 5215 5739 5368 4418 4529 4908 4254 4069 3675 3495 3607 3686 3537 3447 1977 1610 1342 1173 1019 586 1955 1809 2244 2290 2223 2324 2488 2561 2799 2982 3382 3498 3713 3894 4120 4220 4344 4624 4060 3910 4180 4078 4359 4552 4730 4958 5211 5411 5757 6046 6394 6684 
4743 4823 4652 4421 4284 4012 3844 3773 3592 3440 3278 3160 2809 2690 2447 2190 2053 1731 1388 1101 815 546 377 215 0 343 977 1091 1321 1456 1720 1876 2005 2218 2567 2879 3249 3475 3571 3380 3513 3660 3916 4198 4320 4462 4505 4383 4471 4583 3003 2808 2675 2611 2602 2716 2770 2846 3016 3267 1860 2270 2532 2761 2907 3070 3292 3553 3673 3780 3875 3823 3782 3612 3577 3334 2931 2633 2276 2034 1723 1569 1251 1047 880 285 1093 1139 1425 1548 1621 1888 1977 1911 1866 1885 1913 2006 1970 1956 2024 2225 2453 2702 2861 3130 3134 3006 2932 2883 2683 2710 2805 2617 2292 2132 2407 2676 2825 2607 2744 2731 2683 2976 2701 2858 3174 7013 6905 7010 7069 7145 7273 6912 6519 6308 6104 5962 5685 5554 5269 5041 4904 4609 4562 4705 4486 4362 4388 3886 3549 3739 3353 3164 2886 2690 410 617 791 956 1362 1590 1784 2722 2978 3256 3505 3978 4144 4194 4496 4727 5079 4651 4482 4384 4359 4648 4927 4931 5252 5341 5864 5503 4603 4702 5071 4404 4226 3838 3652 3753 3819 3641 3542 2015 1618 1368 1216 1081 801 2124 1966 2435 2486 2425 2521 2688 2766 2997 3183 3582 3696 3908 4084 4313 4419 4548 4824 4265 4117 4391 4291 4571 4766 4945 5171 5424 5625 5972 6260 6607 6896 
4825 4909 4744 4529 4403 4149 4002 3938 3762 3601 3427 3305 2980 2871 2653 2427 2292 1964 1610 1315 1033 744 552 301 343 0 648 776 1025 1146 1426 1601 1742 1927 2256 2558 2933 3145 3231 3039 3170 3318 3573 3857 3977 4119 4163 4044 4134 4250 2661 2465 2335 2280 2283 2427 2495 2589 2788 3072 2152 2573 2834 3040 3171 3314 3514 3748 3851 3945 4031 3959 3897 3694 3632 3376 2978 2697 2354 2110 1792 1654 1377 1212 1083 530 1396 1467 1761 1884 1945 2204 2302 2245 2206 2228 2256 2344 2278 2243 2292 2463 2663 2886 3032 3281 3274 3115 3013 2938 2724 2726 2779 2579 2245 2068 2302 2539 2663 2417 2518 2488 2425 2685 2391 2533 2850 7312 7194 7281 7337 7407 7524 7162 6775 6560 6352 6207 5925 5799 5527 5290 5141 4839 4799 4955 4749 4633 4669 4161 3816 3979 3554 3355 3072 2871 375 612 766 879 1300 1510 1576 2415 2674 2953 3195 3659 3827 3887 4193 4416 4764 4320 4145 4044 4017 4305 4585 4592 4912 5000 5524 5165 4618 4751 5146 4506 4313 3912 3742 3865 3955 3823 3738 2279 1907 1642 1475 1320 719 1815 1645 2156 2218 2174 2256 2433 2522 2735 2928 3320 3430 3634 3801 4035 4156 4296 4560 4019 3877 4170 4080 4360 4563 4750 4962 5217 5424 5774 6056 6399 6684 
5231 5320 5166 4974 4863 4636 4516 4461 4292 4121 3935 3809 3518 3422 3230 3033 2901 2573 2216 1922 1650 1365 1178 939 977 648 0 592 839 869 1175 1398 1566 1638 1876 2121 2507 2652 2679 2470 2570 2703 2967 3232 3368 3527 3585 3489 3594 3735 2093 1867 1703 1633 1636 1807 1894 2012 2257 2592 2793 3218 3479 3674 3795 3920 4100 4307 4390 4467 4542 4446 4357 4113 4013 3741 3360 3110 2796 2556 2245 2132 1912 1787 1690 1072 1915 2030 2342 2463 2490 2725 2845 2814 2799 2844 2883 2984 2925 2883 2922 3071 3244 3440 3569 3792 3773 3578 3442 3332 3104 3070 3054 2843 2509 2310 2458 2621 2685 2389 2396 2319 2219 2364 2010 2080 2390 7953 7830 7904 7957 8022 8129 7765 7385 7166 6954 6807 6521 6400 6141 5895 5735 5428 5395 5561 5368 5258 5301 4790 4439 4579 4120 3913 3625 3422 936 1120 1217 1241 1613 1771 1568 2041 2306 2579 2792 3210 3383 3483 3798 3993 4322 3816 3606 3487 3437 3718 4003 4035 4345 4436 4955 4617 4923 5108 5539 4943 4731 4316 4170 4320 4442 4366 4297 2905 2549 2277 2105 1942 1117 1465 1252 1896 1990 2002 2038 2232 2352 2501 2709 3072 3167 3344 3479 3726 3887 4059 4286 3800 3677 4013 3952 4225 4446 4649 4823 5081 5302 5654 5921 6251 6522 
4722 4813 4666 4492 4393 4191 4097 4053 3894 3714 3517 3389 3140 3061 2913 2774 2651 2331 1983 1708 1482 1237 1094 938 1091 776 592 0 269 370 661 858 1016 1159 1480 1788 2159 2390 2513 2340 2513 2686 2920 3243 3326 3438 3463 3322 3399 3500 1969 1821 1779 1808 1897 2183 2307 2460 2748 3117 2652 3090 3342 3477 3563 3644 3782 3944 4001 4059 4121 4003 3891 3620 3496 3219 2851 2624 2339 2109 1814 1730 1585 1527 1495 1307 2172 2231 2512 2635 2712 2976 3068 3000 2943 2939 2944 2999 2822 2729 2725 2813 2931 3083 3189 3380 3347 3124 2963 2830 2598 2544 2498 2285 1955 1753 1875 2029 2095 1803 1834 1775 1692 1915 1615 1767 2084 7763 7613 7642 7687 7739 7823 7458 7093 6867 6648 6496 6202 6093 5863 5598 5418 5102 5082 5270 5107 5016 5083 4563 4199 4284 3771 3553 3264 3062 816 877 889 827 1117 1237 976 1639 1898 2177 2419 2887 3054 3111 3416 3641 3990 3565 3410 3324 3321 3616 3887 3869 4196 4282 4807 4432 4366 4572 5021 4455 4231 3811 3683 3851 3998 3982 3934 2699 2414 2125 1940 1762 763 1039 875 1398 1473 1456 1516 1702 1809 1992 2192 2574 2679 2875 3034 3271 3405 3558 3808 3288 3155 3472 3400 3676 3891 4089 4277 4534 4750 5102 5375 5711 5988 
4596 4688 4548 4389 4300 4115 4041 4004 3852 3668 3465 3336 3116 3050 2928 2822 2706 2396 2059 1802 1605 1388 1269 1149 1321 1025 839 269 0 165 401 588 746 902 1248 1575 1935 2195 2355 2201 2402 2590 2808 3152 3212 3303 3315 3156 3223 3308 1840 1731 1747 1820 1945 2278 2420 2588 2898 3286 2758 3198 3443 3549 3617 3675 3790 3924 3965 4009 4063 3930 3802 3511 3368 3087 2734 2529 2270 2052 1776 1714 1624 1604 1605 1554 2412 2457 2728 2851 2940 3209 3294 3216 3149 3129 3124 3163 2942 2829 2805 2861 2949 3074 3164 3332 3291 3049 2870 2720 2485 2413 2336 2123 1801 1596 1676 1802 1850 1550 1566 1505 1423 1661 1381 1563 1876 7821 7658 7666 7707 7751 7822 7458 7101 6872 6650 6496 6199 6095 5882 5608 5417 5098 5086 5285 5138 5057 5135 4613 4245 4300 3760 3538 3251 3050 1000 1005 970 858 1051 1123 742 1402 1656 1934 2185 2666 2830 2873 3175 3407 3762 3365 3232 3160 3176 3474 3738 3700 4032 4116 4641 4253 4196 4424 4886 4348 4115 3692 3578 3761 3925 3949 3915 2775 2526 2236 2050 1870 844 806 675 1134 1205 1186 1247 1433 1539 1724 1924 2307 2413 2612 2776 3012 3140 3290 3544 3019 2885 3202 3131 3407 3623 3822 4008 4265 4482 4834 5106 5441 5718 
4702 4795 4658 4506 4422 4245 4178 4143 3994 3808 3603 3475 3264 3201 3085 2984 2868 2560 2224 1967 1769 1548 1424 1292 1456 1146 869 370 165 0 307 528 698 794 1111 1426 1793 2040 2192 2036 2237 2426 2643 2988 3047 3139 3151 2995 3063 3152 1675 1568 1595 1681 1819 2172 2322 2498 2820 3220 2923 3363 3608 3713 3779 3835 3945 4072 4108 4149 4200 4061 3927 3627 3475 3192 2848 2654 2405 2192 1922 1867 1786 1769 1770 1677 2541 2595 2872 2995 3077 3343 3433 3360 3297 3283 3281 3323 3107 2994 2969 3024 3107 3225 3312 3473 3429 3180 2994 2838 2602 2521 2426 2213 1899 1694 1743 1838 1864 1550 1529 1449 1352 1548 1246 1411 1726 7983 7819 7823 7863 7906 7974 7610 7255 7025 6802 6648 6350 6248 6038 5763 5569 5250 5239 5440 5296 5217 5296 4774 4406 4456 3910 3687 3401 3201 1152 1167 1135 1021 1195 1248 789 1269 1528 1807 2050 2523 2688 2741 3046 3272 3623 3212 3073 2998 3012 3309 3575 3539 3871 3955 4480 4094 4276 4517 4987 4463 4227 3803 3696 3885 4056 4093 4063 2939 2691 2401 2215 2035 1009 670 518 1042 1126 1132 1173 1364 1483 1643 1847 2221 2322 2513 2667 2907 3047 3207 3449 2942 2814 3144 3083 3355 3576 3780 3954 4211 4432 4784 5052 5383 5656 
4573 4668 4539 4405 4332 4178 4133 4106 3967 3777 3567 3439 3264 3214 3128 3063 2955 2660 2341 2106 1938 1746 1644 1542 1720 1426 1175 661 401 307 0 231 403 500 862 1205 1551 1842 2046 1917 2154 2359 2553 2922 2950 3014 3008 2829 2882 2950 1578 1530 1632 1767 1941 2336 2500 2690 3030 3444 3062 3499 3736 3811 3858 3888 3972 4068 4086 4111 4152 3997 3847 3525 3353 3068 2746 2581 2367 2172 1930 1901 1876 1897 1927 1956 2812 2854 3119 3242 3336 3607 3689 3607 3533 3504 3491 3517 3258 3125 3081 3102 3152 3240 3309 3443 3391 3122 2919 2744 2509 2408 2275 2065 1771 1571 1558 1608 1606 1281 1230 1144 1044 1259 992 1204 1510 8053 7875 7854 7889 7924 7978 7615 7271 7038 6812 6656 6354 6260 6069 5784 5579 5257 5255 5467 5342 5274 5365 4843 4472 4490 3917 3691 3410 3214 1384 1356 1290 1142 1210 1204 613 1009 1259 1537 1792 2283 2444 2477 2776 3013 3371 3001 2891 2835 2874 3174 3429 3367 3704 3785 4309 3907 4096 4362 4847 4357 4112 3688 3600 3803 3992 4075 4059 3047 2838 2549 2364 2185 1170 428 377 738 819 828 865 1057 1177 1336 1540 1916 2019 2214 2375 2611 2745 2901 3148 2634 2506 2837 2777 3050 3271 3476 3647 3905 4127 4479 4746 5076 5348 
4411 4507 4383 4261 4196 4057 4027 4006 3873 3682 3469 3343 3192 3153 3089 3052 2952 2670 2366 2150 2009 1843 1760 1686 1876 1601 1398 858 588 528 231 0 172 371 788 1152 1465 1800 2049 1947 2209 2424 2598 2982 2987 3027 3006 2809 2847 2892 1632 1628 1773 1933 2124 2535 2704 2899 3244 3663 3098 3531 3760 3811 3843 3854 3917 3991 3995 4011 4045 3879 3718 3384 3198 2914 2607 2463 2275 2095 1878 1868 1886 1936 1989 2124 2969 2996 3250 3371 3478 3754 3827 3736 3652 3608 3586 3597 3304 3155 3096 3092 3116 3180 3236 3351 3292 3012 2797 2611 2378 2264 2108 1901 1624 1429 1376 1397 1382 1053 1001 922 834 1107 904 1168 1456 8023 7835 7795 7827 7856 7900 7538 7201 6967 6738 6581 6278 6189 6012 5721 5508 5185 5188 5409 5298 5238 5339 4818 4445 4439 3849 3621 3344 3153 1515 1454 1363 1196 1182 1132 473 913 1142 1412 1680 2190 2344 2352 2642 2892 3257 2934 2855 2817 2878 3178 3422 3336 3678 3755 4276 3861 3906 4185 4678 4210 3961 3537 3461 3672 3874 3987 3983 3059 2883 2596 2414 2239 1253 420 489 558 617 604 659 844 956 1136 1335 1721 1829 2034 2208 2438 2555 2702 2960 2430 2297 2619 2554 2828 3048 3251 3427 3684 3905 4257 4526 4858 5133 
4299 4396 4276 4164 4104 3978 3960 3943 3817 3624 3410 3285 3155 3124 3078 3062 2966 2695 2405 2204 2082 1934 1866 1809 2005 1742 1566 1016 746 698 403 172 0 345 768 1136 1417 1781 2064 1981 2259 2480 2638 3032 3020 3043 3010 2800 2827 2855 1686 1713 1886 2062 2262 2684 2856 3054 3404 3826 3142 3570 3793 3826 3847 3843 3891 3947 3941 3948 3976 3803 3634 3289 3094 2810 2518 2391 2226 2059 1862 1868 1918 1987 2057 2260 3095 3114 3359 3479 3594 3872 3940 3843 3752 3698 3669 3670 3353 3194 3123 3100 3105 3152 3197 3296 3233 2944 2720 2526 2296 2172 1996 1794 1533 1346 1254 1248 1219 887 830 758 682 1009 868 1165 1433 8011 7815 7762 7791 7815 7852 7490 7160 6924 6694 6536 6232 6147 5980 5686 5467 5143 5151 5377 5277 5223 5331 4812 4439 4414 3812 3584 3311 3124 1632 1550 1445 1268 1196 1113 430 869 1073 1333 1608 2129 2276 2264 2546 2806 3176 2889 2834 2809 2887 3185 3421 3319 3662 3736 4253 3830 3771 4060 4560 4111 3857 3434 3369 3587 3798 3935 3939 3085 2933 2650 2471 2298 1342 485 613 451 481 440 516 690 792 993 1185 1578 1691 1903 2088 2311 2415 2554 2820 2278 2141 2456 2388 2662 2880 3082 3262 3519 3738 4090 4361 4695 4971 
4589 4686 4573 4471 4419 4303 4293 4279 4155 3962 3747 3622 3499 3469 3423 3403 3305 3029 2731 2520 2380 2211 2123 2036 2218 1927 1638 1159 902 794 500 371 345 0 426 794 1094 1441 1718 1640 1924 2149 2299 2696 2677 2698 2665 2457 2488 2525 1357 1412 1626 1831 2055 2503 2686 2895 3260 3697 3466 3897 4124 4165 4189 4188 4237 4290 4280 4284 4308 4130 3954 3602 3396 3113 2836 2723 2568 2404 2208 2211 2248 2305 2360 2456 3311 3348 3608 3730 3831 4103 4182 4095 4016 3976 3955 3968 3673 3521 3457 3441 3450 3497 3541 3635 3570 3277 3048 2848 2621 2489 2292 2097 1854 1674 1546 1483 1401 1064 886 750 613 758 535 820 1094 8357 8160 8106 8135 8158 8192 7831 7502 7266 7036 6877 6573 6489 6325 6030 5810 5486 5495 5722 5622 5569 5676 5156 4783 4759 4156 3928 3656 3469 1872 1822 1734 1567 1533 1458 776 542 773 1047 1311 1819 1973 1988 2282 2526 2889 2564 2495 2466 2541 2840 3076 2979 3321 3396 3916 3496 4020 4331 4840 4416 4159 3738 3683 3907 4125 4275 4282 3419 3252 2966 2784 2609 1623 235 453 264 382 483 436 631 778 868 1078 1434 1531 1718 1875 2113 2255 2421 2656 2162 2045 2396 2355 2620 2850 3062 3210 3467 3695 4046 4304 4627 4892 
