6
235
48 0 1 2 3 4 5 6 7 8 9 10 11 12 13 14 15 16 17 18 19 20 21 22 23 24 25 26 27 28 29 30 31 32 33 34 35 36 37 38 39 40 41 42 43 44 45 46 47
47 48 49 50 51 52 53 54 55 56 57 11 12 13 14 15 16 17 18 19 20 21 22 23 24 25 26 27 28 29 30 31 32 33 34 35 36 37 38 39 40 41 42 43 44 45 46 47
29 58 26 27 28 59 60 61 62 63 64 65 66 67 68 69 70 71 72 73 74 75 76 77 78 79 80 81 82 83
40 84 85 86 87 88 89 90 91 92 93 94 95 96 97 98 99 100 101 102 103 104 105 106 107 108 109 110 111 112 113 114 115 116 117 118 119 120 121 122 123
70 124 125 126 127 128 129 130 131 132 133 0 134 135 136 137 138 139 140 141 142 143 16 17 18 144 145 146 147 148 149 150 151 26 27 28 29 30 31 32 33 152 153 154 155 156 157 158 159 160 161 162 163 164 165 166 167 168 169 170 171 172 173 174 175 176 177 178 179 180 181
71 182 183 184 185 186 187 188 189 190 191 192 193 194 195 196 197 198 199 200 201 202 203 204 205 206 207 208 209 210 211 17 18 212 144 145 146 147 213 151 26 27 28 214 215 216 217 218 219 220 221 222 152 153 154 155 156 223 224 41 42 225 226 227 228 229 230 46 231 232 233 234
900 900 1200 1200 1800 2700 
0 315 540 814 887 1018 1240 1589 1314 1542 1438 1389 1106 1148 1441 1752 2135 2535 2616 2961 3190 3419 3502 3798 4319 4604 4501 4602 4712 4908 5066 5296 5600 5851 5930 5930 5939 5970 6085 6284 6463 6562 6555 6489 6513 6515 6524 6489 4469 4056 3672 3410 3281 2852 2601 2359 1998 1702 4793 4894 4841 4769 4712 4717 4879 4985 4969 5052 5218 5475 5749 6066 6332 6547 6558 6603 6646 6653 6655 6684 6670 6653 6406 6002 1454 1784 1996 1968 2462 2595 2724 3076 3285 3490 3738 4045 4141 4319 4457 4742 4927 5072 5303 5601 5872 5904 5899 5899 5916 5950 6020 6210 6467 6437 6441 6464 6519 6576 6445 6250 6138 6019 5742 5698 966 1411 952 879 598 808 895 762 519 328 844 821 1017 970 757 798 1328 1588 1941 2001 2904 3317 3964 4042 4118 4192 4330 4289 5931 5931 6177 6327 6530 7184 7265 7670 8153 8035 8059 8103 7833 7845 8068 8427 8725 8830 8902 9156 9370 9579 9956 10152 10486 10485 10468 10465 10592 10803 4217 4064 3907 3799 3557 3315 3136 3273 3053 2838 2858 2652 2280 2225 2169 2014 1891 1655 1527 1755 1916 2082 2230 2240 2551 2448 2486 2657 2490 2447 2651 4170 4930 5219 5457 5706 5892 6019 6057 5988 5954 6653 6598 6338 6117 5820 5773 6156 6452 6588 6621 6082 5690 
315 0 225 499 606 709 926 1274 1013 1255 1185 1176 917 1080 1433 1693 2087 2489 2560 2883 3092 3325 3389 3646 4193 4481 4393 4505 4625 4834 5008 5250 5565 5828 5928 5947 5967 6015 6135 6335 6515 6622 6622 6570 6607 6620 6643 6615 4182 3773 3395 3138 3012 2599 2359 2128 1791 1515 4659 4825 4788 4734 4699 4710 4894 5012 5013 5120 5308 5569 5836 6148 6407 6612 6618 6652 6686 6672 6655 6671 6643 6611 6357 5949 1401 1710 1968 1988 2501 2652 2785 3136 3370 3562 3789 4072 4179 4387 4529 4801 4980 5135 5360 5653 5920 5929 5917 5899 5896 5914 5970 6150 6380 6339 6335 6347 6393 6441 6305 6113 6018 5896 5613 5558 1000 1404 907 806 493 617 620 458 205 14 1160 1122 1281 1183 935 908 1385 1627 1972 1966 2855 3294 3949 4001 4054 4116 4244 4190 5934 5949 6200 6354 6561 7205 7265 7671 8159 8049 8080 8140 7874 7891 8115 8467 8762 8879 8959 9213 9427 9634 10010 10217 10552 10542 10518 10508 10618 10820 4527 4369 4205 4088 3839 3593 3404 3526 3298 3075 3074 2880 2491 2451 2420 2291 2135 1892 1734 1936 2072 2214 2326 2308 2602 2484 2493 2672 2504 2434 2558 4087 4853 5141 5380 5634 5823 5963 6009 5951 5935 6693 6649 6412 6199 5908 5872 6264 6559 6715 6762 6222 5842 
540 225 0 279 453 505 706 1048 795 1047 1008 1035 808 1063 1446 1662 2058 2456 2520 2824 3017 3251 3301 3530 4093 4382 4306 4425 4551 4769 4954 5204 5527 5798 5914 5945 5973 6033 6157 6358 6538 6650 6656 6613 6660 6680 6713 6691 3969 3563 3189 2936 2812 2411 2181 1959 1644 1389 4553 4763 4737 4698 4678 4695 4893 5019 5033 5157 5360 5624 5884 6193 6445 6644 6646 6672 6699 6671 6640 6647 6610 6566 6308 5898 1382 1667 1954 2009 2529 2692 2827 3174 3424 3607 3817 4082 4196 4426 4569 4832 5006 5167 5389 5677 5941 5934 5915 5885 5868 5874 5921 6093 6304 6255 6246 6249 6288 6331 6191 6001 5919 5794 5507 5444 1103 1465 963 850 554 579 476 276 23 211 1385 1336 1471 1345 1086 1021 1445 1668 2002 1948 2817 3272 3929 3963 3999 4053 4172 4110 5922 5948 6203 6360 6568 7204 7250 7656 8146 8042 8079 8150 7887 7907 8132 8479 8771 8897 8983 9237 9450 9657 10031 10245 10582 10565 10535 10520 10619 10815 4743 4580 4412 4288 4033 3784 3588 3698 3465 3237 3222 3037 2638 2608 2595 2484 2306 2060 1885 2068 2186 2310 2396 2358 2638 2511 2498 2681 2514 2426 2490 4019 4786 5074 5312 5569 5760 5909 5960 5910 5907 6706 6671 6451 6243 5958 5929 6328 6621 6791 6847 6309 5937 
814 499 279 0 300 241 427 780 586 864 899 992 833 1183 1586 1747 2138 2527 2581 2859 3030 3264 3294 3481 4066 4356 4296 4423 4558 4786 4985 5245 5576 5857 5991 6037 6073 6147 6275 6476 6656 6775 6786 6754 6812 6840 6883 6867 3751 3354 2990 2745 2626 2253 2043 1841 1569 1354 4515 4786 4774 4753 4751 4774 4989 5123 5151 5293 5512 5778 6032 6336 6582 6774 6771 6787 6807 6762 6716 6711 6662 6605 6342 5930 1489 1739 2054 2146 2667 2841 2977 3319 3583 3756 3948 4193 4313 4567 4711 4964 5132 5299 5516 5799 6058 6033 6008 5964 5929 5921 5956 6117 6304 6244 6228 6220 6250 6284 6138 5953 5888 5760 5468 5393 1206 1504 1020 902 662 568 332 149 302 486 1657 1615 1744 1606 1342 1256 1629 1830 2147 2043 2878 3350 4005 4018 4032 4074 4184 4109 6002 6041 6299 6459 6670 7295 7324 7730 8223 8125 8170 8253 7993 8018 8243 8583 8872 9009 9100 9353 9566 9772 10144 10366 10705 10680 10645 10624 10709 10897 5022 4859 4690 4564 4305 4055 3856 3958 3723 3492 3466 3289 2883 2860 2859 2758 2568 2320 2135 2303 2407 2515 2577 2521 2784 2648 2613 2799 2634 2526 2517 4034 4801 5087 5324 5584 5777 5938 5996 5955 5968 6814 6789 6587 6386 6106 6085 6491 6783 6967 7032 6496 6132 
887 606 453 300 0 232 481 861 803 1090 1173 1285 1133 1470 1868 2044 2436 2826 2881 3158 3328 3561 3589 3763 4354 4644 4588 4717 4854 5084 5284 5544 5876 6158 6290 6334 6370 6441 6568 6769 6949 7066 7075 7040 7093 7117 7156 7136 3896 3513 3164 2932 2819 2475 2283 2096 1847 1646 4800 5084 5074 5053 5050 5073 5286 5419 5443 5580 5793 6058 6315 6621 6869 7063 7062 7081 7102 7060 7016 7011 6962 6905 6641 6229 1781 2038 2349 2431 2952 3122 3258 3602 3860 4038 4237 4487 4606 4852 4996 5252 5422 5588 5806 6091 6351 6330 6306 6263 6229 6221 6255 6415 6598 6536 6517 6506 6533 6564 6416 6232 6174 6045 5751 5673 999 1242 784 669 510 322 33 185 474 598 1690 1708 1886 1785 1530 1475 1890 2104 2429 2338 3178 3649 4305 4318 4331 4373 4480 4404 6301 6338 6596 6756 6966 7593 7623 8029 8522 8424 8468 8549 8288 8312 8537 8879 9168 9303 9393 9647 9860 10066 10439 10659 10997 10974 10940 10920 11007 11196 5093 4948 4794 4686 4441 4196 4010 4131 3902 3678 3670 3481 3086 3052 3026 2895 2740 2496 2331 2520 2640 2763 2842 2796 3067 2933 2905 3090 2924 2821 2816 4331 5099 5384 5621 5881 6075 6236 6295 6255 6268 7109 7082 6875 6671 6389 6364 6767 7060 7236 7296 6758 6388 
1018 709 505 241 232 0 255 636 584 870 981 1121 1011 1396 1802 1938 2323 2704 2752 3012 3168 3400 3417 3570 4169 4460 4412 4545 4686 4921 5129 5395 5732 6019 6163 6218 6260 6341 6471 6673 6853 6975 6988 6962 7025 7056 7104 7090 3666 3282 2932 2700 2588 2248 2063 1883 1655 1476 4609 4925 4922 4912 4922 4949 5173 5312 5348 5499 5726 5993 6244 6545 6787 6975 6970 6982 6997 6943 6887 6875 6819 6753 6486 6073 1692 1922 2250 2358 2878 3056 3193 3532 3802 3970 4154 4388 4511 4776 4921 5168 5333 5503 5718 5998 6254 6219 6190 6137 6091 6075 6101 6254 6424 6356 6334 6317 6340 6367 6217 6035 5984 5855 5558 5476 1231 1463 1015 900 731 554 257 257 528 698 1849 1832 1976 1844 1581 1497 1860 2054 2363 2235 3047 3527 4180 4179 4179 4214 4316 4233 6177 6223 6483 6644 6856 7475 7493 7899 8393 8300 8349 8439 8181 8208 8434 8770 9057 9200 9295 9547 9760 9965 10336 10563 10902 10872 10834 10810 10886 11070 5235 5079 4914 4793 4538 4289 4093 4198 3963 3732 3707 3529 3124 3101 3097 2990 2806 2559 2376 2544 2646 2751 2806 2743 2999 2858 2813 3000 2836 2719 2667 4169 4935 5218 5454 5716 5911 6079 6142 6108 6131 7005 6984 6793 6595 6318 6301 6709 7000 7190 7259 6723 6362 
1240 926 706 427 481 255 0 381 423 687 862 1046 1005 1433 1839 1924 2296 2662 2701 2934 3070 3300 3301 3420 4031 4321 4286 4425 4572 4815 5033 5306 5649 5944 6103 6172 6221 6316 6449 6650 6830 6958 6977 6961 7035 7074 7133 7126 3415 3034 2689 2462 2353 2033 1865 1704 1517 1381 4461 4822 4832 4837 4863 4895 5133 5280 5328 5498 5740 6008 6251 6548 6783 6963 6953 6956 6964 6894 6825 6802 6736 6658 6388 5974 1705 1898 2241 2380 2895 3081 3217 3548 3832 3989 4153 4366 4495 4781 4927 5162 5321 5497 5707 5980 6232 6179 6144 6078 6018 5989 6005 6149 6298 6222 6195 6169 6185 6205 6052 5874 5836 5704 5405 5314 1477 1681 1254 1142 986 799 503 499 729 913 2081 2042 2160 2005 1738 1630 1936 2106 2394 2223 2991 3481 4129 4108 4090 4115 4207 4116 6120 6177 6440 6604 6817 7424 7427 7832 8328 8241 8296 8398 8144 8175 8401 8730 9014 9166 9267 9519 9730 9934 10304 10538 10878 10841 10797 10768 10831 11007 5449 5284 5112 4981 4718 4466 4261 4352 4112 3876 3836 3669 3255 3243 3258 3172 2965 2717 2518 2666 2750 2836 2865 2785 3021 2874 2808 2995 2835 2702 2588 4065 4827 5107 5341 5605 5800 5977 6046 6020 6057 6972 6960 6788 6597 6327 6318 6732 7020 7225 7305 6772 6421 
1589 1274 1048 780 861 636 381 0 417 532 805 1039 1104 1561 1950 1960 2301 2637 2661 2850 2953 3176 3152 3215 3842 4128 4113 4262 4418 4671 4905 5188 5539 5844 6026 6115 6177 6290 6428 6629 6807 6944 6971 6971 7060 7111 7187 7189 3040 2664 2329 2112 2010 1728 1594 1472 1370 1314 4252 4685 4713 4741 4792 4832 5090 5248 5316 5511 5775 6045 6276 6564 6787 6954 6939 6928 6924 6832 6741 6703 6622 6527 6251 5838 1787 1918 2276 2456 2953 3149 3284 3599 3900 4039 4174 4354 4492 4807 4954 5171 5320 5503 5704 5968 6211 6133 6088 6003 5919 5873 5872 6002 6119 6031 5995 5956 5961 5971 5813 5640 5623 5489 5186 5083 1850 2026 1621 1512 1368 1174 881 874 1070 1260 2434 2368 2454 2273 2006 1872 2097 2230 2481 2251 2941 3440 4073 4022 3976 3987 4064 3959 6047 6121 6388 6554 6770 7359 7338 7741 8239 8161 8225 8344 8096 8133 8359 8677 8955 9122 9231 9482 9692 9894 10260 10505 10846 10798 10746 10709 10751 10917 5771 5595 5412 5268 4994 4739 4523 4593 4348 4106 4045 3894 3472 3475 3514 3457 3220 2973 2757 2876 2934 2994 2986 2881 3087 2931 2837 3022 2870 2715 2506 3929 4680 4955 5185 5450 5647 5837 5914 5901 5959 6933 6935 6792 6612 6352 6355 6777 7061 7288 7383 6855 6520 
1314 1013 795 586 803 584 423 417 0 286 443 650 687 1143 1534 1561 1916 2268 2301 2520 2650 2879 2877 3001 3609 3899 3862 4001 4149 4392 4612 4887 5231 5528 5694 5769 5823 5925 6061 6262 6442 6574 6596 6589 6671 6718 6788 6786 3175 2773 2405 2159 2040 1674 1479 1299 1094 966 4041 4400 4412 4422 4455 4489 4735 4887 4944 5127 5382 5651 5887 6179 6407 6581 6569 6565 6568 6490 6414 6387 6317 6237 5966 5552 1375 1525 1878 2047 2550 2743 2878 3199 3495 3639 3785 3981 4115 4417 4563 4788 4942 5122 5327 5596 5844 5780 5742 5669 5602 5570 5583 5726 5875 5800 5773 5749 5768 5791 5639 5459 5416 5285 4987 4900 1784 2046 1584 1466 1247 1121 834 726 812 998 2149 2041 2092 1893 1629 1480 1680 1813 2069 1856 2588 3082 3725 3695 3671 3694 3784 3692 5712 5775 6039 6204 6418 7019 7015 7419 7916 7832 7889 7997 7745 7779 8005 8330 8611 8769 8873 9125 9336 9539 9907 10146 10486 10445 10398 10366 10422 10595 5424 5237 5043 4890 4609 4352 4130 4191 3945 3701 3634 3487 3063 3071 3121 3081 2827 2581 2358 2467 2519 2577 2570 2468 2681 2528 2443 2629 2474 2327 2174 3643 4404 4684 4918 5181 5377 5555 5625 5601 5642 6576 6570 6413 6227 5963 5962 6380 6667 6886 6977 6447 6109 
1542 1255 1047 864 1090 870 687 532 286 0 299 546 705 1148 1504 1460 1783 2109 2131 2318 2427 2653 2638 2735 3351 3640 3612 3755 3907 4156 4384 4664 5013 5316 5495 5582 5644 5759 5898 6098 6277 6414 6442 6446 6539 6594 6676 6682 2928 2518 2142 1889 1767 1389 1193 1018 849 784 3775 4168 4189 4212 4260 4299 4558 4717 4787 4988 5258 5528 5755 6040 6260 6426 6409 6396 6392 6300 6211 6176 6098 6008 5734 5321 1322 1410 1771 1973 2455 2655 2788 3094 3403 3532 3655 3826 3966 4289 4435 4647 4793 4978 5177 5439 5681 5600 5556 5471 5391 5349 5354 5489 5623 5542 5512 5483 5498 5518 5365 5186 5150 5018 4719 4627 2067 2332 1870 1752 1527 1407 1120 1008 1061 1240 2358 2220 2232 2010 1755 1585 1695 1788 2006 1743 2409 2908 3540 3492 3451 3465 3548 3449 5516 5589 5855 6022 6237 6827 6809 7212 7709 7631 7694 7812 7563 7601 7827 8145 8423 8590 8699 8950 9160 9362 9727 9973 10315 10266 10214 10177 10221 10389 5567 5366 5161 4993 4703 4443 4211 4250 4000 3752 3664 3535 3107 3129 3204 3195 2913 2671 2433 2512 2538 2570 2529 2408 2592 2433 2325 2508 2361 2197 1974 3411 4166 4444 4676 4940 5137 5321 5395 5378 5431 6401 6404 6266 6088 5831 5839 6263 6546 6781 6883 6358 6033 
1438 1185 1008 899 1173 981 862 805 443 299 0 247 447 865 1208 1164 1496 1835 1863 2076 2207 2437 2442 2591 3188 3478 3433 3568 3713 3954 4171 4444 4788 5084 5251 5328 5384 5491 5628 5829 6008 6143 6168 6166 6255 6307 6385 6389 3059 2636 2244 1977 1846 1415 1174 952 674 523 3628 3960 3970 3978 4012 4047 4297 4451 4514 4706 4970 5241 5471 5759 5982 6152 6138 6130 6130 6048 5970 5943 5874 5796 5525 5112 1023 1117 1476 1674 2159 2358 2491 2800 3106 3239 3369 3551 3688 4002 4149 4366 4516 4699 4900 5166 5411 5341 5301 5226 5159 5127 5142 5288 5445 5375 5352 5336 5361 5390 5243 5059 5003 4874 4579 4499 2092 2404 1919 1800 1540 1468 1206 1049 1016 1170 2214 2040 2017 1778 1533 1350 1410 1492 1706 1450 2148 2644 3284 3251 3228 3253 3346 3258 5269 5334 5599 5764 5979 6577 6571 6975 7472 7388 7447 7557 7306 7340 7566 7890 8170 8331 8436 8688 8898 9101 9468 9710 10051 10006 9958 9924 9978 10151 5339 5129 4916 4739 4443 4182 3945 3975 3723 3474 3379 3256 2827 2855 2943 2953 2654 2415 2171 2235 2251 2276 2230 2108 2295 2136 2034 2218 2068 1910 1730 3203 3966 4247 4482 4745 4940 5115 5183 5158 5198 6139 6136 5987 5806 5547 5551 5973 6257 6488 6588 6062 5735 
1389 1176 1035 992 1285 1121 1046 1039 650 546 247 0 294 640 964 921 1266 1619 1655 1893 2046 2279 2303 2498 3075 3365 3303 3432 3569 3801 4007 4274 4613 4903 5058 5125 5177 5276 5411 5612 5791 5923 5946 5939 6023 6072 6147 6149 3189 2760 2360 2086 1949 1489 1222 972 614 361 3527 3803 3801 3796 3817 3848 4089 4238 4293 4477 4736 5006 5239 5530 5757 5930 5918 5915 5920 5848 5779 5760 5700 5631 5364 4951 777 879 1236 1428 1916 2114 2248 2560 2863 2999 3137 3330 3464 3770 3916 4138 4292 4472 4677 4946 5194 5134 5098 5032 4976 4955 4979 5134 5312 5252 5236 5230 5263 5301 5159 4971 4898 4772 4481 4413 2138 2483 1986 1870 1587 1554 1318 1137 1038 1163 2113 1909 1851 1599 1367 1174 1177 1247 1459 1211 1945 2436 3082 3065 3058 3093 3196 3118 5074 5131 5394 5558 5772 6378 6383 6788 7284 7195 7250 7352 7099 7131 7357 7685 7967 8122 8225 8476 8688 8891 9260 9497 9837 9797 9752 9722 9784 9962 5152 4935 4714 4530 4230 3968 3727 3748 3495 3245 3143 3026 2597 2630 2729 2757 2443 2209 1958 2008 2014 2033 1983 1861 2051 1894 1797 1983 1831 1678 1547 3049 3815 4100 4336 4597 4791 4957 5020 4987 5015 5928 5921 5762 5578 5315 5316 5737 6022 6249 6346 5819 5490 
1106 917 808 833 1133 1011 1005 1104 687 705 447 294 0 457 848 927 1312 1695 1748 2029 2212 2447 2492 2730 3285 3574 3498 3617 3745 3967 4158 4415 4744 5024 5158 5208 5248 5330 5461 5662 5842 5966 5981 5960 6031 6069 6128 6122 3478 3050 2651 2378 2242 1783 1516 1264 892 599 3747 3964 3945 3920 3918 3942 4162 4301 4338 4497 4735 5003 5248 5546 5784 5968 5961 5971 5985 5933 5883 5878 5830 5776 5514 5103 701 911 1242 1376 1889 2077 2213 2543 2828 2983 3151 3377 3502 3778 3923 4163 4325 4498 4711 4988 5244 5208 5180 5131 5096 5090 5128 5294 5497 5447 5437 5441 5483 5528 5390 5199 5111 4987 4701 4642 1904 2274 1772 1658 1361 1365 1165 964 807 905 1818 1618 1574 1331 1089 904 1000 1126 1393 1226 2044 2519 3173 3185 3204 3252 3368 3302 5170 5212 5472 5633 5845 6465 6490 6897 7390 7293 7340 7427 7169 7197 7422 7759 8046 8188 8283 8536 8748 8954 9325 9552 9891 9861 9823 9799 9878 10065 4892 4682 4469 4294 4001 3741 3507 3546 3295 3048 2966 2832 2404 2424 2501 2506 2211 1971 1730 1809 1843 1891 1883 1788 2017 1868 1807 1994 1833 1708 1691 3215 3983 4270 4508 4766 4958 5112 5168 5124 5135 5993 5973 5789 5595 5323 5313 5726 6015 6222 6305 5774 5429 
1148 1080 1063 1183 1470 1396 1433 1561 1143 1148 865 640 457 0 406 613 1007 1408 1481 1815 2041 2271 2356 2677 3177 3460 3353 3454 3565 3765 3931 4170 4484 4748 4854 4882 4910 4973 5099 5300 5480 5596 5605 5571 5629 5659 5709 5697 3769 3334 2929 2649 2509 2024 1738 1472 1061 743 3654 3753 3710 3654 3621 3635 3830 3956 3974 4110 4330 4597 4849 5153 5399 5592 5591 5613 5637 5608 5581 5593 5563 5531 5278 4872 321 637 892 962 1484 1660 1796 2136 2407 2574 2766 3021 3137 3383 3528 3782 3952 4117 4336 4621 4882 4871 4852 4826 4816 4833 4892 5075 5320 5288 5292 5317 5375 5436 5309 5111 4992 4874 4600 4563 2071 2485 1987 1883 1571 1641 1500 1287 1052 1073 1677 1411 1281 1009 818 612 546 674 967 888 1775 2216 2871 2921 2979 3048 3183 3140 4861 4885 5140 5297 5505 6141 6191 6597 7086 6980 7017 7087 6825 6846 7071 7416 7708 7837 7925 8178 8391 8598 8971 9189 9526 9506 9474 9458 9556 9753 4531 4306 4081 3892 3590 3328 3087 3110 2858 2608 2516 2390 1961 1991 2090 2131 1806 1574 1320 1369 1390 1434 1434 1352 1602 1464 1437 1621 1455 1363 1502 3023 3785 4075 4313 4564 4752 4886 4930 4870 4855 5645 5613 5404 5203 4923 4905 5313 5604 5797 5872 5339 4988 
1441 1433 1446 1586 1868 1802 1839 1950 1534 1504 1208 964 848 406 0 387 712 1103 1191 1559 1815 2034 2151 2537 2980 3254 3123 3208 3304 3486 3632 3856 4159 4411 4498 4513 4534 4587 4710 4911 5091 5203 5209 5171 5226 5254 5302 5290 3925 3489 3082 2801 2661 2164 1873 1612 1209 927 3463 3467 3405 3328 3274 3282 3460 3579 3586 3712 3926 4192 4447 4752 5001 5198 5199 5226 5255 5238 5225 5247 5229 5213 4967 4564 206 459 558 562 1083 1255 1391 1734 2000 2170 2371 2640 2750 2983 3127 3386 3559 3721 3942 4230 4494 4496 4483 4469 4477 4509 4581 4776 5051 5034 5048 5089 5160 5233 5116 4914 4769 4658 4395 4376 2397 2827 2337 2239 1927 2021 1897 1684 1433 1428 1805 1494 1275 995 902 723 299 283 561 568 1471 1876 2525 2602 2690 2774 2922 2899 4502 4515 4767 4921 5128 5771 5835 6241 6727 6615 6647 6708 6443 6463 6687 7036 7330 7452 7536 7790 8003 8210 8585 8798 9135 9118 9090 9077 9185 9387 4357 4112 3868 3658 3344 3082 2828 2818 2563 2311 2191 2092 1664 1719 1862 1965 1596 1390 1125 1098 1066 1068 1036 945 1199 1065 1059 1239 1071 1007 1286 2760 3510 3798 4035 4280 4464 4583 4618 4547 4515 5262 5225 5006 4802 4521 4500 4907 5198 5390 5466 4933 4584 
1752 1693 1662 1747 2044 1938 1924 1960 1561 1460 1164 921 927 613 387 0 396 795 867 1209 1450 1675 1778 2151 2607 2884 2763 2856 2961 3155 3318 3556 3871 4138 4252 4290 4325 4403 4533 4734 4914 5038 5054 5036 5112 5156 5227 5228 3621 3186 2781 2502 2364 1867 1579 1329 956 741 3088 3142 3096 3041 3015 3033 3241 3376 3410 3573 3820 4090 4328 4623 4858 5040 5034 5043 5060 5016 4978 4985 4951 4918 4665 4258 298 86 317 530 995 1195 1328 1639 1942 2078 2228 2449 2574 2858 3004 3237 3398 3572 3783 4060 4316 4285 4261 4224 4207 4220 4278 4462 4714 4688 4696 4729 4795 4864 4743 4543 4407 4293 4026 4001 2685 3098 2599 2494 2183 2241 2076 1867 1653 1685 2183 1878 1662 1382 1281 1094 674 533 579 298 1161 1610 2266 2308 2367 2439 2578 2544 4261 4294 4552 4711 4922 5548 5587 5994 6484 6382 6424 6505 6245 6271 6496 6835 7124 7262 7356 7609 7821 8027 8399 8624 8964 8934 8898 8876 8963 9155 4683 4426 4172 3947 3625 3365 3102 3061 2806 2554 2403 2337 1920 1997 2172 2309 1922 1735 1471 1397 1313 1252 1125 971 1131 972 883 1070 913 780 914 2418 3177 3466 3704 3954 4141 4273 4316 4257 4246 5067 5046 4863 4672 4404 4400 4819 5105 5327 5424 4898 4573 
2135 2087 2058 2138 2436 2323 2296 2301 1916 1783 1496 1266 1312 1007 712 396 0 401 481 849 1113 1326 1456 1885 2283 2552 2414 2497 2592 2777 2931 3165 3477 3742 3856 3898 3936 4021 4153 4355 4534 4662 4682 4673 4759 4811 4894 4902 3638 3211 2815 2544 2411 1928 1657 1438 1135 1013 2767 2760 2707 2647 2619 2638 2850 2989 3032 3211 3475 3745 3974 4263 4491 4667 4657 4661 4674 4623 4583 4589 4556 4525 4274 3868 686 400 179 457 726 933 1052 1324 1647 1756 1873 2069 2200 2506 2653 2872 3027 3206 3412 3684 3936 3896 3869 3829 3811 3826 3887 4075 4340 4322 4336 4378 4452 4529 4415 4213 4060 3950 3691 3679 3076 3492 2994 2889 2578 2637 2468 2260 2049 2080 2507 2186 1935 1663 1606 1435 943 716 533 151 770 1214 1871 1914 1984 2063 2210 2188 3866 3902 4161 4321 4533 5156 5192 5598 6089 5988 6031 6116 5857 5885 6111 6447 6734 6877 6973 7226 7438 7643 8013 8243 8583 8550 8511 8487 8570 8760 4763 4489 4219 3974 3644 3389 3117 3035 2784 2538 2351 2327 1937 2041 2255 2446 2038 1886 1634 1495 1354 1227 1015 818 868 703 548 726 590 414 604 2048 2800 3089 3326 3573 3758 3884 3925 3863 3850 4681 4665 4496 4312 4050 4056 4479 4762 5001 5111 4592 4286 
2535 2489 2456 2527 2826 2704 2662 2637 2268 2109 1835 1619 1695 1408 1103 795 401 0 108 497 785 974 1135 1621 1947 2204 2049 2120 2207 2383 2531 2763 3076 3342 3464 3514 3560 3657 3793 3994 4173 4307 4333 4338 4439 4502 4603 4622 3644 3230 2851 2594 2469 2015 1772 1595 1372 1325 2429 2364 2306 2245 2224 2246 2472 2619 2679 2883 3171 3441 3656 3935 4151 4317 4302 4296 4302 4239 4189 4191 4155 4123 3872 3467 1088 789 545 710 671 845 928 1111 1449 1510 1568 1717 1857 2200 2346 2541 2684 2871 3068 3331 3576 3518 3486 3436 3412 3425 3486 3675 3949 3936 3955 4006 4087 4172 4064 3859 3692 3585 3335 3336 3477 3893 3395 3290 2979 3034 2858 2652 2448 2481 2877 2549 2278 2016 1983 1820 1308 1058 780 535 369 823 1478 1512 1587 1672 1826 1817 3475 3519 3780 3943 4156 4770 4797 5204 5696 5598 5644 5737 5482 5513 5739 6069 6354 6504 6606 6858 7069 7273 7642 7878 8218 8179 8136 8108 8183 8370 4927 4638 4356 4094 3759 3512 3235 3115 2872 2637 2421 2439 2086 2210 2452 2684 2268 2147 1911 1730 1552 1377 1107 897 790 652 422 524 476 271 400 1663 2407 2695 2932 3177 3361 3484 3524 3462 3451 4310 4302 4157 3982 3732 3751 4181 4458 4720 4847 4339 4057 
2616 2560 2520 2581 2881 2752 2701 2661 2301 2131 1863 1655 1748 1481 1191 867 481 108 0 390 677 869 1028 1514 1841 2100 1948 2023 2114 2295 2451 2689 3007 3279 3411 3471 3522 3628 3767 3967 4146 4283 4313 4325 4432 4501 4609 4632 3571 3160 2785 2533 2409 1965 1731 1565 1368 1347 2323 2279 2228 2178 2170 2197 2434 2587 2658 2875 3173 3443 3651 3926 4136 4296 4278 4267 4267 4194 4136 4131 4089 4051 3797 3390 1164 852 638 817 763 928 1002 1159 1497 1543 1577 1700 1845 2204 2349 2532 2669 2860 3052 3309 3550 3479 3443 3384 3350 3355 3410 3595 3859 3843 3860 3907 3986 4070 3961 3756 3592 3485 3233 3231 3553 3965 3465 3359 3048 3096 2913 2709 2512 2552 2974 2648 2381 2117 2078 1912 1405 1159 887 623 297 781 1429 1443 1502 1582 1732 1718 3424 3476 3739 3903 4117 4725 4742 5148 5642 5547 5598 5697 5444 5477 5703 6029 6312 6468 6573 6824 7035 7238 7606 7846 8187 8143 8097 8067 8134 8318 5031 4741 4457 4194 3858 3612 3336 3211 2970 2736 2517 2539 2190 2315 2559 2792 2376 2255 2019 1838 1659 1483 1209 1000 876 746 513 592 566 371 318 1569 2318 2607 2845 3092 3277 3405 3448 3391 3389 4275 4273 4141 3972 3728 3753 4185 4459 4730 4863 4359 4086 
2961 2883 2824 2859 3158 3012 2934 2850 2520 2318 2076 1893 2029 1815 1559 1209 849 497 390 0 292 480 641 1150 1450 1710 1565 1649 1751 1950 2130 2386 2720 3010 3177 3268 3339 3476 3622 3820 3995 4145 4187 4225 4356 4444 4576 4614 3387 2994 2642 2410 2298 1901 1708 1596 1496 1553 1933 1941 1916 1903 1942 1984 2261 2435 2542 2806 3138 3403 3585 3840 4029 4167 4140 4107 4090 3983 3894 3868 3807 3747 3485 3074 1508 1178 1017 1207 1090 1221 1264 1330 1654 1644 1594 1619 1777 2189 2327 2463 2576 2777 2948 3183 3407 3293 3242 3153 3083 3063 3098 3268 3505 3478 3489 3529 3604 3684 3573 3369 3211 3102 2846 2842 3882 4283 3781 3671 3364 3393 3191 2993 2819 2874 3355 3031 2769 2503 2455 2283 1788 1546 1277 998 272 672 1238 1175 1175 1233 1368 1340 3197 3275 3543 3712 3928 4508 4495 4899 5396 5313 5375 5497 5252 5294 5519 5830 6106 6280 6396 6645 6853 7054 7417 7670 8012 7955 7899 7859 7903 8075 5381 5085 4797 4526 4189 3948 3671 3528 3293 3066 2835 2877 2546 2678 2929 3173 2756 2642 2408 2221 2036 1848 1564 1358 1180 1077 850 865 897 737 346 1208 1970 2259 2497 2750 2939 3084 3138 3097 3123 4099 4118 4034 3884 3662 3708 4145 4407 4710 4865 4379 4140 
3190 3092 3017 3030 3328 3168 3070 2953 2650 2427 2207 2046 2212 2041 1815 1450 1113 785 677 292 0 234 350 864 1171 1439 1313 1413 1533 1755 1963 2237 2586 2891 3091 3211 3298 3461 3611 3805 3977 4137 4188 4246 4396 4496 4647 4695 3209 2831 2499 2284 2183 1830 1675 1608 1583 1693 1654 1757 1763 1793 1880 1936 2243 2431 2567 2862 3216 3476 3637 3875 4045 4166 4131 4081 4049 3913 3797 3751 3670 3588 3319 2905 1745 1408 1287 1493 1377 1499 1532 1561 1871 1833 1734 1691 1854 2293 2425 2525 2618 2824 2977 3192 3399 3251 3187 3069 2967 2922 2935 3087 3288 3248 3251 3279 3345 3418 3302 3100 2957 2843 2580 2566 4093 4482 3980 3868 3565 3577 3361 3170 3014 3082 3618 3299 3045 2776 2716 2538 2057 1822 1565 1264 539 795 1236 1097 1023 1046 1155 1099 3118 3220 3490 3661 3878 4432 4389 4790 5288 5217 5289 5431 5194 5242 5467 5764 6033 6222 6347 6594 6800 6997 7356 7621 7963 7894 7830 7782 7805 7966 5669 5371 5081 4808 4471 4232 3954 3805 3573 3349 3114 3162 2837 2969 3222 3465 3048 2933 2697 2513 2328 2141 1854 1649 1461 1365 1140 1143 1186 1029 538 1003 1771 2057 2295 2554 2747 2910 2976 2952 3007 4059 4095 4050 3918 3713 3775 4212 4465 4789 4959 4488 4273 
3419 3325 3251 3264 3561 3400 3300 3176 2879 2653 2437 2279 2447 2271 2034 1675 1326 974 869 480 234 0 227 782 974 1230 1088 1183 1300 1522 1733 2011 2363 2673 2885 3017 3112 3287 3439 3631 3801 3965 4022 4092 4252 4361 4524 4580 3269 2908 2596 2398 2306 1986 1854 1807 1806 1924 1454 1524 1536 1581 1689 1752 2074 2268 2422 2736 3103 3358 3504 3731 3889 3999 3959 3900 3861 3712 3584 3531 3445 3358 3087 2674 1971 1636 1497 1684 1513 1612 1626 1605 1896 1828 1686 1589 1753 2207 2332 2405 2483 2692 2832 3033 3231 3063 2994 2864 2750 2696 2704 2854 3055 3017 3022 3055 3125 3203 3092 2888 2735 2624 2366 2362 4326 4716 4214 4102 3798 3812 3595 3404 3248 3315 3833 3511 3250 2984 2933 2758 2268 2027 1753 1477 671 774 1092 911 802 815 921 869 2914 3026 3297 3468 3685 4226 4173 4573 5071 5003 5080 5229 4996 5047 5271 5562 5828 6024 6152 6398 6603 6799 7155 7425 7767 7693 7626 7574 7590 7747 5793 5490 5196 4916 4580 4346 4069 3904 3679 3462 3218 3283 2975 3113 3374 3630 3213 3109 2880 2684 2490 2293 1999 1800 1581 1504 1289 1263 1330 1197 768 769 1537 1823 2061 2320 2513 2678 2745 2725 2789 3871 3916 3893 3771 3580 3652 4088 4334 4672 4853 4394 4199 
3502 3389 3301 3294 3589 3417 3301 3152 2877 2638 2442 2303 2492 2356 2151 1778 1456 1135 1028 641 350 227 0 555 829 1105 1005 1128 1271 1519 1759 2052 2413 2734 2972 3125 3231 3422 3576 3765 3932 4101 4164 4246 4416 4532 4703 4764 3065 2714 2415 2229 2144 1857 1753 1738 1788 1942 1312 1534 1582 1667 1811 1882 2219 2420 2588 2916 3291 3542 3677 3894 4041 4140 4095 4024 3976 3806 3657 3587 3484 3376 3099 2686 2069 1730 1632 1844 1713 1822 1843 1832 2124 2054 1906 1788 1952 2411 2534 2590 2658 2868 2997 3185 3371 3182 3103 2953 2812 2735 2721 2851 3009 2954 2947 2962 3019 3085 2965 2764 2636 2518 2247 2225 4388 4766 4265 4151 3853 3851 3622 3437 3299 3378 3956 3640 3391 3120 3053 2871 2400 2169 1915 1608 869 1001 1272 1052 883 851 911 816 3006 3136 3405 3578 3794 4313 4236 4631 5129 5072 5156 5320 5093 5150 5372 5653 5913 6120 6254 6497 6701 6894 7247 7524 7867 7783 7710 7652 7652 7799 6001 5701 5408 5131 4794 4558 4281 4122 3894 3674 3434 3492 3176 3311 3566 3813 3397 3283 3047 2862 2675 2485 2195 1992 1789 1703 1481 1470 1526 1377 865 782 1528 1806 2040 2304 2499 2685 2763 2761 2852 3986 4044 4045 3933 3752 3832 4267 4507 4854 5043 4591 4406 
3798 3646 3530 3481 3763 3570 3420 3215 3001 2735 2591 2498 2730 2677 2537 2151 1885 1621 1514 1150 864 782 555 0 643 919 957 1133 1316 1599 1887 2198 2566 2903 3196 3394 3524 3749 3906 4085 4243 4424 4500 4609 4801 4932 5124 5196 2617 2303 2054 1915 1858 1690 1675 1744 1916 2141 1040 1642 1765 1931 2142 2229 2586 2796 2994 3350 3740 3980 4089 4282 4401 4473 4418 4321 4251 4034 3836 3728 3586 3429 3144 2742 2423 2089 2065 2310 2240 2362 2390 2387 2677 2601 2434 2275 2436 2904 3017 3038 3082 3292 3397 3553 3712 3473 3376 3183 2984 2854 2788 2866 2915 2817 2779 2748 2769 2803 2661 2472 2415 2284 1988 1914 4632 4981 4485 4369 4084 4049 3796 3629 3531 3635 4330 4030 3806 3528 3431 3238 2809 2600 2384 2034 1403 1551 1732 1460 1207 1102 1060 891 3241 3407 3672 3845 4057 4516 4384 4767 5260 5225 5329 5528 5318 5386 5604 5856 6100 6333 6483 6719 6917 7104 7445 7741 8082 7978 7890 7817 7776 7901 6531 6235 5945 5672 5335 5096 4819 4667 4436 4213 3977 4026 3696 3826 4073 4304 3888 3758 3513 3348 3174 2995 2713 2506 2325 2228 2000 2007 2048 1880 1282 1006 1593 1831 2042 2305 2500 2727 2832 2871 3021 4261 4345 4405 4318 4163 4260 4689 4914 5284 5488 5056 4895 
4319 4193 4093 4066 4354 4169 4031 3842 3609 3351 3188 3075 3285 3177 2980 2607 2283 1947 1841 1450 1171 974 829 643 0 290 337 521 710 995 1296 1607 1971 2311 2631 2858 3006 3257 3415 3583 3731 3920 4007 4143 4357 4507 4723 4812 3087 2822 2622 2513 2469 2331 2317 2376 2516 2713 483 1051 1214 1436 1701 1800 2165 2379 2609 2993 3399 3619 3688 3847 3934 3978 3913 3796 3709 3462 3240 3115 2960 2793 2506 2109 2896 2557 2458 2657 2468 2544 2538 2444 2681 2552 2313 2056 2201 2667 2759 2714 2719 2923 2991 3107 3233 2953 2843 2622 2391 2240 2157 2225 2279 2191 2164 2156 2200 2259 2136 1936 1825 1702 1423 1396 5189 5555 5055 4940 4647 4629 4387 4212 4092 4182 4785 4469 4216 3947 3882 3700 3227 2993 2726 2435 1638 1584 1504 1184 875 715 578 395 2682 2873 3130 3301 3508 3928 3771 4147 4638 4611 4723 4937 4737 4811 5026 5262 5498 5743 5900 6132 6327 6510 6845 7149 7489 7376 7282 7203 7149 7268 6713 6403 6103 5814 5479 5255 4979 4792 4578 4374 4119 4206 3922 4065 4332 4597 4181 4082 3854 3655 3458 3254 2956 2762 2521 2461 2255 2209 2293 2170 1694 622 982 1199 1403 1664 1859 2091 2201 2253 2428 3719 3824 3938 3879 3758 3878 4295 4497 4894 5120 4725 4614 
4604 4481 4382 4356 4644 4460 4321 4128 3899 3640 3478 3365 3574 3460 3254 2884 2552 2204 2100 1710 1439 1230 1105 919 290 0 256 391 560 824 1130 1432 1785 2124 2468 2717 2877 3146 3302 3462 3602 3795 3890 4043 4271 4430 4661 4758 3241 3004 2831 2741 2706 2596 2594 2660 2806 3003 249 895 1097 1358 1652 1756 2117 2329 2575 2971 3381 3587 3632 3769 3835 3860 3788 3656 3557 3287 3043 2902 2731 2547 2260 1872 3175 2836 2725 2913 2695 2757 2740 2617 2832 2684 2419 2124 2258 2713 2792 2713 2696 2894 2939 3027 3131 2824 2705 2462 2204 2029 1924 1971 1996 1903 1874 1866 1915 1979 1863 1660 1537 1415 1142 1132 5477 5844 5345 5230 4936 4919 4677 4502 4381 4470 5058 4739 4480 4213 4155 3975 3495 3257 2980 2703 1881 1770 1588 1264 956 786 604 470 2524 2733 2982 3150 3351 3736 3555 3923 4409 4392 4511 4740 4549 4628 4840 5062 5290 5545 5709 5937 6128 6308 6637 6948 7287 7165 7065 6980 6912 7024 6906 6591 6288 5995 5661 5442 5169 4970 4763 4566 4306 4405 4138 4284 4555 4830 4415 4325 4102 3895 3693 3483 3183 2994 2738 2689 2491 2432 2527 2416 1970 713 802 973 1157 1412 1604 1849 1968 2037 2239 3567 3688 3838 3797 3700 3832 4238 4426 4837 5075 4702 4618 
4501 4393 4306 4296 4588 4412 4286 4113 3862 3612 3433 3303 3498 3353 3123 2763 2414 2049 1948 1565 1313 1088 1005 957 337 256 0 183 372 657 959 1269 1633 1973 2296 2528 2679 2937 3095 3260 3405 3595 3686 3829 4050 4205 4430 4524 3417 3158 2959 2848 2802 2648 2618 2659 2768 2942 495 714 888 1129 1412 1515 1878 2091 2332 2725 3134 3345 3398 3544 3620 3656 3589 3466 3376 3125 2903 2780 2630 2472 2187 1784 3058 2721 2582 2752 2502 2552 2527 2388 2592 2439 2168 1868 2002 2457 2537 2462 2450 2650 2703 2802 2917 2627 2514 2287 2054 1905 1830 1912 2012 1949 1942 1966 2038 2123 2022 1816 1646 1536 1289 1316 5393 5772 5270 5156 4858 4854 4622 4440 4304 4383 4920 4596 4327 4065 4021 3847 3353 3107 2816 2564 1709 1553 1335 1012 706 537 350 243 2348 2543 2798 2968 3174 3590 3437 3815 4306 4277 4387 4599 4400 4474 4688 4925 5162 5406 5562 5795 5989 6173 6509 6812 7152 7039 6946 6869 6820 6943 6681 6365 6060 5765 5432 5216 4944 4739 4536 4343 4081 4187 3931 4080 4354 4638 4224 4144 3928 3712 3504 3290 2988 2805 2537 2498 2309 2237 2341 2246 1851 472 645 873 1088 1352 1549 1770 1874 1919 2090 3386 3496 3624 3574 3466 3594 4004 4198 4604 4837 4458 4368 
4602 4505 4425 4423 4717 4545 4425 4262 4001 3755 3568 3432 3617 3454 3208 2856 2497 2120 2023 1649 1413 1183 1128 1133 521 391 183 0 189 474 775 1086 1450 1790 2113 2347 2501 2763 2920 3083 3226 3418 3510 3658 3882 4040 4269 4367 3598 3342 3143 3030 2982 2820 2782 2815 2909 3071 593 530 712 967 1262 1366 1726 1938 2185 2582 2993 3197 3241 3379 3449 3480 3412 3286 3194 2942 2719 2599 2452 2301 2017 1612 3153 2819 2660 2814 2533 2569 2535 2372 2556 2389 2103 1779 1905 2351 2423 2330 2307 2505 2548 2637 2746 2449 2334 2104 1870 1724 1656 1749 1881 1834 1840 1886 1974 2075 1988 1780 1575 1477 1255 1314 5505 5890 5388 5275 4975 4978 4750 4566 4422 4495 4997 4669 4392 4134 4101 3932 3428 3177 2876 2644 1769 1561 1266 950 663 506 315 314 2165 2363 2617 2786 2992 3407 3256 3635 4127 4096 4205 4416 4216 4290 4504 4742 4979 5222 5379 5611 5806 5990 6326 6629 6969 6857 6765 6688 6643 6769 6665 6345 6038 5740 5410 5199 4929 4714 4517 4331 4066 4183 3942 4094 4372 4665 4253 4183 3974 3750 3537 3318 3015 2839 2559 2531 2353 2267 2382 2301 1951 473 463 703 926 1191 1388 1600 1700 1739 1907 3205 3316 3452 3408 3308 3440 3846 4035 4445 4683 4313 4235 
4712 4625 4551 4558 4854 4686 4572 4418 4149 3907 3713 3569 3745 3565 3304 2961 2592 2207 2114 1751 1533 1300 1271 1316 710 560 372 189 0 285 586 896 1261 1601 1924 2162 2318 2585 2742 2902 3044 3236 3330 3482 3711 3872 4107 4207 3785 3530 3332 3218 3169 2999 2955 2979 3058 3210 730 342 537 809 1117 1223 1577 1786 2039 2441 2852 3048 3082 3211 3274 3300 3230 3102 3007 2753 2531 2413 2271 2128 1845 1437 3259 2928 2751 2888 2579 2600 2556 2370 2532 2353 2051 1704 1819 2251 2315 2202 2167 2360 2392 2470 2570 2266 2149 1916 1681 1538 1479 1585 1755 1729 1750 1818 1925 2041 1969 1762 1523 1437 1248 1338 5625 6016 5514 5402 5099 5109 4887 4699 4547 4615 5082 4750 4466 4213 4191 4026 3514 3259 2947 2737 1847 1592 1221 921 671 542 382 459 1977 2178 2431 2600 2804 3218 3069 3450 3943 3910 4017 4227 4027 4101 4315 4553 4791 5033 5190 5422 5617 5801 6138 6440 6780 6669 6578 6502 6461 6589 6654 6331 6022 5721 5393 5188 4920 4696 4506 4328 4060 4186 3963 4117 4398 4699 4291 4231 4029 3798 3580 3357 3054 2886 2594 2579 2412 2314 2438 2372 2066 544 277 537 769 1033 1229 1428 1522 1555 1718 3018 3132 3277 3239 3148 3285 3686 3869 4284 4527 4167 4102 
4908 4834 4769 4786 5084 4921 4815 4671 4392 4156 3954 3801 3967 3765 3486 3155 2777 2383 2295 1950 1755 1522 1519 1599 995 824 657 474 285 0 305 613 976 1316 1645 1893 2055 2332 2488 2642 2779 2974 3072 3234 3471 3639 3882 3989 4062 3813 3617 3503 3454 3279 3227 3244 3307 3445 956 86 328 631 955 1060 1392 1593 1857 2263 2672 2854 2867 2979 3026 3041 2967 2832 2733 2470 2245 2129 1991 1860 1581 1169 3454 3128 2929 3043 2698 2698 2642 2423 2550 2354 2032 1654 1749 2152 2200 2051 1994 2177 2187 2241 2324 2003 1881 1639 1396 1255 1207 1333 1567 1574 1618 1723 1855 1994 1948 1746 1458 1395 1262 1395 5833 6231 5729 5618 5313 5332 5117 4926 4764 4824 5244 4908 4614 4369 4361 4203 3681 3422 3099 2918 2016 1704 1234 978 800 717 608 726 1700 1909 2158 2326 2528 2933 2785 3167 3661 3626 3732 3942 3742 3817 4031 4268 4506 4748 4905 5137 5332 5516 5852 6154 6495 6384 6292 6218 6180 6312 6675 6349 6038 5732 5408 5213 4950 4712 4533 4366 4095 4236 4038 4195 4480 4793 4390 4345 4154 3913 3690 3461 3161 3004 2699 2700 2550 2436 2571 2526 2278 752 41 312 549 800 991 1166 1250 1272 1433 2743 2864 3030 3004 2931 3077 3468 3640 4064 4314 3973 3933 
5066 5008 4954 4985 5284 5129 5033 4905 4612 4384 4171 4007 4158 3931 3632 3318 2931 2531 2451 2130 1963 1733 1759 1887 1296 1130 959 775 586 305 0 311 679 1017 1340 1589 1754 2036 2191 2342 2477 2672 2773 2941 3183 3356 3606 3718 4368 4117 3916 3798 3745 3555 3492 3495 3535 3656 1251 245 234 473 779 876 1170 1357 1629 2035 2440 2607 2601 2697 2734 2741 2666 2528 2427 2166 1950 1845 1726 1625 1356 944 3615 3297 3073 3162 2780 2758 2688 2438 2525 2313 1976 1574 1644 2007 2037 1853 1773 1945 1933 1964 2033 1702 1578 1333 1098 979 972 1143 1477 1531 1605 1750 1908 2067 2047 1855 1527 1491 1416 1580 6003 6410 5909 5800 5492 5523 5317 5121 4948 4999 5360 5021 4717 4481 4490 4341 3810 3547 3213 3066 2162 1795 1242 1048 954 918 856 1000 1394 1605 1853 2020 2222 2633 2500 2888 3384 3341 3442 3644 3441 3515 3729 3971 4213 4450 4605 4838 5034 5219 5558 5857 6198 6091 6003 5932 5906 6045 6631 6301 5989 5680 5362 5176 4919 4668 4501 4348 4074 4230 4061 4220 4508 4832 4437 4409 4232 3980 3753 3520 3224 3081 2766 2784 2655 2524 2670 2649 2468 976 329 342 493 677 842 955 1012 1003 1135 2437 2560 2737 2721 2662 2816 3197 3359 3790 4047 3723 3705 
5296 5250 5204 5245 5544 5395 5306 5188 4887 4664 4444 4274 4415 4170 3856 3556 3165 2763 2689 2386 2237 2011 2052 2198 1607 1432 1269 1086 896 613 311 0 368 705 1036 1302 1477 1773 1925 2065 2193 2391 2497 2679 2931 3112 3373 3493 4673 4426 4228 4109 4056 3862 3793 3790 3817 3926 1537 557 474 554 772 847 1060 1218 1492 1889 2282 2426 2390 2460 2474 2464 2384 2236 2128 1857 1638 1540 1434 1362 1110 712 3851 3540 3299 3367 2958 2917 2836 2561 2609 2385 2039 1625 1666 1972 1979 1754 1644 1795 1749 1741 1780 1425 1293 1031 786 685 724 943 1374 1475 1577 1759 1937 2113 2121 1943 1585 1576 1560 1749 6241 6654 6154 6047 5737 5776 5577 5379 5197 5241 5555 5214 4903 4674 4697 4556 4020 3755 3413 3295 2395 1994 1390 1254 1216 1203 1159 1309 1094 1319 1558 1722 1920 2322 2193 2584 3081 3033 3132 3332 3130 3204 3418 3659 3902 4138 4293 4526 4722 4907 5247 5545 5886 5780 5693 5623 5603 5747 6675 6342 6029 5717 5406 5231 4981 4717 4563 4424 4150 4320 4179 4339 4629 4962 4575 4562 4397 4138 3908 3673 3383 3253 2931 2964 2852 2710 2863 2860 2728 1270 631 533 552 609 716 740 761 714 823 2138 2270 2477 2480 2447 2612 2976 3121 3561 3827 3531 3544 
5600 5565 5527 5576 5876 5732 5649 5539 5231 5013 4788 4613 4744 4484 4159 3871 3477 3076 3007 2720 2586 2363 2413 2566 1971 1785 1633 1450 1261 976 679 368 0 340 705 1006 1197 1513 1657 1778 1890 2091 2206 2410 2677 2870 3147 3278 5026 4786 4593 4476 4424 4229 4158 4151 4168 4268 1871 924 831 831 945 986 1079 1182 1442 1811 2177 2284 2206 2233 2211 2173 2085 1919 1796 1503 1270 1174 1086 1059 842 515 4164 3860 3604 3654 3222 3163 3072 2776 2785 2552 2204 1790 1798 2031 2011 1743 1598 1713 1620 1551 1539 1148 1003 708 420 350 493 767 1300 1455 1586 1801 1997 2188 2227 2069 1691 1712 1757 1966 6551 6970 6471 6366 6055 6102 5909 5709 5520 5557 5826 5483 5165 4946 4982 4848 4308 4042 3696 3602 2711 2284 1651 1564 1562 1562 1526 1678 771 1024 1240 1397 1585 1956 1826 2219 2717 2666 2763 2966 2767 2844 3056 3292 3534 3772 3929 4161 4356 4540 4879 5179 5519 5412 5324 5255 5239 5387 6782 6447 6133 5820 5516 5355 5113 4837 4699 4575 4301 4486 4375 4536 4826 5167 4791 4794 4642 4376 4144 3908 3626 3509 3183 3230 3135 2983 3141 3155 3065 1632 990 840 767 687 691 568 515 390 457 1807 1956 2214 2247 2255 2436 2768 2886 3339 3617 3362 3418 
