9
295
34 0 1 2 3 4 5 6 7 8 9 10 11 12 13 14 15 16 17 18 19 20 21 22 23 24 25 26 27 28 29 30 31 32 33
71 34 35 36 37 38 39 40 2 3 4 41 5 6 42 43 44 45 46 47 48 49 50 51 52 53 54 55 56 57 58 13 14 59 15 16 17 18 19 20 60 61 62 63 64 65 66 67 68 69 70 71 72 73 74 75 76 77 78 79 80 81 82 83 84 85 86 87 88 89 90 91
70 92 93 94 95 96 97 98 99 100 101 102 103 104 105 106 107 108 109 110 10 11 12 13 14 15 16 17 18 111 112 113 20 60 61 62 114 115 116 117 118 72 73 74 75 76 119 120 121 122 123 124 125 126 127 128 129 130 131 132 133 134 135 136 137 138 139 140 141 142 143
39 144 145 146 147 148 149 150 151 152 153 154 155 156 157 158 159 160 161 162 69 70 71 163 164 165 166 167 168 169 170 171 172 173 174 175 176 177 178 179
41 27 28 29 180 181 182 183 184 185 186 187 188 189 69 70 71 190 191 192 193 194 195 196 197 198 199 200 201 202 203 204 205 206 207 208 53 54 10 11 209 210
29 211 212 213 214 215 216 217 77 78 79 80 81 82 218 219 220 221 222 223 224 225 226 227 228 229 230 231 232 233
48 102 234 235 236 237 238 239 240 241 242 243 244 245 246 247 248 12 13 14 171 172 173 174 249 250 251 60 61 62 114 115 116 117 118 190 191 192 193 252 253 254 79 80 255 256 257 87 258
47 259 260 261 262 263 264 265 266 267 268 244 245 246 247 248 12 13 14 171 172 173 174 249 250 251 60 61 62 114 115 116 117 118 190 191 192 193 252 253 254 79 80 255 256 257 87 258
36 269 245 246 247 248 12 13 14 15 16 270 271 272 273 274 275 276 277 278 212 279 280 281 282 283 284 285 286 287 288 289 290 291 292 293 294
2400 3600 2400 1800 1800 1800 1800 1800 1800 
0 432 460 345 398 550 942 1162 1460 1856 2193 2601 2685 2727 2819 2852 2766 3024 3319 3816 4053 4805 5145 5382 5735 5901 5863 5533 5485 5653 5742 5956 6103 6247 2424 2095 1784 1480 1155 973 736 365 975 1079 1380 1321 1547 1693 1533 1492 1503 1669 1869 1946 2074 2306 2254 2253 2458 3127 4289 4261 4240 4293 4518 4702 4855 4974 4944 4895 4729 4519 4276 4131 4288 4378 4523 4552 4400 4284 4218 3961 3698 3380 3247 3509 3791 3771 3774 3718 3201 2761 3988 4425 4081 4039 3794 4008 4042 3854 3556 3430 3201 2736 2491 2199 2242 2493 2570 2334 2278 3598 3760 3954 4253 4208 4258 4382 4463 5207 5467 5826 6230 6050 5999 5907 5625 5591 5787 6189 6498 6491 6499 6743 6951 7159 7534 7647 7955 8027 8063 8113 8373 8647 7667 7438 7579 7756 7687 7678 7312 7160 6818 6564 6448 6342 6227 5787 5457 5555 5672 5865 5195 4210 3979 3761 3472 3195 3033 2749 2787 3119 3390 3478 3698 3784 4250 4320 4798 5054 5760 5929 6219 6238 6094 5948 5816 5730 5640 5133 4315 4140 4044 3906 3797 3480 3224 2996 2922 2729 2388 2408 2562 2604 2236 1900 1702 1908 1851 2831 2755 4895 5221 5352 5184 5074 4899 4746 3296 2994 2844 2924 3106 3284 3330 3409 3540 3819 4015 4180 4235 4254 4297 4794 3425 3578 3825 4024 4066 4198 4409 3998 4029 3744 3507 3331 2881 2553 2755 4248 4350 4522 3956 4117 4269 4043 3950 3871 3683 6323 5896 5499 5226 5090 4601 4319 4079 3711 3466 3488 3048 3206 3492 3775 3995 4265 4492 4679 4875 6367 6707 7044 7692 8177 8368 8600 8697 8627 8434 8139 7953 8328 8801 9014 9254 
432 0 53 273 523 742 1171 1429 1745 2175 2529 2943 3038 3112 3207 3257 3191 3457 3751 4246 4482 5233 5573 5809 6161 6333 6294 5965 5917 6085 6173 6387 6535 6679 1993 1664 1352 1048 723 560 376 691 1146 1141 1352 1425 1671 1865 1761 1770 1825 2028 2234 2341 2461 2694 2655 2641 2841 3510 4719 4692 4672 4725 4949 5132 5283 5400 5364 5313 5144 4927 4672 4516 4663 4746 4882 4900 4736 4611 4537 4277 4012 3697 3550 3779 4052 4008 3992 3906 3409 2962 4026 4448 4143 4112 3889 4118 4181 4005 3708 3567 3310 2750 2548 2293 2385 2648 2753 2591 2570 4029 4191 4384 4685 4638 4684 4801 4873 5562 5838 6189 6582 6396 6336 6226 5945 5905 6095 6499 6807 6782 6779 7020 7225 7431 7804 7900 8201 8287 8332 8392 8671 8953 8019 7784 7912 8081 8001 7983 7609 7460 7131 6889 6781 6683 6578 6150 5827 5940 6065 6265 5609 4613 4389 4177 3896 3626 3466 3172 3192 3520 3796 3892 4111 4190 4654 4717 5193 5447 6192 6362 6651 6670 6525 6379 6245 6158 6065 5553 4713 4526 4421 4268 4158 3848 3596 3374 3315 3124 2787 2820 2986 3032 2666 2332 2134 2334 2259 3148 3040 5315 5634 5760 5582 5464 5279 5112 3618 3317 3190 3300 3499 3691 3746 3834 3967 4249 4447 4612 4667 4685 4726 5222 3560 3731 3990 4166 4230 4382 4620 4217 4273 3996 3768 3569 3131 2834 3072 4657 4775 4950 4309 4462 4609 4345 4230 4134 3905 6672 6241 5840 5565 5427 4934 4649 4402 4021 3759 3748 3480 3636 3916 4191 4404 4666 4901 5094 5294 6774 7111 7443 8088 8573 8767 8996 9086 9009 8811 8518 8320 8692 9152 9363 9599 
460 53 0 255 507 726 1154 1414 1732 2166 2522 2937 3035 3115 3211 3266 3207 3482 3775 4267 4502 5252 5592 5827 6178 6355 6316 5987 5942 6112 6202 6416 6563 6706 1963 1636 1326 1025 696 520 324 694 1121 1105 1307 1391 1638 1836 1740 1755 1817 2026 2233 2348 2465 2698 2662 2646 2843 3512 4739 4714 4696 4752 4978 5162 5314 5433 5400 5349 5181 4966 4714 4559 4708 4792 4929 4948 4785 4660 4587 4327 4063 3747 3601 3831 4105 4061 4045 3960 3463 3016 3982 4403 4101 4072 3850 4080 4146 3971 3675 3533 3273 2705 2507 2255 2353 2616 2725 2571 2556 4051 4212 4406 4712 4668 4717 4837 4912 5609 5884 6236 6629 6444 6385 6276 5995 5955 6146 6550 6858 6834 6832 7072 7278 7484 7857 7954 8254 8340 8385 8445 8723 9005 8066 7832 7962 8131 8052 8035 7661 7511 7182 6939 6830 6732 6626 6197 5873 5984 6107 6306 5647 4653 4428 4214 3930 3656 3492 3189 3201 3528 3805 3904 4122 4198 4662 4722 5198 5451 6219 6388 6677 6697 6553 6409 6276 6190 6098 5589 4754 4569 4466 4315 4204 3894 3641 3419 3357 3166 2828 2858 3020 3063 2696 2360 2159 2353 2269 3137 3024 5351 5672 5799 5623 5507 5324 5158 3668 3367 3238 3344 3541 3730 3783 3868 3999 4279 4475 4640 4692 4707 4745 5240 3526 3698 3958 4131 4198 4352 4593 4191 4250 3975 3748 3546 3110 2818 3061 4667 4792 4970 4356 4510 4657 4396 4283 4187 3959 6665 6234 5833 5556 5419 4925 4639 4391 4008 3744 3728 3507 3666 3949 4227 4443 4707 4940 5131 5330 6814 7151 7484 8130 8615 8808 9038 9129 9053 8856 8562 8367 8739 9200 9411 9647 
345 273 255 0 252 471 899 1159 1477 1912 2269 2685 2784 2872 2970 3033 2995 3299 3584 4064 4297 5045 5385 5616 5965 6157 6118 5791 5752 5930 6033 6245 6387 6526 2147 1828 1525 1238 901 681 417 460 873 885 1128 1163 1406 1594 1488 1500 1564 1778 1986 2113 2225 2458 2429 2406 2601 3269 4536 4517 4506 4572 4805 4995 5155 5280 5257 5213 5051 4848 4612 4470 4630 4722 4868 4897 4745 4629 4562 4304 4041 3723 3588 3843 4124 4096 4093 4026 3516 3073 3789 4217 3899 3865 3636 3861 3918 3740 3443 3304 3053 2519 2302 2037 2120 2381 2483 2318 2301 3854 4013 4207 4533 4501 4563 4699 4788 5552 5810 6170 6575 6395 6344 6251 5969 5934 6130 6532 6841 6831 6837 7080 7288 7495 7870 7979 8285 8361 8399 8452 8714 8990 8012 7783 7925 8100 8030 8021 7653 7502 7162 6909 6793 6687 6572 6131 5800 5894 6008 6197 5518 4542 4306 4082 3782 3488 3310 2975 2969 3293 3573 3679 3894 3965 4427 4483 4958 5210 6039 6203 6493 6518 6378 6238 6111 6030 5946 5449 4649 4479 4385 4251 4142 3824 3567 3338 3260 3066 2723 2735 2874 2904 2532 2189 1975 2147 2043 2882 2769 5210 5543 5680 5519 5412 5240 5090 3640 3338 3190 3266 3444 3613 3651 3718 3844 4113 4303 4463 4501 4510 4540 5032 3298 3465 3723 3902 3963 4112 4348 3945 4000 3723 3495 3295 2858 2563 2806 4436 4578 4763 4301 4462 4615 4384 4287 4204 4003 6412 5981 5579 5302 5165 4670 4384 4136 3753 3489 3475 3326 3499 3802 4096 4322 4597 4820 5001 5192 6695 7037 7376 8026 8511 8700 8934 9033 8967 8775 8479 8296 8672 9145 9359 9599 
398 523 507 252 0 219 648 907 1225 1661 2020 2437 2538 2637 2736 2810 2795 3131 3408 3873 4103 4848 5188 5414 5760 5969 5929 5605 5573 5760 5876 6084 6222 6357 2340 2030 1734 1459 1123 884 607 274 632 689 981 948 1184 1357 1239 1248 1315 1537 1746 1887 1993 2225 2205 2175 2365 3031 4343 4331 4328 4404 4644 4840 5009 5139 5129 5091 4935 4745 4527 4398 4570 4669 4823 4864 4722 4615 4556 4300 4040 3721 3597 3876 4162 4150 4158 4109 3589 3152 3603 4037 3703 3664 3426 3647 3694 3513 3215 3081 2838 2344 2108 1828 1893 2151 2246 2067 2049 3669 3826 4019 4366 4348 4424 4575 4681 5511 5751 6119 6535 6361 6318 6240 5958 5929 6129 6528 6837 6842 6856 7102 7311 7519 7896 8017 8327 8393 8424 8470 8717 8986 7970 7747 7900 8082 8021 8019 7658 7505 7155 6893 6769 6656 6531 6080 5742 5818 5923 6101 5402 4447 4201 3966 3650 3336 3144 2774 2745 3066 3349 3462 3674 3739 4199 4251 4724 4974 5870 6029 6318 6348 6213 6078 5958 5882 5806 5322 4561 4406 4323 4206 4098 3775 3513 3280 3186 2989 2643 2637 2750 2764 2390 2041 1814 1959 1828 2630 2517 5083 5428 5574 5428 5332 5173 5038 3634 3332 3166 3211 3369 3515 3538 3586 3705 3962 4145 4298 4323 4324 4344 4833 3075 3237 3492 3678 3732 3876 4106 3701 3752 3474 3245 3048 2608 2311 2554 4213 4374 4566 4264 4432 4590 4391 4311 4240 4066 6163 5731 5329 5052 4914 4419 4133 3884 3500 3237 3225 3161 3347 3671 3981 4217 4504 4716 4886 5069 6590 6935 7280 7934 8420 8603 8842 8949 8891 8706 8408 8238 8616 9102 9317 9561 
550 742 726 471 219 0 429 688 1006 1446 1806 2223 2327 2439 2539 2625 2635 3003 3269 3720 3946 4687 5026 5248 5591 5816 5775 5454 5429 5624 5752 5958 6091 6221 2510 2208 1919 1655 1321 1073 796 254 429 548 884 772 997 1153 1023 1029 1101 1334 1544 1703 1801 2032 2022 1982 2168 2830 4187 4183 4186 4273 4520 4720 4897 5033 5033 5001 4852 4674 4473 4356 4538 4644 4805 4856 4723 4624 4571 4319 4062 3742 3629 3926 4216 4218 4236 4202 3675 3244 3440 3880 3531 3489 3244 3460 3498 3314 3015 2886 2652 2197 1944 1649 1697 1951 2039 1849 1829 3522 3676 3868 4236 4230 4320 4486 4605 5494 5719 6092 6518 6349 6313 6249 5967 5942 6146 6542 6851 6868 6889 7137 7348 7557 7934 8065 8379 8437 8462 8502 8736 8999 7949 7731 7894 8083 8030 8033 7679 7525 7166 6895 6765 6646 6514 6054 5710 5770 5866 6035 5319 4384 4130 3886 3555 3223 3018 2612 2561 2877 3162 3283 3492 3551 4008 4054 4526 4774 5736 5890 6178 6213 6082 5952 5839 5767 5699 5228 4504 4363 4289 4188 4082 3756 3491 3254 3146 2948 2601 2578 2666 2665 2290 1939 1700 1815 1657 2412 2298 4990 5345 5499 5368 5280 5133 5012 3652 3352 3171 3188 3327 3452 3460 3490 3603 3848 4023 4171 4181 4175 4186 4671 2880 3037 3289 3481 3529 3669 3894 3487 3535 3256 3026 2832 2390 2092 2337 4026 4206 4405 4254 4428 4589 4419 4353 4293 4142 5948 5515 5113 4836 4698 4203 3916 3666 3282 3017 3007 3035 3234 3576 3901 4146 4443 4644 4803 4978 6514 6862 7211 7869 8354 8534 8776 8889 8841 8662 8361 8202 8584 9079 9297 9544 
942 1171 1154 899 648 429 0 271 589 1041 1408 1825 1937 2086 2190 2307 2381 2820 3061 3472 3688 4417 4753 4965 5299 5561 5518 5205 5195 5407 5562 5761 5883 6004 2841 2556 2282 2038 1710 1453 1184 583 161 450 799 497 659 757 596 606 714 983 1190 1401 1473 1696 1715 1650 1819 2467 3931 3942 3963 4074 4332 4543 4736 4883 4907 4888 4752 4601 4435 4344 4544 4662 4836 4906 4792 4709 4669 4424 4175 3858 3764 4094 4388 4415 4449 4441 3906 3489 3115 3563 3187 3137 2878 3084 3105 2915 2616 2496 2280 1916 1629 1308 1313 1556 1628 1419 1406 3292 3437 3627 4038 4061 4179 4375 4524 5524 5717 6102 6544 6385 6363 6326 6045 6030 6240 6629 6937 6976 7012 7262 7475 7684 8063 8212 8533 8575 8588 8618 8826 9077 7965 7758 7940 8139 8102 8117 7776 7620 7245 6960 6818 6687 6539 6063 5710 5738 5816 5964 5216 4328 4059 3798 3439 3071 2839 2355 2245 2546 2837 2975 3176 3217 3667 3699 4166 4409 5522 5664 5951 5996 5875 5755 5658 5597 5545 5103 4459 4350 4295 4226 4124 3794 3525 3285 3150 2953 2611 2552 2586 2553 2185 1840 1584 1620 1393 1995 1870 4868 5243 5412 5312 5244 5121 5028 3763 3469 3262 3226 3325 3406 3383 3375 3473 3688 3846 3979 3958 3934 3924 4397 2491 2638 2883 3086 3124 3255 3472 3063 3107 2827 2597 2404 1961 1664 1920 3696 3922 4138 4306 4488 4657 4540 4501 4461 4353 5538 5105 4701 4422 4284 3788 3500 3248 2859 2591 2577 2858 3084 3463 3814 4077 4391 4569 4704 4861 6422 6775 7134 7795 8280 8450 8699 8826 8795 8628 8324 8189 8574 9089 9310 9563 
1162 1429 1414 1159 907 688 271 0 319 770 1137 1553 1667 1825 1930 2060 2165 2638 2864 3253 3464 4186 4519 4726 5057 5334 5290 4981 4979 5198 5367 5562 5678 5794 3105 2824 2552 2310 1982 1724 1456 797 385 647 951 566 626 623 389 341 448 731 935 1170 1226 1445 1477 1401 1561 2203 3707 3726 3754 3877 4141 4357 4557 4710 4747 4735 4607 4472 4328 4253 4463 4588 4769 4850 4749 4676 4644 4405 4162 3849 3769 4117 4413 4456 4502 4512 3974 3569 3015 3467 3068 3009 2737 2930 2930 2734 2436 2329 2138 1871 1559 1221 1170 1392 1437 1174 1141 3083 3223 3410 3842 3881 4013 4225 4390 5454 5627 6017 6468 6317 6303 6282 6003 5994 6207 6591 6898 6952 6996 7248 7461 7671 8050 8211 8535 8567 8573 8595 8786 9030 7881 7680 7874 8080 8052 8075 7742 7585 7201 6907 6758 6620 6463 5978 5620 5629 5696 5832 5068 4211 3934 3664 3291 2906 2659 2137 1999 2293 2584 2730 2926 2961 3407 3436 3900 4142 5315 5451 5736 5787 5671 5557 5468 5412 5368 4944 4348 4257 4214 4165 4067 3735 3467 3227 3076 2882 2546 2467 2467 2415 2057 1721 1462 1448 1185 1726 1611 4710 5095 5273 5191 5134 5026 4951 3752 3464 3241 3172 3246 3299 3259 3227 3316 3514 3662 3787 3750 3717 3697 4164 2326 2457 2691 2910 2932 3050 3250 2838 2868 2584 2349 2169 1720 1406 1651 3441 3685 3907 4253 4440 4612 4531 4510 4483 4404 5267 4834 4430 4152 4014 3518 3231 2979 2593 2330 2330 2679 2918 3316 3680 3952 4275 4438 4560 4707 6278 6633 6996 7659 8143 8307 8560 8695 8673 8513 8208 8086 8474 9000 9222 9478 
1460 1745 1732 1477 1225 1006 589 319 0 458 826 1240 1359 1545 1652 1806 1965 2488 2688 3041 3242 3950 4280 4479 4802 5104 5059 4757 4765 4996 5183 5372 5481 5589 3404 3130 2862 2625 2299 2040 1773 1097 682 907 1155 739 686 552 272 47 202 502 680 963 986 1188 1248 1149 1288 1911 3484 3515 3556 3696 3967 4189 4400 4560 4614 4612 4496 4382 4267 4212 4434 4567 4755 4850 4765 4705 4682 4451 4217 3910 3845 4213 4509 4570 4629 4658 4118 3728 2880 3335 2910 2842 2556 2732 2707 2505 2211 2120 1963 1821 1488 1144 1023 1206 1212 879 825 2886 3018 3201 3663 3723 3875 4109 4294 5434 5583 5978 6439 6297 6294 6294 6017 6014 6232 6608 6913 6984 7038 7291 7505 7715 8094 8268 8596 8616 8613 8627 8798 9032 7839 7647 7855 8068 8052 8084 7762 7604 7210 6905 6748 6602 6434 5940 5577 5562 5615 5734 4951 4137 3851 3572 3183 2776 2511 1935 1748 2025 2318 2477 2664 2686 3125 3144 3604 3843 5115 5242 5524 5583 5474 5368 5290 5242 5211 4811 4281 4214 4186 4162 4069 3739 3472 3233 3065 2876 2554 2450 2406 2329 1990 1677 1422 1335 1022 1407 1298 4581 4978 5167 5108 5067 4978 4924 3810 3531 3293 3185 3228 3244 3181 3120 3195 3367 3500 3612 3551 3507 3470 3926 2118 2231 2450 2685 2689 2791 2972 2557 2573 2284 2047 1880 1425 1094 1331 3166 3442 3675 4260 4453 4628 4588 4588 4576 4530 4949 4515 4111 3833 3695 3199 2911 2660 2275 2015 2028 2533 2788 3208 3589 3870 4203 4347 4450 4582 6162 6519 6888 7552 8034 8191 8448 8592 8584 8433 8127 8022 8411 8950 9175 9435 
1856 2175 2166 1912 1661 1446 1041 770 458 0 368 783 901 1109 1217 1400 1632 2214 2376 2676 2863 3551 3876 4065 4381 4708 4662 4368 4390 4633 4843 5024 5122 5222 3862 3588 3320 3080 2752 2495 2225 1503 1140 1358 1575 1159 1044 825 621 454 353 328 355 684 638 795 900 767 867 1461 3103 3148 3205 3365 3645 3873 4096 4265 4342 4353 4252 4169 4094 4068 4304 4448 4646 4760 4696 4655 4646 4428 4209 3914 3873 4265 4560 4646 4723 4781 4244 3880 2868 3318 2859 2776 2473 2614 2541 2330 2051 1997 1909 1968 1625 1303 1093 1183 1111 624 452 2543 2663 2839 3335 3423 3602 3862 4074 5312 5424 5826 6299 6170 6182 6210 5937 5945 6166 6531 6832 6927 6996 7250 7464 7673 8050 8244 8577 8578 8564 8565 8707 8927 7676 7497 7723 7946 7946 7991 7685 7526 7119 6801 6632 6476 6293 5789 5420 5372 5405 5502 4697 3948 3653 3364 2957 2525 2241 1600 1347 1600 1892 2065 2241 2250 2680 2692 3150 3386 4754 4870 5149 5216 5116 5020 4957 4919 4904 4538 4101 4068 4062 4073 3987 3663 3402 3170 2979 2802 2506 2369 2264 2152 1854 1591 1362 1171 813 975 923 4314 4725 4927 4900 4879 4817 4795 3812 3550 3293 3131 3128 3093 2999 2896 2952 3086 3196 3292 3200 3140 3083 3524 1999 2068 2252 2514 2482 2547 2681 2264 2240 1943 1698 1577 1122 736 899 2729 3037 3281 4184 4382 4560 4581 4610 4621 4623 4501 4069 3667 3390 3252 2758 2473 2227 1854 1615 1680 2264 2538 2983 3381 3672 4016 4132 4209 4320 5906 6264 6638 7303 7780 7928 8190 8347 8355 8216 7909 7828 8219 8774 9001 9265 
2193 2529 2522 2269 2020 1806 1408 1137 826 368 0 417 533 780 887 1107 1420 2046 2166 2408 2580 3244 3563 3743 4051 4402 4355 4069 4103 4358 4586 4760 4849 4940 4230 3956 3688 3446 3117 2861 2591 1848 1508 1722 1924 1512 1374 1132 968 821 705 545 401 637 511 561 719 556 575 1107 2816 2876 2947 3126 3411 3644 3877 4053 4149 4172 4087 4030 3992 3990 4237 4388 4593 4721 4677 4651 4654 4448 4242 3959 3938 4345 4636 4742 4832 4912 4380 4039 2907 3347 2867 2774 2463 2572 2458 2244 1988 1968 1941 2147 1810 1518 1270 1286 1159 617 353 2299 2406 2572 3099 3213 3413 3696 3930 5244 5326 5730 6212 6094 6119 6170 5902 5918 6142 6496 6792 6906 6987 7241 7454 7662 8037 8246 8582 8569 8545 8536 8654 8862 7566 7398 7639 7869 7883 7938 7646 7487 7069 6742 6565 6400 6206 5694 5322 5246 5263 5340 4520 3833 3533 3237 2820 2373 2076 1386 1062 1277 1565 1753 1915 1908 2328 2332 2786 3021 4479 4585 4859 4935 4843 4757 4707 4679 4678 4343 3992 3989 4000 4042 3962 3646 3394 3170 2964 2799 2531 2371 2216 2078 1827 1618 1426 1164 815 652 694 4126 4547 4761 4762 4759 4720 4725 3857 3611 3343 3140 3098 3021 2900 2762 2799 2896 2984 3063 2943 2867 2791 3215 1972 2002 2147 2429 2363 2394 2481 2069 2006 1706 1459 1393 967 561 579 2384 2726 2980 4162 4362 4542 4612 4664 4692 4732 4143 3712 3311 3036 2899 2408 2126 1886 1529 1319 1443 2099 2386 2846 3254 3552 3902 3993 4045 4137 5720 6079 6457 7120 7593 7732 7999 8165 8188 8060 7752 7691 8083 8651 8879 9147 
2601 2943 2937 2685 2437 2223 1825 1553 1240 783 417 0 151 535 623 904 1328 1983 2041 2193 2337 2956 3262 3425 3719 4107 4058 3787 3839 4109 4365 4527 4602 4680 4639 4369 4103 3863 3535 3278 3008 2260 1922 2128 2309 1904 1745 1491 1361 1233 1122 935 752 859 695 587 773 619 483 754 2564 2644 2737 2941 3230 3467 3712 3896 4018 4056 3990 3968 3974 4002 4258 4417 4627 4771 4748 4740 4756 4565 4374 4107 4105 4525 4811 4935 5038 5139 4616 4298 2948 3369 2874 2771 2458 2527 2369 2159 1938 1959 2001 2357 2035 1783 1512 1457 1288 792 565 2122 2206 2355 2918 3066 3295 3602 3862 5257 5302 5709 6198 6093 6133 6210 5950 5975 6200 6540 6830 6966 7059 7312 7524 7730 8102 8327 8666 8638 8602 8581 8672 8866 7521 7365 7623 7862 7891 7958 7683 7524 7096 6758 6572 6398 6191 5673 5300 5191 5187 5240 4405 3802 3498 3199 2777 2321 2016 1294 879 998 1264 1477 1608 1570 1963 1949 2392 2621 4232 4321 4589 4676 4597 4525 4494 4479 4497 4208 3966 3998 4031 4106 4034 3730 3491 3279 3060 2911 2677 2497 2294 2129 1940 1798 1650 1341 1042 342 566 4001 4432 4658 4694 4713 4703 4738 4005 3778 3501 3258 3176 3052 2902 2723 2735 2782 2840 2893 2733 2635 2530 2922 1966 1948 2043 2338 2235 2223 2251 1856 1743 1450 1211 1226 888 568 298 2034 2435 2703 4235 4437 4617 4738 4816 4861 4939 3728 3298 2899 2625 2489 2000 1722 1490 1157 995 1199 2039 2333 2803 3216 3517 3870 3930 3952 4018 5589 5946 6328 6987 7453 7581 7852 8031 8071 7957 7649 7613 8005 8587 8816 9088 
2685 3038 3035 2784 2538 2327 1937 1667 1359 901 533 151 0 401 481 770 1214 1871 1914 2048 2188 2804 3110 3274 3568 3955 3906 3636 3688 3959 4218 4378 4452 4529 4763 4489 4219 3974 3644 3389 3117 2351 2041 2255 2446 2038 1886 1634 1495 1354 1227 1015 818 868 703 548 726 590 414 604 2414 2497 2592 2800 3089 3326 3573 3758 3884 3925 3863 3850 3866 3902 4161 4321 4533 4681 4665 4662 4682 4496 4312 4050 4056 4479 4762 4894 5001 5111 4592 4286 3076 3492 2994 2889 2578 2637 2468 2260 2049 2080 2135 2507 2186 1935 1663 1606 1435 943 716 1984 2063 2210 2777 2931 3165 3477 3742 5156 5192 5598 6089 5988 6031 6116 5857 5885 6111 6447 6734 6877 6973 7226 7438 7643 8013 8243 8583 8550 8511 8487 8570 8760 7403 7251 7513 7754 7786 7856 7586 7427 6997 6657 6468 6292 6082 5563 5190 5073 5064 5111 4274 3691 3387 3088 2665 2209 1904 1181 750 849 1113 1326 1456 1419 1817 1808 2256 2489 4082 4171 4438 4525 4447 4377 4348 4334 4355 4073 3856 3898 3936 4021 3952 3653 3418 3211 2988 2846 2625 2439 2220 2049 1882 1766 1636 1315 1045 416 686 3868 4301 4529 4573 4597 4594 4638 3948 3729 3449 3193 3098 2960 2803 2613 2619 2655 2705 2754 2588 2488 2380 2770 2087 2058 2138 2436 2323 2296 2301 1916 1783 1496 1266 1312 1007 712 396 1885 2283 2552 4153 4355 4534 4673 4759 4811 4902 3638 3211 2815 2544 2411 1928 1657 1438 1135 1013 1256 1927 2221 2691 3105 3406 3760 3811 3826 3887 5454 5811 6193 6851 7316 7442 7714 7895 7938 7827 7519 7488 7879 8465 8694 8967 
2727 3112 3115 2872 2637 2439 2086 1825 1545 1109 780 535 401 0 108 369 823 1478 1512 1663 1817 2465 2783 2963 3274 3622 3575 3292 3332 3594 3840 4006 4087 4172 4927 4638 4356 4094 3759 3512 3235 2421 2210 2452 2684 2268 2147 1911 1730 1552 1377 1107 897 790 652 422 524 476 271 400 2049 2120 2207 2407 2695 2932 3177 3361 3484 3524 3462 3451 3475 3519 3780 3943 4156 4310 4302 4307 4333 4157 3982 3732 3751 4181 4458 4603 4720 4847 4339 4057 3477 3893 3395 3290 2979 3034 2858 2652 2448 2481 2535 2877 2549 2278 2016 1983 1820 1308 1058 1587 1672 1826 2383 2531 2763 3076 3342 4770 4797 5204 5696 5598 5644 5737 5482 5513 5739 6069 6354 6504 6606 6858 7069 7273 7642 7878 8218 8179 8136 8108 8183 8370 7004 6853 7118 7361 7397 7470 7205 7046 6613 6270 6080 5901 5689 5169 4796 4674 4663 4709 3872 3297 2994 2694 2272 1816 1511 791 349 497 785 974 1135 1142 1582 1616 2087 2337 3716 3815 4087 4167 4082 4004 3966 3948 3963 3673 3464 3514 3560 3657 3593 3301 3074 2876 2648 2517 2324 2127 1882 1699 1577 1520 1441 1103 927 808 1088 3467 3899 4128 4173 4200 4202 4253 3631 3427 3144 2864 2748 2588 2422 2221 2222 2253 2305 2357 2202 2111 2020 2435 2489 2456 2527 2826 2704 2662 2637 2268 2109 1835 1619 1695 1408 1103 795 1621 1947 2204 3793 3994 4173 4338 4439 4502 4622 3644 3230 2851 2594 2469 2015 1772 1595 1372 1325 1611 1534 1828 2298 2711 3013 3366 3412 3425 3486 5054 5411 5793 6452 6918 7046 7317 7496 7537 7425 7117 7087 7478 8064 8293 8566 
2819 3207 3211 2970 2736 2539 2190 1930 1652 1217 887 623 481 108 0 297 781 1429 1443 1569 1718 2360 2676 2855 3166 3516 3469 3188 3229 3494 3743 3907 3986 4070 5031 4741 4457 4194 3858 3612 3336 2517 2315 2559 2792 2376 2255 2019 1838 1659 1483 1209 1000 876 746 513 592 566 371 318 1948 2023 2114 2318 2607 2845 3092 3277 3405 3448 3391 3389 3424 3476 3739 3903 4117 4275 4273 4283 4313 4141 3972 3728 3753 4185 4459 4609 4730 4863 4359 4086 3553 3965 3465 3359 3048 3096 2913 2709 2512 2552 2616 2974 2648 2381 2117 2078 1912 1405 1159 1502 1582 1732 2295 2451 2689 3007 3279 4725 4742 5148 5642 5547 5598 5697 5444 5477 5703 6029 6312 6468 6573 6824 7035 7238 7606 7846 8187 8143 8097 8067 8134 8318 6941 6794 7063 7307 7347 7423 7162 7003 6569 6223 6031 5850 5634 5114 4741 4611 4596 4636 3797 3244 2940 2642 2220 1766 1462 751 293 390 677 869 1028 1034 1477 1515 1988 2239 3616 3712 3983 4065 3981 3906 3871 3855 3874 3593 3411 3471 3522 3628 3567 3280 3058 2865 2635 2510 2330 2129 1872 1684 1586 1552 1489 1152 1003 872 1164 3390 3824 4055 4108 4140 4149 4209 3627 3430 3146 2856 2728 2556 2382 2171 2165 2182 2226 2272 2109 2014 1918 2329 2560 2520 2581 2881 2752 2701 2661 2301 2131 1863 1655 1748 1481 1191 867 1514 1841 2100 3767 3967 4146 4325 4432 4501 4632 3571 3160 2785 2533 2409 1965 1731 1565 1368 1347 1648 1485 1777 2246 2658 2959 3312 3350 3355 3410 4974 5331 5713 6371 6835 6961 7232 7414 7459 7350 7042 7017 7408 7997 8226 8499 
2852 3257 3266 3033 2810 2625 2307 2060 1806 1400 1107 904 770 369 297 0 500 1137 1147 1305 1472 2151 2477 2673 2998 3308 3262 2969 2996 3250 3484 3654 3741 3833 5133 4834 4543 4268 3932 3693 3416 2574 2443 2702 2960 2543 2444 2221 2017 1820 1621 1328 1128 922 834 617 604 659 536 476 1709 1769 1847 2041 2329 2565 2809 2992 3115 3155 3096 3092 3130 3186 3450 3615 3830 3991 3995 4011 4045 3879 3718 3483 3518 3952 4221 4381 4508 4653 4159 3906 3845 4259 3760 3654 3344 3393 3210 3006 2809 2847 2904 3234 2903 2623 2366 2345 2186 1667 1411 1218 1309 1469 2016 2162 2395 2711 2982 4433 4446 4852 5346 5253 5305 5408 5157 5192 5418 5741 6023 6182 6290 6540 6751 6953 7320 7563 7905 7858 7809 7777 7841 8023 6644 6497 6766 7011 7052 7129 6871 6713 6277 5930 5737 5555 5339 4818 4445 4314 4299 4342 3504 2948 2645 2347 1926 1472 1171 473 65 272 539 671 869 932 1398 1476 1954 2215 3371 3478 3754 3827 3736 3652 3608 3586 3597 3304 3116 3180 3236 3351 3292 3012 2797 2611 2378 2264 2108 1901 1624 1429 1376 1397 1382 1053 1001 1168 1456 3098 3531 3760 3811 3843 3854 3917 3384 3198 2914 2607 2463 2275 2095 1878 1868 1886 1936 1989 1843 1760 1686 2124 2855 2817 2878 3178 3047 2991 2941 2588 2409 2148 1945 2044 1775 1471 1161 1403 1638 1881 3491 3691 3869 4066 4184 4261 4411 3651 3254 2895 2656 2541 2125 1914 1777 1622 1628 1939 1193 1484 1951 2363 2664 3016 3052 3059 3117 4685 5042 5424 6082 6549 6677 6948 7127 7168 7057 6749 6721 7112 7700 7929 8203 
2766 3191 3207 2995 2795 2635 2381 2165 1965 1632 1420 1328 1214 823 781 500 0 656 747 1091 1311 2053 2392 2621 2971 3184 3142 2825 2814 3034 3219 3407 3517 3630 5135 4822 4520 4230 3896 3673 3399 2537 2532 2810 3107 2698 2642 2450 2210 1990 1765 1462 1299 1002 996 860 732 874 870 967 1553 1561 1592 1735 2013 2240 2466 2638 2729 2753 2674 2641 2652 2696 2958 3122 3336 3494 3495 3510 3544 3381 3223 2994 3037 3473 3737 3904 4037 4193 3711 3482 4272 4697 4202 4099 3786 3851 3681 3474 3263 3287 3317 3565 3226 2921 2685 2703 2564 2026 1761 921 1058 1246 1704 1795 1994 2284 2535 3947 3977 4383 4875 4775 4821 4916 4662 4696 4922 5248 5532 5687 5792 6043 6254 6457 6824 7065 7406 7362 7316 7286 7359 7547 6193 6037 6298 6539 6574 6646 6382 6224 5790 5447 5256 5078 4867 4348 3975 3864 3864 3927 3102 2476 2173 1873 1451 994 689 34 487 672 795 774 1001 1150 1599 1731 2192 2458 3152 3286 3571 3623 3510 3403 3329 3288 3272 2923 2642 2691 2741 2850 2791 2511 2299 2117 1884 1777 1646 1435 1140 940 946 1060 1129 860 988 1628 1894 2706 3129 3347 3368 3385 3379 3430 2896 2721 2436 2117 1963 1776 1601 1399 1407 1476 1568 1659 1587 1553 1551 2038 3294 3272 3350 3649 3527 3481 3440 3082 2908 2644 2436 2519 2216 1876 1610 1551 1584 1770 2991 3191 3369 3569 3691 3774 3941 4004 3626 3288 3065 2958 2572 2380 2260 2122 2126 2429 712 1007 1476 1890 2192 2545 2602 2634 2718 4300 4659 5037 5700 6173 6313 6579 6745 6771 6647 6339 6292 6683 7262 7491 7762 
3024 3457 3482 3299 3131 3003 2820 2638 2488 2214 2046 1983 1871 1478 1429 1137 656 0 324 887 1130 1859 2190 2448 2813 2892 2857 2521 2461 2631 2749 2955 3090 3227 5444 5119 4809 4505 4179 3980 3716 2860 2979 3266 3590 3196 3175 3007 2749 2519 2285 1994 1864 1541 1579 1486 1331 1490 1518 1571 1335 1266 1221 1273 1517 1723 1919 2074 2130 2138 2042 1989 1996 2049 2315 2481 2696 2863 2880 2910 2957 2814 2683 2487 2561 2997 3241 3433 3582 3771 3327 3164 4923 5350 4856 4754 4442 4508 4336 4130 3920 3942 3964 4175 3833 3517 3294 3332 3202 2660 2394 635 803 985 1234 1242 1390 1651 1886 3296 3320 3727 4218 4119 4168 4272 4022 4061 4286 4605 4886 5049 5161 5411 5620 5821 6187 6435 6777 6725 6674 6640 6705 6891 5539 5381 5642 5883 5919 5993 5734 5576 5140 4794 4602 4423 4211 3692 3319 3211 3218 3295 2483 1820 1516 1217 794 338 33 689 1135 1238 1236 1092 1272 1472 1836 2015 2421 2676 2740 2905 3195 3218 3081 2948 2840 2777 2729 2327 1985 2044 2104 2239 2190 1934 1750 1604 1370 1314 1299 1092 756 570 836 1133 1324 1200 1466 2285 2550 2100 2510 2717 2719 2730 2723 2780 2394 2265 1989 1622 1409 1164 965 743 755 879 1025 1167 1216 1260 1363 1860 3949 3929 4005 4305 4180 4129 4073 3725 3540 3284 3082 3173 2871 2525 2266 1732 1504 1588 2386 2583 2758 3010 3162 3269 3492 4330 3985 3685 3491 3398 3065 2909 2823 2732 2762 3076 56 350 820 1234 1535 1888 1951 2000 2105 3691 4049 4424 5088 5566 5714 5976 6132 6145 6014 5706 5647 6038 6612 6841 7111 
3319 3751 3775 3584 3408 3269 3061 2864 2688 2376 2166 2041 1914 1512 1443 1147 747 324 0 564 806 1536 1868 2125 2490 2585 2548 2215 2167 2354 2502 2699 2824 2951 5732 5409 5101 4800 4471 4266 3999 3139 3217 3502 3815 3412 3372 3188 2941 2716 2486 2187 2037 1726 1737 1607 1476 1621 1607 1521 1012 950 921 1012 1279 1501 1720 1890 1985 2015 1949 1951 2027 2122 2392 2563 2780 2962 3005 3055 3114 2993 2883 2711 2801 3233 3464 3668 3826 4028 3600 3456 4990 5406 4907 4802 4491 4539 4350 4148 3956 3994 4042 4312 3973 3669 3433 3447 3302 2768 2503 311 479 661 978 1048 1254 1564 1840 3340 3320 3724 4221 4139 4203 4336 4097 4144 4369 4669 4941 5125 5249 5496 5702 5900 6260 6523 6865 6798 6736 6692 6729 6900 5500 5358 5635 5883 5936 6022 5781 5624 5181 4826 4626 4438 4213 3691 3320 3171 3152 3198 2364 1834 1536 1245 845 461 332 780 1164 1175 1097 911 1052 1260 1577 1769 2149 2399 2466 2621 2910 2943 2816 2694 2604 2553 2528 2178 2004 2113 2202 2376 2340 2114 1958 1838 1610 1581 1602 1401 1066 890 1157 1441 1617 1455 1680 2315 2601 1964 2391 2616 2665 2706 2738 2835 2623 2519 2249 1866 1621 1329 1100 814 757 740 820 924 917 943 1039 1536 4001 3963 4018 4318 4179 4108 4022 3695 3492 3251 3065 3185 2921 2602 2308 1460 1184 1264 2529 2720 2889 3193 3366 3487 3738 4074 3743 3460 3280 3196 2896 2764 2706 2661 2728 3061 330 467 868 1261 1554 1901 1912 1912 1979 3557 3915 4295 4957 5428 5566 5833 6002 6033 5915 5607 5574 5965 6553 6782 7056 
3816 4246 4267 4064 3873 3720 3472 3253 3041 2676 2408 2193 2048 1663 1569 1305 1091 887 564 0 245 992 1331 1579 1941 2096 2055 1735 1725 1957 2179 2351 2446 2548 6211 5893 5588 5292 4960 4745 4474 3610 3623 3900 4191 3779 3709 3501 3276 3063 2844 2541 2365 2085 2057 1881 1793 1909 1833 1529 472 473 544 767 1055 1293 1550 1743 1912 1984 1978 2076 2255 2408 2675 2848 3062 3262 3341 3417 3493 3402 3321 3180 3289 3713 3927 4145 4310 4527 4120 3997 5087 5482 4980 4868 4564 4581 4364 4173 4014 4078 4170 4539 4208 3927 3672 3646 3481 2970 2716 254 99 163 752 976 1270 1632 1957 3551 3458 3852 4350 4296 4385 4562 4342 4404 4625 4893 5147 5364 5506 5746 5947 6138 6486 6771 7113 7021 6943 6881 6872 7017 5546 5430 5734 5993 6072 6177 5969 5814 5362 4997 4785 4584 4341 3822 3461 3247 3183 3170 2323 2049 1780 1528 1211 964 896 1117 1347 1208 1003 769 782 975 1152 1361 1674 1909 2077 2200 2483 2542 2440 2348 2303 2286 2311 2087 2216 2396 2521 2743 2725 2540 2420 2331 2113 2108 2158 1960 1627 1454 1711 1974 2125 1917 2079 2408 2716 1910 2349 2598 2731 2822 2915 3072 3098 3023 2762 2368 2096 1765 1522 1206 1085 870 784 752 540 465 486 987 4087 4019 4034 4331 4169 4065 3929 3643 3411 3203 3049 3215 3023 2760 2418 1006 622 713 2900 3079 3237 3606 3804 3942 4226 3610 3307 3059 2908 2841 2607 2526 2520 2561 2693 3049 894 964 1227 1541 1795 2110 2037 1953 1943 3452 3805 4189 4838 5294 5409 5684 5877 5941 5850 5544 5559 5946 6555 6784 7063 
4053 4482 4502 4297 4103 3946 3688 3464 3242 2863 2580 2337 2188 1817 1718 1472 1311 1130 806 245 0 751 1091 1335 1697 1873 1830 1517 1526 1778 2031 2190 2270 2360 6442 6126 5822 5527 5194 4977 4705 3842 3837 4111 4395 3981 3902 3688 3471 3262 3047 2745 2562 2294 2255 2068 1994 2100 2008 1637 243 314 459 728 996 1227 1491 1688 1886 1976 1996 2132 2351 2525 2787 2959 3170 3377 3470 3557 3640 3562 3495 3368 3485 3904 4110 4333 4503 4727 4330 4220 5191 5575 5073 4961 4660 4664 4437 4252 4107 4180 4289 4692 4366 4093 3833 3794 3623 3123 2875 495 328 185 726 1000 1309 1678 2013 3625 3501 3888 4383 4342 4442 4636 4426 4494 4712 4965 5211 5442 5591 5827 6025 6213 6555 6849 7190 7088 7003 6933 6904 7038 5538 5434 5749 6013 6103 6216 6022 5869 5415 5047 4829 4624 4374 3859 3505 3265 3182 3144 2303 2142 1891 1662 1385 1185 1139 1335 1520 1340 1099 869 816 979 1052 1264 1522 1741 1899 2007 2285 2355 2264 2188 2165 2162 2211 2049 2305 2511 2649 2889 2879 2713 2608 2533 2320 2326 2391 2196 1865 1695 1956 2218 2365 2150 2298 2528 2841 1892 2327 2583 2751 2862 2980 3161 3289 3227 2972 2574 2292 1950 1705 1388 1252 988 847 755 456 306 243 744 4190 4110 4109 4404 4233 4116 3959 3692 3449 3258 3118 3302 3140 2899 2544 891 395 470 3047 3220 3372 3767 3975 4121 4420 3450 3166 2939 2807 2750 2555 2501 2521 2601 2758 3120 1136 1184 1397 1673 1906 2200 2094 1976 1933 3389 3737 4121 4761 5209 5315 5593 5794 5873 5793 5489 5524 5909 6525 6755 7034 
4805 5233 5252 5045 4848 4687 4417 4186 3950 3551 3244 2956 2804 2465 2360 2151 2053 1859 1536 992 751 0 340 589 955 1157 1111 832 915 1223 1573 1675 1701 1747 7188 6874 6570 6277 5944 5725 5452 4589 4563 4833 5105 4689 4595 4370 4167 3967 3759 3459 3269 3017 2965 2764 2709 2801 2685 2213 524 615 745 932 1031 1170 1403 1582 1848 1980 2078 2313 2631 2857 3096 3260 3454 3674 3809 3927 4029 3993 3968 3888 4028 4426 4603 4843 5023 5269 4912 4845 5687 6045 5547 5431 5142 5115 4866 4696 4588 4683 4828 5305 4989 4737 4467 4402 4218 3748 3513 1230 1061 874 964 1257 1539 1870 2203 3794 3582 3935 4413 4411 4540 4788 4610 4696 4902 5105 5321 5591 5762 5984 6171 6346 6667 6987 7323 7189 7081 6988 6897 6994 5424 5358 5701 5975 6099 6236 6089 5943 5486 5113 4885 4670 4403 3913 3589 3278 3139 3024 2244 2429 2244 2088 1930 1851 1862 2075 2205 1970 1691 1491 1348 1426 1227 1401 1413 1539 1344 1387 1641 1745 1699 1678 1731 1781 1905 1957 2570 2840 3010 3293 3306 3200 3144 3110 2918 2957 3068 2884 2563 2409 2693 2965 3117 2899 3034 3096 3412 1880 2263 2525 2789 2955 3144 3388 3820 3801 3566 3162 2857 2494 2256 1952 1792 1458 1236 1047 748 619 507 51 4695 4588 4549 4833 4642 4493 4283 4074 3808 3662 3562 3782 3690 3499 3125 1072 520 282 3449 3599 3730 4197 4435 4603 4947 3179 2976 2839 2776 2755 2695 2721 2811 2987 3202 3567 1856 1848 1934 2094 2253 2473 2281 2076 1938 3148 3470 3844 4448 4865 4940 5223 5451 5571 5527 5232 5329 5701 6335 6561 6843 
5145 5573 5592 5385 5188 5026 4753 4519 4280 3876 3563 3262 3110 2783 2676 2477 2392 2190 1868 1331 1091 340 0 270 632 845 796 565 714 1038 1432 1493 1482 1498 7528 7214 6910 6618 6284 6065 5791 4929 4898 5166 5435 5019 4920 4692 4494 4296 4091 3792 3599 3352 3297 3093 3042 3130 3008 2513 860 931 1033 1169 1197 1280 1474 1631 1912 2057 2183 2451 2800 3042 3268 3426 3611 3834 3985 4114 4223 4204 4196 4134 4283 4671 4835 5081 5265 5519 5179 5130 5942 6288 5794 5677 5393 5355 5098 4935 4841 4944 5102 5602 5291 5045 4774 4699 4513 4053 3823 1566 1397 1207 1206 1475 1728 2029 2348 3899 3651 3985 4450 4465 4607 4876 4713 4805 5005 5185 5386 5672 5851 6067 6247 6416 6726 7057 7390 7242 7124 7021 6902 6982 5388 5339 5694 5971 6110 6256 6132 5990 5534 5160 4930 4711 4440 3965 3660 3321 3160 3012 2282 2606 2449 2324 2207 2165 2193 2414 2533 2286 2002 1812 1654 1710 1448 1596 1509 1580 1150 1145 1372 1497 1482 1498 1595 1674 1833 1990 2734 3024 3204 3500 3521 3439 3402 3384 3201 3250 3377 3199 2883 2734 3026 3302 3456 3239 3371 3386 3702 1953 2298 2553 2854 3040 3255 3523 4071 4069 3843 3439 3128 2762 2530 2235 2071 1726 1494 1295 1036 936 847 355 4956 4839 4787 5066 4868 4708 4479 4293 4020 3892 3807 4039 3971 3798 3419 1309 838 622 3653 3792 3914 4407 4655 4830 5192 3127 2968 2877 2847 2842 2838 2896 3010 3219 3450 3813 2185 2161 2208 2328 2456 2643 2422 2189 2016 3075 3379 3744 4324 4723 4782 5066 5306 5445 5418 5129 5255 5619 6258 6482 6764 
5382 5809 5827 5616 5414 5248 4965 4726 4479 4065 3743 3425 3274 2963 2855 2673 2621 2448 2125 1579 1335 589 270 0 366 738 687 575 783 1096 1511 1532 1484 1464 7755 7443 7141 6851 6516 6294 6019 5158 5107 5372 5632 5215 5109 4875 4685 4493 4293 3996 3800 3564 3500 3290 3250 3330 3198 2671 1113 1196 1303 1437 1449 1513 1687 1831 2115 2265 2404 2684 3044 3291 3512 3667 3848 4072 4229 4362 4474 4460 4457 4400 4550 4936 5096 5344 5529 5784 5448 5400 6035 6370 5879 5762 5485 5434 5170 5015 4935 5046 5218 5748 5442 5207 4933 4846 4656 4211 3990 1819 1650 1463 1475 1738 1983 2272 2585 4112 3846 4169 4624 4650 4798 5078 4924 5019 5215 5382 5576 5869 6053 6265 6442 6606 6910 7247 7577 7422 7298 7189 7052 7121 5512 5476 5837 6116 6264 6417 6306 6166 5712 5340 5108 4888 4614 4151 3856 3504 3330 3162 2468 2853 2706 2588 2477 2432 2452 2641 2731 2467 2178 2002 1827 1858 1541 1662 1496 1522 1193 1134 1317 1465 1487 1540 1674 1775 1957 2177 2977 3273 3456 3756 3779 3703 3670 3653 3471 3521 3646 3466 3148 2997 3282 3553 3700 3474 3592 3528 3841 2162 2482 2731 3050 3246 3474 3751 4337 4338 4113 3709 3397 3031 2800 2505 2342 1996 1764 1564 1306 1201 1092 591 5058 4932 4865 5138 4935 4763 4518 4354 4077 3967 3897 4140 4099 3948 3565 1422 1043 865 3907 4043 4162 4662 4913 5091 5457 2975 2848 2792 2788 2797 2841 2925 3060 3297 3545 3904 2445 2428 2478 2592 2713 2888 2657 2413 2226 3182 3471 3827 4385 4767 4812 5096 5345 5501 5488 5205 5353 5709 6351 6573 6854 
5735 6161 6178 5965 5760 5591 5299 5057 4802 4381 4051 3719 3568 3274 3166 2998 2971 2813 2490 1941 1697 955 632 366 0 662 618 699 931 1195 1612 1581 1486 1416 8100 7790 7490 7201 6866 6642 6366 5506 5439 5700 5953 5536 5422 5184 5002 4815 4619 4325 4126 3900 3830 3616 3584 3657 3517 2964 1478 1562 1665 1786 1772 1807 1953 2077 2362 2516 2671 2968 3344 3599 3811 3961 4135 4359 4525 4666 4781 4779 4785 4738 4893 5273 5426 5677 5863 6123 5796 5756 6248 6567 6083 5965 5696 5631 5360 5214 5151 5271 5457 6018 5719 5495 5218 5120 4926 4498 4284 2184 2014 1828 1824 2076 2305 2574 2875 4359 4067 4372 4812 4852 5010 5305 5165 5265 5454 5602 5782 6088 6278 6483 6654 6813 7106 7451 7777 7610 7478 7360 7197 7249 5624 5606 5976 6256 6418 6579 6489 6353 5902 5532 5299 5078 4802 4356 4079 3708 3517 3323 2686 3159 3029 2927 2833 2798 2817 2990 3058 2781 2489 2326 2140 2149 1789 1879 1630 1596 1266 1140 1248 1421 1492 1592 1769 1893 2100 2400 3274 3580 3767 4074 4102 4040 4015 4006 3827 3881 4010 3832 3514 3363 3647 3915 4059 3827 3934 3800 4110 2414 2697 2936 3278 3487 3731 4022 4678 4687 4466 4063 3749 3382 3153 2862 2698 2351 2116 1915 1668 1567 1455 954 5284 5147 5064 5329 5119 4936 4670 4534 4253 4164 4113 4367 4356 4227 3841 1690 1387 1228 4223 4352 4464 4978 5236 5418 5793 2874 2800 2797 2830 2857 2961 3077 3235 3504 3768 4121 2811 2794 2833 2930 3034 3189 2944 2685 2480 3285 3550 3889 4413 4770 4795 5078 5339 5517 5524 5249 5428 5773 6416 6635 6914 
5901 6333 6355 6157 5969 5816 5561 5334 5104 4708 4402 4107 3955 3622 3516 3308 3184 2892 2585 2096 1873 1157 845 738 662 0 51 371 503 626 1009 939 826 755 8305 7986 7679 7381 7050 6839 6568 5705 5709 5982 6259 5844 5752 5528 5324 5121 4912 4611 4423 4164 4118 3920 3859 3956 3842 3359 1630 1640 1672 1688 1568 1516 1580 1654 1926 2084 2267 2592 2998 3269 3452 3587 3741 3964 4153 4310 4435 4465 4506 4501 4672 5022 5145 5405 5597 5873 5594 5604 6768 7106 6615 6497 6218 6171 5908 5751 5668 5776 5940 6448 6136 5889 5618 5545 5358 4898 4667 2304 2144 1950 1730 1908 2063 2258 2515 3883 3553 3829 4248 4306 4475 4791 4672 4779 4958 5074 5236 5556 5755 5950 6112 6263 6543 6896 7217 7037 6896 6769 6585 6625 4992 4986 5361 5642 5814 5982 5913 5782 5336 4969 4736 4515 4238 3816 3566 3174 2964 2742 2189 2834 2761 2723 2725 2798 2888 3208 3362 3126 2844 2649 2498 2555 2271 2399 2225 2226 658 490 593 760 833 951 1154 1296 1522 1920 2924 3250 3448 3769 3813 3801 3820 3850 3699 3785 3967 3810 3518 3397 3721 4024 4200 4011 4171 4231 4546 1986 2195 2413 2784 3011 3282 3598 4453 4503 4310 3916 3594 3230 3023 2767 2601 2253 2017 1818 1676 1648 1637 1186 5788 5665 5602 5876 5673 5502 5255 5093 4816 4704 4631 4870 4813 4643 4264 2142 1675 1428 3910 4015 4108 4658 4931 5127 5535 3530 3463 3455 3478 3498 3569 3661 3799 4033 4277 4638 2877 2791 2719 2722 2763 2852 2574 2291 2053 2654 2905 3237 3752 4108 4134 4417 4677 4854 4863 4591 4778 5118 5762 5979 6258 
