5
209
35 0 1 2 3 4 5 6 7 8 9 10 11 12 13 14 15 16 17 18 19 20 21 22 23 24 25 26 27 28 29 30 31 32 33 34
70 35 36 37 38 39 40 41 42 43 44 45 46 47 48 49 50 51 52 53 54 55 56 57 58 59 60 61 62 63 64 65 66 67 68 69 70 71 72 73 74 75 76 77 78 79 26 27 28 29 80 81 82 83 84 85 86 87 88 89 90 91 92 93 94 95 96 97 98 99 100
70 101 102 103 104 105 106 107 108 109 110 111 112 113 114 115 60 61 62 63 64 65 116 117 118 119 120 121 70 71 72 73 74 122 78 79 26 27 123 124 28 125 126 127 128 129 130 131 132 133 134 135 136 137 138 139 140 141 142 143 144 145 146 147 148 149 150 151 152 153 154
50 155 104 105 156 157 158 112 113 159 160 161 162 163 164 64 65 66 67 68 69 70 71 72 73 165 166 167 168 169 170 171 172 27 28 29 30 31 32 33 34 173 174 175 176 177 178 179 180 181 182
39 183 184 185 186 187 188 189 190 191 192 193 194 56 57 58 195 196 197 16 198 18 19 20 21 22 23 24 25 26 199 200 201 202 203 204 205 206 207 208
900 1800 1800 600 1200 
0 305 613 1192 1557 1669 1439 1603 1906 2211 2434 2327 2589 3114 3473 3706 4765 5105 5137 5144 5338 5637 5931 6349 6800 7102 7818 8243 8582 9008 9376 9651 10023 10264 10129 1365 1737 2375 2495 2704 3073 3027 2799 2913 3035 3121 3281 3185 2966 3270 3557 3785 3681 3396 3274 3225 3045 3517 3877 4073 4738 4937 5134 5271 5216 5182 5276 5559 5879 6131 6348 6605 6772 6991 7045 6953 6964 7085 7048 7142 9111 9290 9519 9799 10331 10458 10370 10586 10889 11267 11115 11077 11044 11092 11392 11645 11561 11903 11979 12497 12069 6952 6534 6247 6039 5928 5771 5960 6097 5917 5667 5362 5083 5010 4845 4717 5171 5179 5416 5705 5891 6069 7091 8630 8582 8656 8614 8449 8614 8666 8626 8943 9017 9373 9503 9747 9995 10123 10044 10011 10373 9735 9556 9556 9365 9573 9615 9649 9988 10148 10214 10441 10735 11070 11372 6080 5688 5545 5318 5002 5160 5341 5421 5307 5272 6948 7273 7921 7831 7934 8099 8218 8227 10335 10516 10742 11074 11147 11230 11226 11036 11070 11092 1615 1829 1730 1637 1838 1985 2400 2488 2625 2770 2843 2928 3923 3928 3919 5105 8240 8234 8081 7851 7864 8040 8038 8237 8282 8375 
305 0 311 887 1254 1371 1154 1338 1656 1957 2166 2044 2289 2809 3167 3401 4467 4808 4843 4856 5057 5354 5648 6064 6513 6815 7530 7954 8292 8718 9085 9363 9733 9970 9834 1419 1754 2386 2509 2720 3089 3007 2742 2833 2935 3007 3144 3035 2785 3079 3362 3575 3466 3182 3040 2978 2790 3251 3606 3820 4482 4677 4868 5001 4937 4894 4987 5266 5584 5835 6049 6305 6471 6689 6745 6655 6667 6789 6758 6855 8822 9003 9235 9514 10047 10175 10090 10309 10611 10989 10829 10787 10752 10799 11098 11352 11271 11613 11689 12207 11781 6742 6332 6062 5846 5729 5563 5744 5867 5681 5434 5131 4852 4775 4603 4469 4878 4881 5118 5407 5592 5771 6794 8337 8287 8369 8329 8165 8329 8384 8346 8663 8740 9099 9229 9473 9720 9852 9777 9748 10109 9470 9291 9298 9108 9319 9365 9404 9742 9906 9976 10208 10504 10842 11144 5883 5480 5333 5094 4760 4913 5090 5166 5041 5002 6645 6971 7618 7532 7637 7802 7924 7935 10038 10218 10445 10775 10850 10935 10932 10745 10780 10804 1351 1584 1535 1484 1718 1890 2291 2362 2452 2565 2619 2689 3638 3636 3621 4808 7950 7940 7784 7554 7565 7741 7735 7933 7978 8070 
613 311 0 585 944 1100 920 1140 1475 1765 1947 1799 2006 2507 2861 3093 4155 4497 4532 4548 4752 5048 5341 5756 6205 6507 7221 7644 7982 8408 8776 9055 9423 9659 9523 1474 1759 2371 2496 2705 3071 2953 2653 2719 2799 2857 2969 2848 2571 2852 3130 3328 3215 2934 2772 2701 2506 2956 3308 3535 4195 4386 4572 4702 4633 4586 4677 4956 5273 5523 5738 5993 6160 6378 6433 6343 6355 6478 6449 6547 8513 8695 8927 9207 9739 9868 9785 10006 10306 10685 10521 10478 10442 10488 10787 11042 10961 11303 11379 11898 11472 6489 6086 5832 5610 5487 5313 5488 5599 5409 5164 4863 4584 4504 4326 4187 4567 4569 4806 5095 5281 5460 6482 8027 7976 8061 8021 7858 8021 8078 8041 8358 8436 8797 8927 9171 9418 9551 9479 9453 9814 9174 8995 9007 8818 9031 9080 9122 9459 9626 9700 9936 10233 10572 10876 5644 5232 5080 4833 4482 4633 4806 4880 4745 4703 6334 6660 7308 7220 7326 7491 7613 7625 9726 9906 10133 10464 10538 10624 10622 10434 10470 10496 1066 1317 1321 1319 1581 1775 2153 2207 2247 2327 2363 2420 3331 3325 3309 4497 7640 7629 7473 7243 7253 7429 7424 7623 7670 7764 
1192 887 585 0 390 554 498 768 1100 1348 1471 1279 1430 1922 2281 2517 3607 3952 3999 4036 4258 4549 4838 5248 5692 5991 6700 7120 7455 7880 8247 8534 8895 9121 8979 1870 2072 2625 2748 2949 3298 3121 2766 2782 2814 2840 2892 2747 2407 2646 2905 3056 2930 2663 2446 2340 2126 2525 2857 3135 3780 3958 4123 4239 4146 4073 4158 4426 4734 4977 5184 5436 5599 5814 5874 5791 5809 5937 5924 6031 7989 8178 8415 8695 9226 9359 9285 9513 9810 10189 10004 9950 9908 9948 10248 10505 10432 10773 10850 11371 10950 6172 5792 5582 5342 5207 5012 5166 5241 5036 4803 4509 4231 4143 3948 3793 4036 4021 4255 4545 4731 4910 5935 7492 7435 7542 7507 7347 7510 7573 7542 7859 7944 8312 8443 8687 8932 9073 9013 8997 9356 8714 8534 8564 8378 8599 8659 8711 9046 9222 9306 9553 9854 10198 10504 5367 4934 4771 4498 4102 4239 4400 4463 4294 4240 5765 6093 6740 6667 6779 6945 7076 7095 9177 9353 9584 9909 9990 10082 10083 9902 9942 9975 780 1068 1246 1366 1660 1884 2191 2203 2122 2107 2088 2095 2832 2803 2761 3952 7112 7090 6926 6695 6699 6872 6856 7054 7093 7183 
1557 1254 944 390 0 495 653 896 1174 1355 1398 1155 1168 1579 1922 2150 3221 3565 3610 3646 3869 4159 4448 4858 5302 5600 6310 6730 7065 7491 7858 8144 8505 8733 8592 2035 2171 2665 2784 2974 3306 3091 2707 2689 2689 2693 2707 2550 2179 2387 2631 2755 2624 2368 2124 2002 1781 2155 2479 2774 3411 3584 3743 3856 3758 3683 3768 4036 4346 4591 4800 5053 5219 5435 5492 5406 5422 5549 5534 5641 7599 7788 8024 8304 8836 8968 8895 9123 9421 9800 9614 9560 9520 9560 9860 10116 10043 10384 10461 10981 10560 5836 5467 5277 5030 4889 4686 4830 4889 4680 4451 4161 3885 3793 3592 3432 3646 3635 3870 4159 4345 4524 5549 7104 7047 7152 7117 6957 7119 7183 7152 7469 7555 7924 8055 8299 8543 8686 8627 8613 8971 8329 8149 8183 7998 8221 8284 8338 8672 8851 8938 9189 9490 9837 10143 5051 4610 4442 4159 3745 3876 4032 4092 3913 3857 5390 5716 6364 6283 6393 6558 6687 6706 8792 8969 9199 9526 9604 9695 9695 9513 9553 9585 597 861 1145 1335 1625 1854 2100 2084 1927 1853 1801 1780 2444 2413 2374 3565 6722 6702 6540 6309 6316 6489 6480 6679 6726 6822 
1669 1371 1100 554 495 0 308 451 685 862 933 725 921 1502 1883 2137 3301 3650 3722 3802 4055 4333 4612 5009 5442 5734 6430 6842 7171 7594 7958 8259 8604 8810 8658 2418 2600 3126 3246 3442 3781 3577 3198 3184 3184 3188 3195 3035 2655 2846 3077 3176 3041 2799 2528 2385 2157 2465 2755 3099 3708 3864 3995 4089 3957 3837 3908 4151 4439 4665 4852 5091 5246 5450 5523 5457 5489 5628 5650 5774 7710 7909 8155 8434 8964 9102 9044 9283 9575 9954 9732 9658 9606 9633 9931 10194 10137 10475 10555 11078 10667 6196 5845 5684 5429 5280 5065 5194 5224 5004 4787 4506 4234 4137 3923 3751 3763 3709 3933 4223 4409 4588 5614 7193 7122 7274 7248 7095 7254 7330 7309 7624 7722 8100 8231 8476 8716 8870 8827 8826 9182 8539 8359 8415 8234 8465 8540 8606 8936 9123 9220 9482 9786 10136 10444 5444 4992 4819 4519 4071 4189 4330 4379 4162 4090 5385 5719 6363 6328 6457 6621 6771 6806 8841 9010 9249 9561 9655 9760 9771 9601 9650 9696 1093 1354 1638 1815 2107 2336 2594 2580 2415 2319 2245 2197 2648 2570 2468 3650 6827 6782 6603 6370 6358 6523 6478 6671 6682 6760 
1439 1154 920 498 653 308 0 270 603 865 1027 889 1189 1800 2184 2440 3609 3958 4030 4109 4359 4639 4918 5316 5750 6042 6738 7150 7479 7901 8265 8567 8912 9116 8963 2335 2560 3121 3244 3446 3796 3618 3259 3268 3290 3307 3340 3188 2826 3040 3284 3403 3271 3019 2766 2634 2409 2743 3043 3373 3992 4153 4290 4387 4260 4144 4215 4459 4747 4972 5158 5395 5549 5751 5827 5763 5796 5935 5958 6082 8018 8217 8463 8742 9272 9410 9351 9591 9883 10262 10040 9966 9913 9939 10237 10501 10444 10782 10862 11386 10975 6460 6100 5922 5672 5528 5319 5455 5497 5281 5060 4775 4501 4406 4196 4029 4071 4016 4240 4530 4716 4895 5921 7501 7428 7583 7556 7403 7562 7637 7616 7931 8029 8406 8537 8782 9023 9175 9131 9129 9485 8842 8662 8715 8533 8764 8837 8900 9231 9416 9511 9770 10073 10422 10730 5691 5244 5074 4782 4347 4469 4614 4667 4458 4389 5684 6019 6662 6632 6763 6927 7078 7113 9146 9313 9553 9864 9959 10066 10077 9908 9957 10004 1213 1494 1723 1860 2154 2380 2676 2680 2563 2505 2454 2426 2949 2875 2776 3958 7135 7089 6909 6675 6663 6826 6777 6968 6974 7048 
1603 1338 1140 768 896 451 270 0 341 625 832 759 1158 1815 2204 2467 3665 4013 4099 4198 4462 4735 5007 5398 5825 6113 6800 7207 7532 7952 8314 8624 8959 9152 8993 2585 2820 3388 3511 3714 4065 3889 3530 3537 3556 3571 3598 3444 3075 3279 3517 3623 3489 3243 2978 2836 2608 2911 3194 3546 4150 4302 4425 4513 4369 4232 4296 4527 4802 5016 5191 5419 5567 5761 5845 5792 5833 5979 6020 6152 8073 8278 8527 8806 9333 9475 9424 9669 9958 10337 10096 10011 9953 9971 10268 10535 10487 10824 10905 11429 11024 6646 6296 6134 5879 5731 5517 5645 5671 5450 5235 4955 4684 4586 4370 4197 4141 4066 4283 4571 4756 4934 5957 7545 7465 7644 7622 7473 7630 7711 7696 8009 8113 8494 8626 8870 9109 9267 9231 9236 9590 8948 8768 8833 8653 8888 8967 9036 9365 9554 9654 9919 10224 10575 10883 5895 5443 5270 4970 4518 4633 4771 4818 4590 4514 5685 6023 6662 6656 6796 6960 7120 7164 9167 9330 9573 9877 9980 10094 10111 9948 10003 10057 1473 1751 1991 2131 2425 2650 2945 2947 2819 2748 2685 2644 3068 2974 2848 4013 7188 7129 6941 6707 6685 6843 6775 6963 6950 7014 
1906 1656 1475 1100 1174 685 603 341 0 305 567 604 1095 1779 2164 2429 3650 3996 4098 4223 4503 4765 5029 5408 5824 6106 6781 7180 7499 7916 8275 8593 8917 9094 8928 2925 3160 3724 3848 4049 4399 4216 3850 3849 3859 3867 3879 3720 3339 3525 3751 3835 3699 3465 3181 3026 2796 3053 3310 3690 4269 4408 4511 4585 4420 4256 4310 4522 4779 4979 5138 5354 5495 5680 5773 5734 5785 5937 6002 6145 8041 8253 8507 8785 9309 9454 9415 9667 9952 10329 10064 9966 9900 9909 10204 10474 10438 10772 10855 11380 10982 6800 6465 6326 6065 5912 5688 5803 5807 5580 5374 5102 4836 4734 4511 4330 4142 4041 4247 4533 4715 4892 5906 7502 7412 7622 7606 7462 7616 7706 7697 8008 8119 8506 8637 8881 9117 9282 9258 9273 9623 8982 8803 8883 8707 8947 9035 9112 9437 9633 9740 10013 10319 10672 10982 6076 5617 5440 5129 4655 4759 4885 4924 4672 4586 5592 5932 6564 6588 6739 6902 7075 7129 9091 9248 9497 9790 9903 10026 10050 9896 9957 10020 1767 2036 2300 2454 2749 2975 3258 3252 3100 3001 2920 2859 3142 3022 2861 3996 7156 7082 6883 6649 6616 6766 6676 6859 6824 6876 
2211 1957 1765 1348 1355 862 865 625 305 0 298 456 972 1647 2021 2284 3512 3853 3968 4115 4407 4659 4914 5283 5689 5965 6628 7021 7335 7749 8105 8430 8744 8910 8739 3200 3420 3969 4092 4290 4634 4437 4060 4045 4040 4038 4030 3866 3472 3635 3846 3907 3768 3548 3247 3080 2850 3058 3288 3692 4244 4370 4454 4516 4332 4146 4192 4387 4629 4817 4963 5171 5305 5482 5583 5554 5612 5769 5852 6003 7878 8094 8352 8629 9150 9298 9267 9524 9805 10181 9897 9789 9718 9720 10014 10287 10259 10591 10675 11200 10808 6800 6481 6367 6100 5941 5709 5811 5793 5559 5364 5101 4840 4735 4505 4318 4014 3892 4090 4371 4551 4726 5731 7330 7233 7466 7455 7315 7467 7563 7559 7868 7985 8376 8507 8750 8983 9154 9139 9162 9510 8870 8691 8785 8612 8857 8952 9036 9358 9559 9673 9952 10259 10614 10924 6107 5641 5460 5139 4644 4738 4853 4884 4611 4517 5386 5728 6354 6399 6558 6720 6902 6964 8894 9046 9299 9584 9704 9834 9863 9715 9780 9851 1952 2205 2500 2673 2967 3196 3456 3439 3253 3124 3022 2941 3084 2942 2753 3853 6993 6907 6700 6467 6425 6571 6465 6644 6594 6639 
2434 2166 1947 1471 1398 933 1027 832 567 298 0 282 746 1396 1757 2018 3245 3584 3705 3864 4162 4408 4658 5020 5420 5693 6352 6742 7053 7466 7821 8148 8459 8621 8448 3341 3533 4056 4176 4370 4704 4487 4097 4064 4043 4029 3998 3829 3423 3563 3757 3794 3654 3450 3134 2957 2730 2894 3100 3520 4048 4164 4235 4288 4093 3894 3934 4121 4355 4537 4679 4883 5015 5190 5293 5267 5327 5486 5577 5732 7596 7815 8073 8350 8870 9019 8991 9251 9530 9906 9614 9503 9430 9430 9723 9997 9971 10302 10387 10912 10522 6618 6313 6220 5949 5786 5547 5638 5602 5364 5177 4922 4666 4558 4324 4133 3752 3619 3813 4092 4271 4444 5446 7045 6946 7188 7178 7040 7191 7290 7289 7596 7716 8109 8240 8483 8713 8888 8877 8905 9250 8612 8434 8534 8363 8611 8710 8799 9118 9322 9441 9724 10031 10387 10698 5951 5481 5297 4968 4459 4544 4650 4676 4388 4289 5092 5434 6059 6109 6271 6432 6617 6683 8601 8752 9006 9290 9411 9542 9573 9426 9493 9566 1980 2211 2536 2733 3023 3252 3482 3451 3229 3068 2947 2846 2870 2713 2507 3584 6712 6622 6412 6179 6135 6279 6170 6348 6296 6341 
2327 2044 1799 1279 1155 725 889 759 604 456 282 0 517 1196 1575 1840 3066 3409 3519 3661 3951 4205 4462 4833 5242 5521 6190 6586 6903 7319 7677 7998 8318 8492 8325 3143 3315 3821 3939 4129 4458 4233 3838 3799 3772 3754 3719 3549 3142 3280 3474 3513 3374 3167 2853 2677 2449 2625 2843 3255 3795 3918 3999 4059 3876 3692 3740 3940 4189 4383 4538 4752 4891 5075 5170 5133 5185 5339 5412 5560 7445 7660 7915 8193 8716 8862 8826 9082 9364 9741 9467 9366 9298 9306 9601 9872 9837 10171 10254 10779 10383 6358 6047 5947 5677 5515 5279 5374 5347 5112 4920 4661 4402 4296 4063 3875 3565 3451 3653 3937 4118 4294 5306 6903 6811 7030 7016 6874 7027 7120 7114 7424 7539 7929 8060 8303 8537 8706 8688 8709 9057 8417 8238 8329 8156 8401 8495 8579 8901 9102 9216 9496 9803 10158 10468 5680 5212 5029 4703 4201 4291 4402 4431 4155 4060 4987 5328 5960 5985 6138 6300 6475 6533 8487 8644 8893 9186 9299 9423 9448 9294 9357 9423 1724 1945 2280 2488 2774 3003 3219 3184 2953 2786 2664 2563 2630 2485 2298 3409 6560 6482 6281 6047 6012 6162 6073 6256 6225 6280 
2589 2289 2006 1430 1168 921 1189 1158 1095 972 746 517 0 684 1068 1334 2555 2901 3006 3144 3434 3688 3946 4319 4731 5011 5685 6085 6405 6822 7182 7499 7824 8007 7845 3201 3312 3757 3869 4045 4352 4095 3681 3611 3554 3517 3444 3269 2849 2945 3113 3117 2977 2794 2462 2274 2053 2167 2358 2786 3303 3418 3491 3546 3360 3175 3224 3429 3684 3884 4048 4270 4414 4606 4693 4646 4693 4844 4907 5050 6947 7158 7412 7690 8214 8359 8320 8573 8857 9234 8969 8874 8811 8824 9120 9389 9348 9683 9765 10290 9890 5876 5577 5499 5224 5058 4815 4900 4857 4619 4434 4181 3928 3820 3583 3391 3051 2945 3153 3438 3621 3798 4816 6410 6323 6526 6511 6367 6521 6611 6604 6914 7027 7416 7547 7791 8025 8192 8173 8193 8541 7901 7722 7812 7639 7884 7979 8064 8385 8587 8702 8983 9290 9646 9956 5223 4751 4565 4233 3717 3799 3904 3929 3644 3548 4527 4866 5503 5506 5651 5814 5983 6035 8014 8175 8420 8720 8826 8944 8965 8807 8865 8927 1632 1792 2167 2411 2678 2901 3055 2996 2705 2487 2335 2204 2124 1972 1781 2901 6061 5991 5795 5561 5534 5689 5617 5805 5795 5863 
3114 2809 2507 1922 1579 1502 1800 1815 1779 1647 1396 1196 684 0 389 653 1871 2217 2322 2469 2766 3013 3266 3636 4047 4327 5002 5403 5724 6143 6504 6818 7147 7336 7177 3505 3543 3897 3998 4153 4423 4128 3699 3587 3487 3420 3290 3112 2688 2709 2821 2760 2623 2493 2141 1937 1746 1706 1817 2277 2725 2817 2863 2903 2699 2499 2544 2744 3001 3205 3375 3604 3753 3952 4032 3977 4019 4166 4223 4366 6266 6476 6729 7007 7532 7676 7635 7888 8173 8550 8289 8198 8138 8155 8452 8719 8673 9009 9091 9615 9213 5308 5038 5006 4723 4549 4294 4354 4275 4031 3863 3629 3391 3278 3034 2836 2368 2262 2472 2759 2943 3121 4142 5733 5650 5844 5827 5683 5837 5927 5919 6229 6343 6732 6863 7107 7341 7509 7492 7514 7862 7222 7043 7139 6968 7215 7315 7404 7723 7928 8048 8334 8642 8999 9310 4713 4236 4046 3700 3158 3220 3306 3320 3010 2904 3884 4219 4862 4841 4980 5144 5307 5355 7353 7518 7760 8067 8166 8278 8295 8133 8190 8248 1861 1925 2318 2590 2818 3022 3084 2993 2626 2336 2140 1962 1519 1333 1111 2217 5381 5315 5125 4891 4870 5030 4977 5169 5183 5267 
3473 3167 2861 2281 1922 1883 2184 2204 2164 2021 1757 1575 1068 389 0 265 1491 1834 1947 2112 2420 2655 2901 3263 3668 3945 4617 5016 5336 5755 6115 6430 6758 6947 6788 3780 3786 4095 4189 4332 4580 4268 3838 3705 3583 3501 3340 3164 2747 2721 2795 2690 2558 2469 2116 1910 1750 1594 1627 2101 2478 2546 2564 2586 2363 2141 2177 2366 2615 2816 2986 3215 3366 3567 3644 3587 3629 3777 3838 3984 5878 6089 6343 6621 7145 7290 7252 7506 7789 8166 7901 7809 7749 7766 8063 8330 8284 8620 8702 9226 8824 5051 4805 4809 4522 4343 4080 4119 4012 3763 3611 3395 3171 3056 2809 2607 1994 1876 2084 2371 2554 2732 3752 5344 5261 5458 5442 5299 5452 5544 5539 5848 5964 6355 6486 6729 6962 7133 7120 7147 7493 6854 6676 6780 6611 6861 6966 7060 7376 7585 7710 8001 8309 8668 8978 4505 4027 3835 3482 2922 2966 3033 3036 2702 2588 3502 3836 4480 4453 4591 4755 4918 4967 6965 7130 7372 7680 7778 7889 7906 7744 7800 7859 2138 2160 2548 2826 3031 3222 3238 3133 2734 2412 2197 1998 1272 1050 779 1834 4993 4926 4736 4502 4482 4643 4595 4788 4813 4902 
3706 3401 3093 2517 2150 2137 2440 2467 2429 2284 2018 1840 1334 653 265 0 1227 1569 1686 1861 2175 2403 2643 3002 3404 3681 4351 4751 5071 5490 5850 6165 6494 6684 6527 3954 3938 4214 4304 4438 4671 4349 3918 3772 3637 3544 3365 3190 2783 2725 2772 2638 2512 2452 2104 1901 1767 1533 1508 1982 2303 2354 2351 2361 2125 1889 1920 2103 2350 2552 2723 2955 3109 3312 3386 3326 3366 3513 3573 3720 5613 5824 6077 6355 6880 7025 6987 7242 7524 7901 7636 7545 7486 7505 7802 8068 8020 8357 8438 8963 8560 4860 4630 4658 4368 4186 3919 3945 3817 3567 3427 3223 3010 2895 2647 2444 1733 1611 1819 2106 2290 2468 3490 5080 4998 5192 5177 5034 5187 5280 5275 5584 5701 6092 6223 6466 6698 6870 6859 6888 7233 6594 6417 6525 6357 6608 6716 6813 7128 7338 7466 7760 8068 8427 8738 4346 3870 3677 3320 2751 2782 2836 2831 2483 2363 3253 3585 4230 4193 4329 4493 4654 4702 6706 6873 7113 7424 7519 7629 7644 7481 7537 7595 2322 2317 2698 2978 3166 3348 3333 3219 2802 2463 2239 2030 1117 873 567 1569 4728 4663 4474 4240 4223 4386 4346 4541 4576 4672 
4765 4467 4155 3607 3221 3301 3609 3665 3650 3512 3245 3066 2555 1871 1491 1227 0 349 467 720 1060 1226 1436 1777 2177 2456 3136 3543 3870 4292 4656 4960 5303 5516 5372 4764 4660 4794 4860 4951 5110 4757 4347 4151 3965 3836 3584 3434 3102 2917 2838 2588 2506 2585 2315 2166 2161 1684 1393 1719 1649 1582 1447 1371 1066 735 726 875 1138 1370 1584 1848 2023 2256 2290 2188 2201 2331 2355 2495 4409 4613 4862 5141 5668 5810 5765 6017 6301 6679 6432 6357 6308 6342 6641 6900 6836 7175 7255 7777 7365 3955 3816 3966 3675 3486 3207 3157 2930 2677 2609 2490 2358 2248 2023 1842 516 413 652 940 1125 1304 2328 3893 3828 3979 3959 3812 3967 4055 4048 4358 4473 4864 4995 5238 5471 5642 5634 5666 6009 5372 5195 5315 5151 5407 5525 5633 5940 6157 6296 6600 6908 7269 7579 3630 3180 2994 2639 2066 2017 1987 1936 1520 1372 2249 2550 3195 3065 3172 3337 3472 3504 5571 5750 5978 6308 6383 6474 6478 6302 6349 6395 3236 3141 3470 3741 3856 3991 3851 3708 3252 2878 2648 2431 1039 897 846 349 3526 3485 3319 3087 3099 3278 3312 3519 3640 3783 
5105 4808 4497 3952 3565 3650 3958 4013 3996 3853 3584 3409 2901 2217 1834 1569 349 0 214 554 872 967 1136 1449 1836 2111 2787 3194 3521 3943 4307 4611 4954 5169 5027 5070 4952 5058 5119 5201 5344 4986 4584 4380 4185 4049 3785 3643 3334 3126 3021 2750 2682 2791 2547 2413 2432 1933 1609 1868 1670 1558 1368 1248 924 551 483 542 789 1026 1252 1524 1705 1945 1965 1852 1858 1984 2007 2150 4060 4264 4514 4793 5320 5462 5418 5672 5955 6333 6083 6009 5960 5996 6295 6553 6488 6827 6906 7429 7017 3800 3699 3894 3607 3419 3140 3062 2796 2549 2514 2435 2339 2237 2031 1871 258 103 337 608 790 966 1985 3545 3482 3630 3611 3465 3620 3710 3706 4014 4132 4525 4656 4898 5129 5304 5300 5338 5679 5044 4867 4997 4837 5097 5221 5335 5637 5859 6004 6313 6621 6981 7291 3554 3122 2944 2599 2049 1968 1901 1830 1403 1249 1956 2243 2883 2729 2829 2994 3125 3155 5229 5411 5636 5970 6041 6129 6132 5954 6000 6046 3564 3458 3777 4044 4147 4273 4111 3964 3507 3134 2908 2694 1308 1206 1191 0 3177 3138 2976 2745 2763 2946 2999 3208 3354 3510 
5137 4843 4532 3999 3610 3722 4030 4099 4098 3968 3705 3519 3006 2322 1947 1686 467 214 0 342 658 772 969 1315 1727 2013 2708 3123 3457 3881 4248 4540 4895 5127 4993 5044 4909 4989 5046 5121 5250 4890 4495 4286 4084 3945 3674 3538 3245 3022 2901 2619 2559 2686 2461 2341 2379 1868 1525 1738 1487 1362 1161 1036 711 337 275 429 745 1017 1272 1556 1744 1991 1991 1854 1840 1950 1928 2053 3992 4187 4432 4711 5241 5379 5325 5572 5859 6238 6011 5951 5910 5955 6255 6509 6433 6773 6851 7372 6953 3586 3485 3684 3397 3209 2931 2850 2582 2335 2302 2228 2141 2041 1842 1688 50 289 448 656 817 981 1968 3494 3445 3552 3525 3374 3532 3612 3600 3911 4021 4409 4540 4784 5019 5186 5172 5202 5546 4908 4731 4848 4684 4940 5058 5168 5474 5692 5832 6138 6446 6806 7116 3343 2914 2737 2395 1851 1764 1691 1618 1190 1037 2024 2292 2922 2725 2805 2969 3081 3096 5207 5394 5612 5955 6015 6093 6089 5903 5943 5979 3573 3452 3756 4018 4107 4222 4042 3892 3435 3064 2842 2634 1270 1211 1253 214 3113 3097 2952 2725 2761 2951 3037 3248 3422 3590 
5144 4856 4548 4036 3646 3802 4109 4198 4223 4115 3864 3661 3144 2469 2112 1861 720 554 342 0 339 544 809 1212 1657 1958 2675 3100 3441 3867 4236 4507 4882 5139 5020 4959 4800 4839 4888 4951 5061 4698 4314 4097 3888 3743 3462 3335 3070 2826 2680 2384 2338 2492 2301 2203 2273 1751 1386 1516 1179 1036 820 693 370 39 171 499 855 1150 1430 1719 1911 2163 2134 1968 1924 2004 1910 1998 3967 4147 4380 4660 5191 5323 5250 5484 5778 6157 5972 5935 5907 5968 6268 6514 6420 6762 6837 7353 6925 3256 3146 3341 3055 2866 2588 2508 2245 1996 1959 1887 1808 1711 1521 1379 307 631 753 888 1012 1146 2049 3502 3475 3513 3473 3311 3474 3537 3510 3826 3920 4297 4429 4673 4914 5069 5035 5049 5399 4758 4579 4670 4499 4748 4854 4952 5266 5477 5608 5906 6214 6574 6884 3001 2573 2396 2057 1521 1426 1348 1276 848 695 2225 2463 3071 2813 2861 3024 3102 3092 5250 5446 5653 6010 6052 6114 6098 5899 5928 5948 3553 3406 3686 3938 4003 4103 3894 3740 3287 2921 2709 2510 1223 1236 1363 554 3102 3123 3007 2789 2852 3050 3184 3396 3609 3792 
5338 5057 4752 4258 3869 4055 4359 4462 4503 4407 4162 3951 3434 2766 2420 2175 1060 872 658 339 0 303 602 1025 1481 1786 2509 2940 3284 3708 4076 4328 4718 4997 4892 5075 4892 4887 4928 4977 5063 4698 4330 4105 3888 3737 3446 3332 3103 2836 2660 2349 2322 2509 2361 2291 2391 1872 1499 1522 1050 862 595 418 151 328 397 612 918 1202 1489 1769 1960 2211 2152 1960 1887 1936 1773 1826 3798 3962 4184 4463 4995 5120 5033 5255 5555 5934 5783 5765 5749 5824 6123 6361 6251 6595 6666 7179 6742 2927 2834 3055 2773 2587 2312 2211 1928 1683 1668 1630 1588 1502 1345 1238 614 934 1002 1059 1137 1231 2006 3365 3359 3333 3283 3114 3279 3328 3288 3606 3687 4055 4186 4430 4674 4819 4772 4774 5128 4486 4306 4380 4205 4449 4548 4640 4957 5164 5291 5584 5893 6252 6562 2714 2303 2134 1810 1314 1189 1077 988 566 419 2303 2505 3080 2762 2779 2936 2983 2948 5137 5341 5535 5904 5930 5976 5949 5739 5759 5764 3733 3566 3822 4063 4105 4188 3949 3793 3347 2992 2792 2607 1425 1487 1655 872 2952 3007 2921 2714 2802 3007 3189 3401 3653 3853 
5637 5354 5048 4549 4159 4333 4639 4735 4765 4659 4408 4205 3688 3013 2655 2403 1226 967 772 544 303 0 299 722 1178 1483 2206 2636 2981 3405 3772 4025 4414 4694 4590 5378 5193 5180 5220 5265 5343 4978 4616 4389 4169 4017 3723 3613 3395 3122 2938 2623 2603 2798 2660 2593 2695 2175 1802 1813 1299 1091 805 603 445 514 500 536 744 999 1279 1548 1733 1981 1905 1701 1615 1652 1472 1523 3494 3660 3884 4163 4695 4821 4737 4963 5261 5640 5482 5462 5445 5521 5820 6057 5948 6292 6363 6876 6440 2890 2846 3117 2844 2662 2394 2262 1936 1705 1738 1752 1755 1682 1556 1475 722 1001 995 965 995 1051 1731 3063 3059 3030 2981 2813 2978 3029 2993 3310 3396 3768 3899 4144 4386 4536 4496 4507 4858 4216 4037 4126 3955 4205 4313 4414 4725 4939 5073 5375 5683 6043 6353 2777 2396 2241 1941 1501 1350 1200 1090 717 604 2091 2267 2821 2479 2486 2642 2682 2645 4837 5041 5234 5604 5628 5673 5646 5436 5455 5462 4033 3869 4125 4367 4407 4488 4245 4088 3644 3291 3093 2910 1718 1763 1906 967 2649 2707 2627 2424 2521 2727 2928 3139 3411 3620 
5931 5648 5341 4838 4448 4612 4918 5007 5029 4914 4658 4462 3946 3266 2901 2643 1436 1136 969 809 602 299 0 422 879 1184 1906 2337 2682 3105 3473 3727 4115 4395 4292 5677 5489 5470 5508 5550 5621 5257 4899 4670 4448 4295 3999 3893 3685 3407 3216 2898 2884 3085 2955 2891 2994 2474 2102 2104 1563 1346 1057 854 742 775 723 617 671 860 1116 1361 1537 1776 1681 1463 1361 1380 1177 1223 3195 3362 3588 3867 4399 4527 4447 4676 4973 5352 5185 5163 5146 5221 5521 5758 5649 5993 6065 6578 6143 2882 2889 3203 2942 2766 2509 2349 1989 1778 1853 1911 1951 1889 1789 1729 919 1146 1076 963 935 940 1471 2765 2764 2732 2684 2517 2682 2737 2704 3021 3111 3488 3619 3864 4104 4259 4228 4247 4595 3955 3777 3882 3716 3971 4089 4200 4505 4724 4867 5176 5484 5845 6154 2868 2520 2378 2105 1717 1550 1376 1255 941 854 1908 2051 2577 2207 2201 2355 2387 2347 4541 4747 4937 5309 5331 5374 5347 5137 5157 5165 4330 4167 4424 4666 4705 4785 4537 4380 3938 3587 3390 3208 2010 2044 2167 1136 2350 2413 2341 2142 2249 2457 2681 2889 3184 3402 
6349 6064 5756 5248 4858 5009 5316 5398 5408 5283 5020 4833 4319 3636 3263 3002 1777 1449 1315 1212 1025 722 422 0 456 761 1484 1914 2259 2683 3050 3306 3693 3973 3872 6098 5909 5881 5917 5954 6017 5653 5302 5071 4847 4692 4393 4293 4095 3813 3613 3293 3285 3494 3373 3312 3416 2897 2524 2517 1953 1730 1444 1245 1164 1175 1102 906 782 826 1002 1181 1329 1542 1413 1178 1045 1023 766 801 2773 2942 3170 3450 3982 4112 4038 4274 4567 4946 4766 4741 4723 4799 5098 5335 5227 5571 5643 6156 5722 2923 2997 3366 3123 2957 2717 2527 2133 1954 2078 2186 2266 2217 2146 2107 1269 1435 1305 1108 1009 937 1138 2344 2350 2311 2265 2101 2264 2325 2299 2615 2714 3098 3229 3473 3710 3873 3857 3890 4232 3595 3419 3550 3393 3656 3790 3916 4209 4437 4593 4912 5218 5579 5886 3041 2741 2618 2381 2057 1878 1684 1557 1308 1245 1706 1788 2255 1837 1808 1957 1973 1926 4124 4332 4519 4894 4911 4952 4924 4714 4734 4745 4750 4589 4847 5088 5126 5204 4951 4793 4354 4005 3810 3630 2426 2448 2551 1449 1928 2000 1943 1755 1880 2089 2353 2556 2886 3118 
6800 6513 6205 5692 5302 5442 5750 5825 5824 5689 5420 5242 4731 4047 3668 3404 2177 1836 1727 1657 1481 1178 879 456 0 305 1027 1458 1803 2226 2594 2852 3237 3518 3420 6554 6362 6327 6360 6394 6449 6085 5740 5508 5282 5126 4825 4729 4542 4255 4049 3727 3725 3940 3825 3767 3873 3353 2981 2966 2387 2161 1879 1685 1620 1619 1536 1302 1088 1009 1068 1139 1232 1391 1224 986 819 721 352 344 2317 2490 2722 3002 3534 3666 3601 3845 4134 4512 4315 4286 4267 4343 4643 4879 4771 5115 5187 5702 5269 3035 3176 3591 3369 3215 2995 2780 2366 2221 2383 2530 2640 2603 2554 2531 1683 1806 1640 1397 1254 1126 870 1892 1906 1857 1815 1655 1817 1887 1872 2184 2296 2688 2819 3062 3294 3467 3470 3521 3854 3225 3052 3218 3073 3345 3498 3641 3917 4154 4325 4655 4958 5316 5619 3281 3028 2925 2722 2454 2268 2064 1935 1734 1684 1588 1583 1951 1469 1400 1540 1530 1472 3676 3886 4069 4447 4459 4497 4468 4258 4279 4292 5203 5044 5303 5544 5581 5657 5400 5242 4804 4458 4265 4085 2877 2890 2977 1836 1473 1559 1528 1359 1512 1719 2037 2230 2602 2849 
7102 6815 6507 5991 5600 5734 6042 6113 6106 5965 5693 5521 5011 4327 3945 3681 2456 2111 2013 1958 1786 1483 1184 761 305 0 722 1153 1498 1921 2289 2549 2932 3214 3118 6859 6665 6625 6658 6689 6739 6376 6035 5801 5574 5417 5115 5023 4841 4552 4342 4020 4020 4238 4128 4071 4178 3659 3286 3268 2681 2454 2175 1983 1925 1920 1833 1585 1342 1216 1211 1212 1261 1370 1184 964 789 634 219 40 2013 2188 2424 2704 3235 3369 3311 3561 3846 4224 4014 3981 3962 4039 4338 4574 4467 4810 4883 5398 4967 3143 3324 3764 3555 3409 3202 2975 2554 2431 2610 2777 2903 2872 2835 2820 1971 2074 1893 1634 1476 1328 795 1591 1614 1554 1516 1360 1520 1600 1595 1903 2025 2423 2553 2794 3021 3202 3221 3286 3611 2990 2820 3013 2879 3155 3321 3477 3738 3981 4163 4500 4798 5154 5454 3464 3241 3149 2967 2729 2540 2332 2204 2026 1982 1581 1510 1785 1257 1150 1278 1240 1171 3378 3589 3769 4149 4158 4193 4163 3953 3974 3989 5507 5349 5609 5849 5885 5960 5700 5542 5106 4760 4568 4389 3179 3188 3266 2111 1169 1271 1267 1122 1299 1500 1860 2041 2443 2699 
7818 7530 7221 6700 6310 6430 6738 6800 6781 6628 6352 6190 5685 5002 4617 4351 3136 2787 2708 2675 2509 2206 1906 1484 1027 722 0 430 776 1198 1566 1834 2210 2494 2406 7580 7384 7334 7365 7391 7431 7069 6735 6500 6271 6114 5810 5723 5552 5259 5043 4719 4725 4949 4846 4793 4900 4381 4008 3984 3385 3158 2883 2695 2647 2636 2543 2279 2001 1819 1726 1616 1580 1574 1383 1252 1118 929 780 682 1292 1479 1726 2005 2533 2674 2639 2906 3179 3554 3304 3260 3239 3317 3616 3851 3746 4089 4162 4679 4251 3494 3751 4234 4055 3927 3748 3501 3076 2993 3202 3401 3553 3532 3516 3516 2668 2740 2539 2261 2086 1919 1037 888 954 844 826 700 841 963 1006 1279 1440 1846 1969 2199 2406 2611 2677 2783 3079 2495 2341 2606 2508 2789 2988 3174 3390 3644 3849 4198 4482 4827 5114 3960 3797 3727 3584 3401 3209 2997 2870 2728 2694 1784 1576 1568 976 742 789 613 473 2677 2894 3061 3450 3446 3473 3441 3230 3254 3275 6226 6071 6331 6572 6606 6678 6414 6255 5822 5479 5289 5111 3897 3898 3961 2787 458 654 789 778 1005 1149 1602 1730 2193 2459 
8243 7954 7644 7120 6730 6842 7150 7207 7180 7021 6742 6586 6085 5403 5016 4751 3543 3194 3123 3100 2940 2636 2337 1914 1458 1153 430 0 345 768 1136 1417 1781 2064 1981 8011 7815 7762 7791 7815 7852 7490 7160 6924 6694 6536 6232 6147 5980 5686 5467 5143 5151 5377 5277 5223 5331 4812 4439 4414 3812 3584 3311 3124 3078 3062 2966 2695 2405 2204 2082 1934 1866 1809 1632 1550 1445 1268 1196 1113 869 1073 1333 1608 2129 2276 2264 2546 2806 3176 2889 2834 2809 2887 3185 3421 3319 3662 3736 4253 3830 3771 4060 4560 4396 4276 4111 3857 3434 3369 3587 3798 3960 3943 3935 3939 3085 3142 2933 2650 2471 2298 1342 485 613 451 481 440 516 690 792 993 1185 1578 1691 1903 2088 2311 2415 2554 2820 2278 2141 2456 2388 2662 2880 3082 3262 3519 3738 4090 4361 4695 4971 4299 4164 4104 3978 3817 3624 3410 3285 3155 3124 2005 1742 1566 1016 746 698 403 172 2259 2480 2638 3032 3020 3043 3010 2800 2827 2855 6653 6500 6762 7003 7037 7109 6843 6684 6252 5909 5719 5542 4324 4319 4375 3194 107 444 708 823 1030 1102 1568 1649 2127 2388 
8582 8292 7982 7455 7065 7171 7479 7532 7499 7335 7053 6903 6405 5724 5336 5071 3870 3521 3457 3441 3284 2981 2682 2259 1803 1498 776 345 0 426 794 1094 1441 1718 1640 8357 8160 8106 8135 8158 8192 7831 7502 7266 7036 6877 6573 6489 6325 6030 5810 5486 5495 5722 5622 5569 5676 5156 4783 4759 4156 3928 3656 3469 3423 3403 3305 3029 2731 2520 2380 2211 2123 2036 1872 1822 1734 1567 1533 1458 542 773 1047 1311 1819 1973 1988 2282 2526 2889 2564 2495 2466 2541 2840 3076 2979 3321 3396 3916 3496 4020 4331 4840 4686 4573 4416 4159 3738 3683 3907 4125 4293 4279 4275 4282 3419 3466 3252 2966 2784 2609 1623 235 453 264 382 483 436 631 778 868 1078 1434 1531 1718 1875 2113 2255 2421 2656 2162 2045 2396 2355 2620 2850 3062 3210 3467 3695 4046 4304 4627 4892 4589 4471 4419 4303 4155 3962 3747 3622 3499 3469 2218 1927 1638 1159 902 794 500 371 1924 2149 2299 2696 2677 2698 2665 2457 2488 2525 6995 6843 7106 7348 7383 7454 7188 7029 6597 6255 6065 5887 4665 4656 4705 3521 344 520 810 994 1160 1172 1615 1652 2124 2374 
9008 8718 8408 7880 7491 7594 7901 7952 7916 7749 7466 7319 6822 6143 5755 5490 4292 3943 3881 3867 3708 3405 3105 2683 2226 1921 1198 768 426 0 368 689 1015 1305 1248 8778 8579 8518 8545 8565 8593 8233 7909 7672 7441 7282 6977 6897 6739 6441 6218 5894 5906 6136 6042 5990 6099 5580 5207 5177 4568 4340 4070 3886 3846 3829 3731 3454 3154 2938 2788 2606 2506 2397 2244 2216 2140 1979 1959 1881 165 430 704 939 1421 1582 1631 1938 2160 2513 2148 2069 2041 2122 2420 2652 2553 2895 2970 3490 3073 4295 4631 5151 5012 4907 4763 4501 4085 4045 4277 4505 4682 4672 4677 4690 3844 3887 3670 3383 3201 3024 2024 442 625 441 558 738 599 732 888 817 1017 1285 1353 1496 1609 1859 2047 2245 2435 2017 1928 2315 2310 2554 2795 3017 3121 3374 3610 3957 4197 4504 4754 4914 4822 4779 4679 4554 4360 4145 4021 3912 3886 2567 2256 1876 1480 1248 1111 862 788 1553 1783 1909 2316 2276 2282 2243 2032 2062 2104 7421 7268 7530 7771 7803 7873 7603 7444 7014 6674 6485 6309 5091 5082 5129 3943 768 866 1130 1344 1473 1434 1830 1820 2267 2499 
9376 9085 8776 8247 7858 7958 8265 8314 8275 8105 7821 7677 7182 6504 6115 5850 4656 4307 4248 4236 4076 3772 3473 3050 2594 2289 1566 1136 794 368 0 386 647 952 928 9145 8944 8878 8904 8922 8946 8586 8266 8028 7797 7637 7332 7253 7100 6801 6575 6251 6265 6498 6406 6357 6466 5948 5575 5541 4929 4701 4433 4250 4213 4197 4099 3821 3519 3298 3142 2950 2842 2719 2575 2561 2493 2337 2327 2249 303 359 531 681 1101 1270 1363 1681 1872 2209 1795 1702 1673 1759 2056 2285 2185 2527 2603 3123 2709 4559 4913 5440 5312 5214 5079 4814 4403 4373 4610 4845 5027 5021 5031 5048 4211 4249 4031 3744 3560 3383 2375 776 913 775 870 1057 899 980 1122 952 1114 1274 1308 1395 1452 1708 1938 2163 2302 1970 1912 2319 2346 2566 2811 3037 3102 3348 3589 3929 4150 4439 4675 5213 5140 5104 5016 4906 4712 4496 4373 4273 4249 2879 2558 2121 1788 1575 1426 1205 1152 1252 1486 1582 1997 1934 1923 1878 1664 1695 1745 7789 7636 7898 8138 8169 8238 7965 7806 7377 7038 6851 6676 5459 5450 5495 4307 1135 1203 1446 1670 1775 1707 2061 2018 2434 2646 
9651 9363 9055 8534 8144 8259 8567 8624 8593 8430 8148 7998 7499 6818 6430 6165 4960 4611 4540 4507 4328 4025 3727 3306 2852 2549 1834 1417 1094 689 386 0 452 880 960 9378 9166 9077 9098 9109 9118 8761 8453 8213 7980 7820 7514 7443 7308 7003 6768 6445 6466 6706 6632 6592 6711 6196 5823 5764 5137 4910 4650 4474 4460 4469 4377 4111 3822 3615 3473 3295 3195 3084 2933 2905 2826 2662 2611 2509 552 370 278 302 731 895 976 1294 1488 1831 1472 1443 1457 1597 1880 2077 1929 2273 2341 2851 2417 4572 4951 5486 5377 5290 5174 4905 4503 4495 4741 4990 5187 5189 5215 5245 4501 4558 4346 4061 3879 3704 2712 1129 1287 995 1049 1229 1061 1072 1181 925 1023 1058 1058 1093 1108 1361 1614 1853 1959 1691 1661 2075 2129 2325 2569 2796 2828 3066 3309 3641 3848 4125 4350 5278 5240 5217 5154 5084 4890 4674 4555 4486 4473 3249 2933 2507 2159 1935 1793 1551 1465 1297 1524 1549 1969 1848 1778 1695 1444 1438 1440 8055 7894 8144 8379 8399 8460 8174 8015 7594 7262 7081 6912 5729 5732 5792 4611 1437 1555 1812 2030 2148 2089 2447 2404 2815 3022 
10023 9733 9423 8895 8505 8604 8912 8959 8917 8744 8459 8318 7824 7147 6758 6494 5303 4954 4895 4882 4718 4414 4115 3693 3237 2932 2210 1781 1441 1015 647 452 0 448 594 9783 9577 9500 9523 9537 9552 9194 8881 8642 8410 8250 7944 7870 7726 7424 7194 6870 6888 7124 7041 6994 7107 6590 6217 6174 5554 5327 5063 4883 4854 4843 4746 4469 4166 3943 3780 3581 3464 3327 3193 3193 3132 2980 2974 2892 921 807 714 574 623 793 1002 1309 1412 1698 1175 1055 1033 1150 1438 1651 1538 1880 1955 2476 2065 5022 5403 5938 5829 5743 5625 5356 4953 4941 5186 5431 5624 5623 5644 5668 4859 4895 4676 4387 4204 4026 3012 1414 1521 1394 1468 1652 1486 1516 1631 1377 1467 1448 1422 1395 1335 1567 1857 2114 2151 2000 2000 2413 2491 2661 2901 3127 3121 3347 3589 3908 4092 4346 4550 5731 5690 5665 5597 5515 5321 5105 4984 4901 4882 3475 3145 2652 2390 2195 2040 1842 1800 911 1124 1113 1529 1396 1328 1256 1022 1047 1112 8435 8281 8540 8778 8806 8871 8592 8433 8008 7671 7487 7314 6105 6097 6142 4954 1783 1836 2060 2290 2372 2278 2576 2496 2861 3040 
10264 9970 9659 9121 8733 8810 9116 9152 9094 8910 8621 8492 8007 7336 6947 6684 5516 5169 5127 5139 4997 4694 4395 3973 3518 3214 2494 2064 1718 1305 952 880 448 0 250 10072 9879 9822 9850 9870 9897 9537 9214 8977 8746 8587 8282 8202 8043 7746 7523 7199 7210 7440 7341 7285 7388 6868 6495 6478 5872 5644 5374 5188 5137 5100 4996 4705 4387 4146 3960 3739 3606 3444 3329 3360 3320 3184 3231 3174 1254 1203 1153 1021 935 1075 1341 1617 1647 1864 1195 928 813 829 1129 1384 1361 1683 1771 2295 1937 5449 5822 6354 6237 6145 6019 5752 5344 5320 5559 5796 5980 5973 5981 5995 5093 5104 4876 4586 4400 4221 3195 1637 1688 1727 1820 2007 1846 1905 2032 1799 1904 1897 1869 1831 1749 1967 2267 2528 2533 2432 2441 2852 2935 3099 3337 3562 3542 3762 4003 4315 4487 4727 4919 6139 6081 6049 5966 5857 5663 5447 5324 5216 5187 3571 3231 2679 2513 2355 2192 2046 2049 487 683 668 1088 986 979 962 812 916 1090 8689 8545 8816 9060 9099 9173 8906 8747 8315 7973 7782 7603 6360 6336 6361 5169 2045 2031 2211 2445 2488 2361 2589 2476 2784 2931 
10129 9834 9523 8979 8592 8658 8963 8993 8928 8739 8448 8325 7845 7177 6788 6527 5372 5027 4993 5020 4892 4590 4292 3872 3420 3118 2406 1981 1640 1248 928 960 594 250 0 9967 9782 9741 9771 9797 9832 9471 9141 8905 8675 8517 8213 8128 7958 7665 7448 7124 7131 7355 7245 7183 7280 6758 6386 6386 5792 5564 5289 5100 5035 4981 4873 4576 4250 4001 3805 3575 3434 3262 3156 3201 3171 3044 3119 3079 1229 1232 1239 1157 1155 1305 1558 1845 1889 2113 1442 1157 1019 981 1275 1548 1565 1875 1966 2487 2150 5481 5840 6367 6240 6142 6005 5741 5328 5293 5526 5754 5928 5917 5915 5920 4961 4959 4728 4437 4251 4071 3045 1527 1548 1686 1792 1978 1825 1908 2046 1843 1970 2012 1998 1987 1929 2157 2450 2708 2735 2593 2587 3001 3072 3250 3491 3717 3715 3941 4184 4502 4682 4931 5130 6142 6065 6026 5928 5794 5601 5387 5262 5135 5099 3380 3039 2470 2340 2201 2036 1917 1947 337 568 661 1070 1040 1102 1125 1021 1144 1334 8563 8426 8704 8952 8998 9076 8818 8660 8224 7878 7683 7500 6237 6205 6218 5027 1950 1898 2055 2288 2313 2174 2376 2254 2547 2688 
1365 1419 1474 1870 2035 2418 2335 2585 2925 3200 3341 3143 3201 3505 3780 3954 4764 5070 5044 4959 5075 5378 5677 6098 6554 6859 7580 8011 8357 8778 9145 9378 9783 10072 9967 0 402 1023 1139 1345 1712 1701 1553 1723 1901 2025 2262 2222 2164 2492 2773 3066 3002 2729 2750 2788 2688 3210 3581 3618 4264 4486 4733 4904 4934 4999 5116 5432 5780 6061 6313 6592 6775 7015 7031 6898 6874 6964 6847 6898 8861 9009 9213 9488 10016 10126 10002 10187 10497 10870 10810 10821 10815 10898 11197 11431 11308 11652 11720 12225 11778 6132 5680 5317 5150 5070 4961 5186 5402 5264 4998 4693 4427 4378 4268 4188 5067 5160 5404 5676 5853 6022 7001 8441 8429 8390 8329 8151 8319 8342 8278 8592 8635 8959 9085 9322 9575 9674 9556 9489 9852 9229 9054 8998 8801 8981 8991 8996 9337 9472 9509 9703 9985 10304 10596 5207 4875 4764 4605 4420 4601 4806 4908 4900 4905 7013 7312 7953 7763 7821 7983 8053 8023 10207 10405 10607 10968 11003 11051 11022 10805 10816 10803 1644 1645 1294 1025 982 970 1362 1502 1834 2128 2298 2469 3773 3868 3973 5070 8027 8076 7967 7748 7800 7993 8070 8278 8401 8533 
1737 1754 1759 2072 2171 2600 2560 2820 3160 3420 3533 3315 3312 3543 3786 3938 4660 4952 4909 4800 4892 5193 5489 5909 6362 6665 7384 7815 8160 8579 8944 9166 9577 9879 9782 402 0 637 758 969 1338 1303 1155 1335 1525 1657 1911 1889 1885 2209 2480 2786 2735 2473 2537 2602 2531 3050 3414 3403 4033 4258 4515 4694 4747 4839 4961 5283 5636 5922 6182 6465 6651 6895 6901 6757 6723 6803 6665 6704 8656 8796 8993 9265 9790 9896 9763 9939 10251 10622 10584 10609 10610 10701 11000 11228 11095 11439 11504 12005 11554 5797 5339 4962 4803 4731 4634 4866 5101 4973 4706 4403 4143 4102 4008 3942 4929 5045 5289 5553 5725 5890 6849 8254 8251 8183 8116 7937 8105 8119 8049 8361 8397 8712 8836 9071 9324 9415 9288 9213 9575 8958 8784 8715 8517 8690 8692 8690 9031 9160 9190 9377 9656 9971 10260 4863 4548 4445 4305 4156 4342 4551 4657 4679 4695 6905 7194 7830 7613 7658 7819 7875 7835 10030 10232 10427 10796 10821 10858 10823 10600 10604 10582 1696 1626 1240 960 804 706 1039 1191 1576 1905 2099 2290 3645 3764 3900 4952 7835 7899 7803 7588 7651 7848 7946 8156 8301 8443 
