8
286
33 0 1 2 3 4 5 6 7 8 9 10 11 12 13 14 15 16 17 18 19 20 21 22 23 24 25 26 27 28 29 30 31 32
70 33 34 35 36 37 38 39 40 41 42 43 44 45 46 47 48 49 50 51 52 53 54 55 56 57 58 59 60 61 62 63 13 14 15 16 17 18 64 65 19 66 67 68 69 70 71 72 73 74 75 76 77 78 79 80 81 82 26 27 83 28 29 30 84 85 86 87 88 89 90
70 91 92 93 94 95 96 97 98 99 100 101 102 103 104 105 106 107 108 109 110 111 112 113 114 115 48 49 50 51 52 53 116 117 118 119 60 61 62 63 13 120 121 122 15 16 17 18 19 20 21 123 124 125 126 127 128 129 130 131 132 133 134 135 136 137 138 139 140 141 142
35 143 144 145 146 147 148 149 150 151 152 153 154 155 156 157 158 159 160 161 162 163 164 165 166 167 168 17 18 19 20 169 170 171 172 173
50 174 36 37 175 176 177 44 45 178 179 180 181 182 183 52 53 116 117 118 119 60 61 62 63 184 185 186 187 188 189 190 191 18 19 20 169 170 171 172 173 192 193 194 195 196 197 198 199 200 201
40 202 203 21 22 70 204 205 206 207 208 209 210 211 212 213 214 215 216 217 218 219 182 183 52 53 54 220 221 222 223 224 225 226 227 228 229 230 4 5 231
23 232 233 234 235 236 237 238 239 240 241 242 243 244 245 246 247 248 249 250 251 252 253 254
40 255 256 257 258 259 187 188 189 190 191 260 261 262 263 264 265 52 53 54 266 267 250 268 269 270 271 272 273 274 275 276 277 278 279 280 281 282 283 284 285
1200 1800 1800 900 600 900 1800 1200 
0 201 411 624 596 834 920 793 782 1443 1464 1499 1780 2312 2615 3011 3233 3651 3940 4182 4542 4696 4870 5190 5560 5836 5981 6208 6360 6528 6682 6661 6238 5594 5527 5736 5450 5261 4983 4901 4619 4376 4354 4275 4168 4062 3843 3666 3471 3386 3209 3088 2763 2388 2090 1764 1710 1787 1856 1940 1996 2038 2077 2147 4100 3943 4384 4420 4336 4450 4602 4658 4918 5089 5494 5615 5837 6028 6248 6328 6432 6730 6141 6082 6945 7189 7368 7702 8002 8360 8660 5951 5948 6219 6305 6432 6648 6314 5887 5723 5566 5457 5241 5075 4695 4575 4551 4338 4239 4262 3945 3761 3680 3308 3108 3503 2296 2170 2102 2056 2400 2534 2725 4949 5226 5479 5956 6122 6166 6464 6701 7056 6623 6439 6329 6282 6563 6848 6877 7190 7280 7801 7456 5557 5253 4960 4374 4047 3896 4164 4097 3929 3678 3381 3346 2977 2472 2170 2010 1825 1842 2052 2395 2693 2704 2748 2865 3051 3207 4856 5226 5447 5518 5314 5396 4964 4784 4437 3876 3806 3743 3670 3242 3089 1977 2302 2845 3068 3294 3433 3689 3827 4937 4712 4516 4388 4303 4254 4231 4217 4224 4283 5151 4812 4631 4590 4397 4535 4338 4012 3623 3700 4056 4075 3856 3739 3876 3795 3715 3663 1825 1592 1052 813 649 397 187 13 194 331 530 890 4117 3850 3744 3221 2949 2778 2517 2546 2260 2166 1955 1797 1800 1583 1528 1425 1318 1667 1873 1986 2386 2633 2937 2978 2957 3102 2941 3151 3623 3191 3041 2853 2743 2701 1825 1823 2194 2358 2745 3094 3315 3691 3872 4162 4460 4762 5190 5281 5352 5166 4949 4675 4453 4388 
201 0 210 430 497 780 916 861 853 1512 1499 1482 1733 2223 2508 2878 3097 3539 3843 4095 4465 4616 4780 5090 5451 5717 5859 6077 6224 6389 6539 6516 6094 5402 5331 5537 5250 5061 4782 4703 4423 4179 4155 4075 3966 3860 3641 3465 3269 3185 3009 2889 2564 2189 1891 1566 1518 1609 1687 1781 1857 1922 1977 2068 4023 3874 4289 4321 4229 4349 4496 4546 4812 4979 5385 5507 5733 5929 6144 6216 6313 6617 6021 5947 6806 7048 7224 7556 7858 8215 8517 5814 5801 6060 6144 6268 6478 6142 5716 5549 5389 5278 5058 4894 4517 4391 4362 4146 4048 4076 3762 3580 3505 3123 2917 3307 2099 1981 1927 1898 2295 2420 2610 4865 5142 5399 5883 6047 6083 6377 6620 6978 6563 6390 6286 6248 6532 6815 6834 7151 7240 7762 7409 5458 5154 4856 4270 3935 3805 4080 4025 3872 3630 3332 3281 2891 2356 2038 1863 1624 1642 1853 2196 2496 2513 2566 2697 2901 3068 4786 5152 5387 5473 5275 5196 4764 4583 4236 3674 3605 3543 3471 3043 2890 1911 2245 2814 3000 3216 3360 3607 3736 4897 4681 4501 4384 4312 4286 4272 4269 4293 4372 5084 4745 4517 4471 4268 4395 4194 3864 3470 3542 3888 3903 3678 3557 3690 3605 3520 3464 1626 1391 853 612 448 195 13 215 344 372 394 887 4032 3758 3651 3141 2877 2728 2460 2472 2167 2058 1847 1707 1731 1516 1428 1299 1180 1508 1707 1788 2188 2434 2736 3009 2968 3083 2914 3096 3510 3052 2891 2684 2560 2509 1626 1622 2015 2174 2555 2902 3131 3516 3698 3988 4288 4592 5023 5116 5197 5014 4804 4528 4315 4253 
411 210 0 243 472 780 961 973 969 1611 1565 1496 1711 2150 2410 2750 2963 3433 3752 4016 4395 4543 4696 4995 5345 5601 5739 5946 6088 6248 6394 6370 5948 5203 5126 5328 5041 4852 4574 4496 4219 3975 3948 3865 3756 3650 3431 3255 3059 2974 2800 2682 2357 1982 1684 1359 1321 1429 1521 1627 1728 1820 1892 2006 3954 3815 4201 4227 4128 4253 4394 4438 4711 4873 5279 5403 5631 5832 6043 6106 6196 6505 5903 5812 6666 6906 7078 7408 7711 8069 8372 5674 5651 5895 5977 6097 6302 5964 5539 5368 5205 5092 4868 4705 4333 4200 4166 3945 3849 3883 3572 3393 3325 2932 2717 3102 1894 1787 1752 1744 2201 2316 2504 4788 5063 5324 5815 5977 6003 6294 6542 6904 6508 6347 6250 6221 6508 6789 6797 7118 7206 7730 7368 5359 5054 4753 4168 3824 3718 3999 3957 3819 3588 3290 3222 2811 2247 1911 1720 1414 1434 1646 1988 2292 2317 2380 2529 2753 2934 4724 5083 5333 5436 5244 4989 4555 4374 4026 3464 3396 3335 3264 2836 2683 1866 2206 2799 2943 3149 3297 3533 3652 4867 4661 4497 4393 4334 4331 4327 4334 4377 4475 5024 4686 4407 4356 4141 4256 4050 3717 3317 3383 3718 3728 3495 3370 3499 3409 3318 3258 1419 1181 645 403 238 15 224 425 538 507 336 933 3949 3668 3561 3068 2813 2688 2415 2409 2086 1960 1750 1632 1679 1470 1346 1188 1056 1352 1540 1583 1981 2226 2527 3058 2997 3079 2902 3054 3403 2917 2742 2515 2373 2312 1419 1412 1833 1985 2358 2703 2941 3335 3518 3809 4109 4415 4850 4946 5036 4858 4656 4379 4175 4116 
624 430 243 0 405 696 914 1008 1008 1606 1522 1395 1568 1957 2198 2519 2730 3213 3541 3812 4198 4343 4489 4780 5123 5374 5509 5712 5852 6010 6155 6130 5709 4971 4902 5115 4829 4640 4362 4278 3994 3751 3731 3658 3558 3454 3240 3069 2871 2776 2591 2465 2141 1765 1467 1142 1087 1186 1278 1387 1498 1606 1692 1823 3760 3627 3992 4013 3910 4038 4175 4216 4492 4651 5058 5182 5412 5616 5825 5882 5969 6280 5675 5577 6429 6667 6839 7168 7471 7829 8133 5661 5621 5840 5919 6032 6225 5881 5460 5282 5111 4993 4760 4601 4239 4091 4042 3809 3719 3768 3468 3296 3243 2826 2588 2953 1671 1550 1509 1504 1992 2100 2285 4586 4859 5123 5619 5780 5799 6086 6339 6702 6322 6170 6079 6058 6347 6626 6625 6948 7036 7560 7192 5405 5099 4795 4212 3858 3782 4070 4044 3924 3705 3408 3322 2889 2291 1935 1721 1242 1223 1431 1774 2069 2082 2139 2285 2513 2699 4532 4887 5148 5265 5078 4774 4346 4167 3822 3266 3191 3122 3048 2620 2466 1699 2041 2653 2761 2957 3109 3336 3446 4701 4506 4356 4266 4220 4242 4249 4269 4332 4455 4834 4498 4184 4130 3909 4020 3812 3477 3076 3141 3474 3485 3253 3130 3260 3174 3090 3039 1204 985 513 286 178 253 443 638 708 610 275 891 4019 3731 3624 3152 2909 2810 2533 2509 2167 2023 1817 1727 1799 1599 1438 1250 1105 1339 1502 1439 1826 2065 2356 2977 2895 2944 2760 2883 3183 2682 2503 2271 2132 2078 1204 1244 1756 1891 2238 2575 2838 3253 3437 3728 4029 4340 4780 4881 4990 4821 4633 4353 4165 4110 
596 497 472 405 0 308 510 625 628 1201 1119 1024 1245 1727 2021 2417 2641 3056 3351 3600 3968 4119 4286 4599 4965 5239 5384 5612 5765 5936 6092 6071 5648 5112 5079 5326 5045 4858 4583 4478 4168 3934 3939 3892 3815 3715 3514 3353 3153 3037 2828 2683 2363 1993 1702 1388 1268 1278 1314 1375 1406 1442 1485 1570 3526 3377 3796 3830 3742 3859 4008 4063 4325 4495 4900 5021 5245 5438 5656 5733 5836 6135 5544 5487 6352 6596 6778 7113 7413 7769 8069 6067 6024 6238 6315 6425 6613 6268 5848 5666 5492 5371 5132 4975 4621 4463 4401 4158 4073 4136 3844 3677 3632 3203 2948 3290 1882 1699 1571 1489 1806 1938 2129 4369 4645 4902 5385 5550 5586 5882 6123 6481 6066 5896 5794 5760 6045 6328 6342 6660 6749 7272 6916 5802 5496 5193 4609 4258 4171 4456 4421 4289 4060 3762 3690 3270 2687 2336 2126 1571 1482 1674 2008 2271 2233 2237 2311 2468 2615 4289 4654 4890 4981 4785 4985 4572 4400 4065 3526 3434 3345 3260 2835 2684 1415 1751 2331 2502 2719 2862 3110 3241 4407 4197 4027 3921 3861 3864 3863 3877 3932 4050 4586 4248 4036 3994 3801 3943 3749 3426 3042 3126 3498 3525 3323 3221 3371 3311 3263 3243 1455 1285 902 689 574 467 501 604 557 367 141 486 4406 4121 4014 3530 3280 3160 2886 2876 2546 2411 2203 2097 2150 1942 1809 1637 1496 1745 1907 1796 2166 2394 2670 2593 2526 2609 2434 2601 3027 2600 2459 2301 2233 2233 1455 1578 2151 2278 2608 2936 3216 3642 3826 4117 4419 4731 5173 5276 5391 5223 5037 4758 4571 4516 
834 780 780 696 308 0 241 491 503 948 832 716 954 1485 1807 2249 2479 2844 3117 3351 3709 3863 4040 4366 4745 5032 5183 5426 5588 5766 5929 5910 5487 5102 5098 5373 5097 4912 4641 4520 4190 3963 3989 3966 3909 3815 3625 3475 3274 3141 2913 2754 2442 2085 1807 1513 1351 1293 1285 1306 1273 1252 1263 1315 3266 3109 3557 3598 3519 3629 3786 3848 4100 4276 4680 4799 5018 5204 5427 5516 5628 5919 5339 5308 6180 6427 6614 6954 7250 7605 7902 6341 6289 6486 6561 6666 6844 6495 6078 5891 5711 5586 5339 5187 4843 4671 4596 4341 4262 4341 4061 3900 3868 3422 3149 3464 1963 1737 1549 1411 1592 1737 1929 4116 4394 4646 5121 5288 5334 5633 5868 6222 5791 5613 5507 5468 5751 6035 6055 6371 6461 6982 6631 6100 5795 5491 4908 4554 4475 4761 4728 4597 4368 4071 3999 3576 2987 2631 2414 1757 1614 1787 2105 2336 2258 2220 2237 2340 2456 4022 4392 4615 4694 4495 5032 4636 4470 4144 3625 3519 3413 3319 2902 2755 1143 1470 2034 2234 2461 2599 2857 2999 4117 3901 3724 3615 3553 3556 3557 3574 3637 3767 4317 3978 3824 3790 3616 3778 3594 3283 2915 3011 3407 3446 3269 3184 3347 3309 3290 3296 1581 1456 1160 969 871 775 782 838 733 526 448 228 4710 4424 4317 3837 3588 3468 3194 3185 2853 2715 2508 2404 2459 2250 2117 1941 1798 2030 2181 2003 2352 2567 2825 2286 2217 2306 2134 2320 2817 2443 2332 2230 2219 2260 1581 1767 2402 2515 2821 3137 3437 3878 4061 4352 4653 4967 5413 5519 5646 5485 5307 5027 4848 4796 
920 916 961 914 510 241 0 326 342 707 609 578 884 1487 1839 2322 2554 2868 3112 3327 3668 3825 4018 4358 4751 5052 5208 5466 5636 5821 5990 5974 5551 5273 5284 5571 5298 5115 4845 4717 4379 4156 4191 4177 4128 4035 3850 3703 3502 3364 3131 2967 2659 2307 2034 1746 1576 1495 1467 1466 1392 1323 1299 1303 3226 3057 3544 3593 3527 3628 3792 3863 4103 4285 4686 4802 5016 5194 5422 5524 5646 5928 5361 5356 6232 6482 6675 7017 7311 7663 7957 6572 6524 6725 6800 6906 7085 6736 6320 6133 5953 5828 5580 5428 5084 4913 4836 4580 4503 4582 4302 4142 4108 3663 3390 3703 2182 1942 1730 1564 1626 1784 1973 4083 4362 4607 5070 5239 5298 5602 5828 6176 5721 5528 5414 5363 5643 5929 5962 6272 6363 6883 6542 6310 6005 5702 5118 4768 4676 4959 4918 4777 4541 4243 4182 3771 3196 2846 2636 1998 1848 2016 2328 2548 2454 2398 2381 2445 2535 3969 4345 4547 4604 4398 5232 4843 4679 4358 3845 3735 3623 3526 3114 2967 1109 1412 1927 2187 2428 2556 2828 2985 4021 3792 3596 3472 3396 3374 3366 3374 3423 3540 4259 3920 3843 3817 3663 3844 3670 3369 3015 3121 3533 3580 3419 3344 3514 3489 3483 3501 1814 1696 1394 1195 1084 953 915 921 777 589 648 30 4909 4626 4519 4029 3773 3639 3368 3369 3046 2917 2708 2593 2635 2423 2307 2143 2004 2253 2411 2244 2592 2807 3061 2099 2052 2181 2021 2250 2842 2524 2438 2377 2398 2458 1814 2008 2640 2755 3062 3379 3679 4119 4302 4593 4894 5208 5653 5759 5884 5721 5540 5260 5077 5023 
793 861 973 1008 625 491 326 0 17 653 682 813 1158 1791 2153 2646 2878 3174 3404 3606 3934 4094 4296 4645 5046 5355 5513 5778 5950 6138 6309 6293 5870 5587 5588 5864 5589 5404 5132 5011 4681 4454 4481 4455 4395 4299 4105 3951 3750 3623 3400 3243 2929 2569 2287 1984 1835 1784 1772 1782 1718 1648 1616 1602 3494 3316 3830 3884 3825 3920 4088 4164 4397 4583 4982 5096 5306 5479 5710 5819 5947 6224 5663 5670 6547 6798 6993 7336 7628 7980 8273 6647 6618 6847 6926 7040 7232 6888 6467 6288 6115 5995 5757 5600 5243 5087 5026 4782 4698 4761 4468 4299 4251 3827 3573 3911 2449 2228 2036 1883 1942 2102 2290 4354 4632 4872 5325 5495 5565 5872 6091 6434 5957 5749 5627 5564 5838 6126 6174 6478 6571 7086 6758 6318 6014 5716 5130 4792 4667 4941 4882 4720 4471 4174 4134 3751 3213 2884 2693 2194 2083 2264 2588 2825 2749 2707 2704 2772 2859 4224 4604 4787 4822 4608 5524 5127 4960 4633 4109 4006 3903 3810 3392 3244 1399 1680 2144 2455 2704 2825 3106 3272 4233 3991 3772 3627 3529 3464 3438 3424 3436 3511 4509 4171 4146 4124 3978 4164 3993 3694 3342 3448 3859 3905 3740 3662 3829 3797 3781 3788 2052 1902 1519 1293 1153 962 854 789 611 488 734 311 4892 4619 4512 4001 3733 3570 3308 3329 3028 2918 2707 2567 2584 2369 2289 2154 2027 2321 2500 2421 2789 3015 3284 2190 2185 2372 2229 2499 3150 2848 2765 2699 2706 2751 2052 2201 2765 2897 3232 3561 3840 4261 4445 4736 5037 5348 5788 5889 5994 5822 5626 5347 5148 5089 
782 853 969 1008 628 503 342 17 0 662 696 831 1175 1809 2170 2663 2895 3192 3422 3624 3951 4111 4314 4663 5063 5373 5531 5795 5968 6155 6326 6310 5888 5600 5600 5876 5600 5415 5143 5023 4693 4466 4492 4466 4404 4308 4114 3959 3758 3632 3409 3253 2939 2578 2295 1992 1845 1796 1785 1796 1734 1665 1634 1620 3512 3334 3848 3902 3842 3938 4106 4182 4415 4601 5000 5113 5323 5496 5728 5837 5965 6242 5681 5688 6565 6815 7010 7353 7646 7997 8290 6643 6616 6846 6926 7040 7233 6889 6468 6289 6117 5997 5759 5602 5245 5090 5030 4786 4702 4764 4471 4301 4252 3829 3577 3917 2459 2239 2049 1898 1959 2120 2308 4372 4650 4890 5342 5512 5582 5889 6108 6451 5974 5766 5643 5580 5854 6142 6190 6494 6587 7102 6774 6312 6007 5709 5124 4786 4659 4933 4873 4711 4461 4164 4125 3743 3207 2879 2690 2198 2090 2272 2597 2836 2761 2720 2718 2788 2876 4242 4621 4804 4839 4625 5535 5137 4970 4643 4118 4016 3913 3821 3403 3254 1417 1698 2160 2473 2722 2843 3124 3290 4250 4007 3787 3642 3543 3477 3449 3434 3445 3518 4526 4188 4164 4142 3996 4182 4010 3711 3358 3464 3874 3920 3755 3676 3843 3810 3793 3799 2059 1907 1520 1293 1152 958 847 778 599 481 735 326 4885 4611 4505 3992 3725 3560 3298 3320 3021 2912 2700 2560 2576 2360 2282 2148 2022 2319 2498 2424 2794 3020 3290 2203 2200 2388 2245 2517 3168 2865 2781 2713 2719 2763 2059 2205 2765 2898 3235 3565 3842 4262 4445 4737 5038 5349 5789 5889 5993 5820 5623 5345 5145 5086 
1443 1512 1611 1606 1201 948 707 653 662 0 260 640 975 1639 2032 2590 2820 2977 3133 3283 3565 3729 3961 4337 4764 5103 5273 5571 5762 5965 6151 6140 5723 5754 5808 6131 5867 5687 5424 5276 4916 4706 4767 4780 4753 4665 4492 4355 4155 4004 3756 3581 3286 2951 2694 2423 2233 2106 2039 1991 1834 1664 1561 1446 3139 2939 3527 3600 3569 3642 3823 3919 4119 4317 4702 4808 5002 5153 5395 5534 5685 5937 5411 5483 6364 6619 6826 7175 7458 7802 8086 7267 7226 7433 7508 7614 7792 7443 7027 6839 6658 6532 6282 6131 5790 5615 5533 5272 5198 5284 5008 4848 4816 4369 4091 4392 2820 2551 2289 2068 1846 2020 2188 3994 4269 4491 4911 5084 5182 5496 5694 6022 5497 5262 5126 5042 5306 5597 5668 5961 6055 6564 6257 6967 6662 6363 5777 5435 5318 5593 5535 5372 5122 4824 4787 4403 3857 3521 3321 2698 2526 2680 2976 3164 3032 2928 2830 2792 2809 3822 4208 4344 4334 4109 5794 5428 5273 4966 4476 4353 4225 4120 3722 3582 1231 1402 1700 2128 2394 2488 2789 2982 3740 3477 3226 3056 2935 2836 2799 2777 2783 2863 4090 3759 3911 3909 3816 4044 3902 3638 3333 3461 3906 3974 3860 3815 4001 4007 4040 4089 2490 2393 2099 1891 1768 1600 1506 1438 1255 1141 1333 725 5545 5270 5163 4654 4387 4221 3960 3982 3680 3567 3355 3220 3238 3022 2940 2798 2668 2943 3109 2949 3290 3498 3741 1573 1609 1873 1765 2116 2958 2803 2788 2831 2931 3038 2490 2709 3347 3463 3767 4080 4385 4827 5010 5301 5601 5916 6361 6467 6589 6424 6239 5960 5771 5715 
1464 1499 1565 1522 1119 832 609 682 696 260 0 383 715 1381 1773 2330 2560 2728 2897 3060 3355 3518 3742 4112 4533 4867 5035 5327 5516 5717 5901 5890 5472 5500 5560 5890 5628 5450 5188 5036 4671 4465 4531 4552 4533 4448 4281 4149 3950 3792 3539 3360 3071 2745 2497 2241 2039 1891 1812 1754 1584 1407 1300 1187 2924 2730 3299 3368 3331 3408 3588 3680 3887 4082 4471 4578 4776 4934 5173 5305 5451 5709 5175 5236 6118 6372 6578 6926 7211 7555 7841 7173 7118 7305 7378 7478 7647 7295 6882 6690 6504 6375 6119 5972 5640 5455 5363 5095 5025 5121 4855 4701 4680 4220 3930 4213 2612 2332 2057 1826 1586 1760 1929 3782 4059 4286 4718 4890 4979 5291 5496 5830 5324 5102 4972 4900 5171 5460 5517 5817 5910 6423 6104 6920 6615 6312 5728 5378 5283 5565 5519 5371 5129 4831 4779 4376 3805 3456 3244 2539 2344 2487 2771 2945 2801 2686 2577 2532 2549 3624 4008 4162 4173 3953 5555 5195 5042 4740 4259 4131 3998 3891 3498 3360 972 1158 1510 1901 2165 2266 2562 2750 3581 3329 3098 2947 2847 2791 2772 2771 2813 2935 3899 3564 3670 3665 3565 3789 3644 3379 3072 3201 3646 3715 3604 3562 3750 3761 3801 3857 2306 2231 1990 1800 1693 1557 1495 1461 1289 1140 1258 634 5515 5234 5127 4632 4373 4227 3960 3968 3651 3525 3315 3195 3229 3015 2910 2751 2613 2860 3013 2800 3124 3324 3555 1514 1504 1713 1585 1906 2708 2543 2528 2579 2690 2808 2306 2552 3227 3332 3616 3919 4238 4690 4873 5162 5462 5778 6225 6335 6471 6312 6138 5858 5680 5628 
1499 1482 1496 1395 1024 716 578 813 831 640 383 0 363 1032 1418 1962 2193 2404 2606 2797 3120 3280 3486 3841 4249 4568 4731 5011 5192 5388 5567 5554 5134 5117 5179 5514 5253 5076 4817 4661 4292 4088 4160 4189 4178 4095 3935 3811 3613 3448 3188 3005 2724 2410 2177 1943 1726 1552 1456 1385 1203 1023 924 837 2681 2503 3025 3084 3033 3122 3294 3378 3600 3790 4185 4297 4503 4672 4905 5022 5158 5427 4877 4912 5793 6046 6247 6594 6882 7229 7518 6975 6902 7063 7131 7224 7381 7025 6618 6419 6228 6094 5832 5689 5370 5172 5067 4790 4726 4837 4583 4438 4431 3956 3650 3908 2276 1984 1693 1451 1221 1394 1569 3541 3820 4059 4512 4681 4751 5058 5277 5621 5151 4952 4836 4785 5064 5350 5384 5694 5785 6304 5965 6789 6484 6178 5597 5237 5176 5466 5438 5312 5084 4786 4712 4284 3681 3316 3088 2272 2046 2172 2439 2593 2436 2311 2194 2153 2181 3411 3790 3979 4028 3820 5179 4825 4675 4377 3908 3775 3636 3526 3140 3005 622 870 1349 1643 1895 2013 2297 2469 3443 3213 3020 2903 2837 2847 2856 2885 2975 3146 3697 3358 3363 3350 3230 3441 3288 3014 2698 2824 3266 3334 3221 3179 3367 3381 3426 3491 2006 1965 1809 1651 1573 1491 1482 1499 1354 1168 1163 608 5414 5125 5018 4547 4301 4184 3910 3898 3562 3418 3213 3117 3175 2966 2829 2646 2500 2702 2832 2544 2844 3029 3244 1585 1502 1604 1442 1687 2382 2173 2148 2195 2315 2444 2006 2288 3011 3098 3352 3641 3976 4441 4622 4909 5207 5524 5974 6088 6241 6093 5934 5652 5492 5445 
1780 1733 1711 1568 1245 954 884 1158 1175 975 715 363 0 670 1060 1615 1845 2040 2248 2449 2784 2942 3139 3487 3891 4207 4369 4647 4829 5024 5204 5191 4771 4826 4911 5266 5013 4839 4586 4417 4036 3843 3932 3983 3993 3917 3773 3663 3469 3290 3019 2827 2567 2284 2082 1891 1656 1435 1305 1196 963 732 597 475 2343 2173 2672 2728 2673 2764 2935 3016 3242 3430 3827 3940 4148 4320 4552 4664 4797 5069 4516 4548 5429 5682 5884 6231 6518 6865 7154 7012 6919 7047 7109 7193 7332 6973 6574 6368 6169 6031 5759 5623 5324 5108 4984 4696 4642 4771 4537 4404 4416 3924 3599 3819 2147 1834 1510 1239 871 1045 1214 3201 3479 3723 4186 4354 4414 4719 4944 5292 4843 4659 4553 4515 4800 5083 5101 5417 5507 6028 5677 6896 6592 6283 5708 5339 5310 5606 5595 5487 5272 4976 4884 4436 3809 3432 3191 2259 1991 2085 2316 2428 2238 2079 1913 1828 1834 3085 3460 3668 3740 3541 4935 4599 4457 4174 3733 3588 3435 3321 2954 2827 259 527 1088 1303 1547 1673 1949 2114 3163 2951 2789 2700 2665 2734 2768 2825 2962 3182 3376 3037 3001 2986 2866 3081 2932 2664 2360 2491 2941 3016 2922 2895 3089 3122 3192 3280 1948 1959 1912 1792 1744 1708 1735 1783 1655 1457 1375 913 5553 5257 5151 4704 4470 4378 4101 4072 3722 3564 3365 3291 3367 3166 3003 2802 2651 2807 2913 2540 2800 2964 3149 1524 1377 1376 1193 1371 2018 1829 1824 1918 2085 2248 1948 2278 3049 3113 3326 3592 3947 4426 4604 4887 5180 5499 5950 6069 6244 6107 5966 5685 5544 5503 
2312 2223 2150 1957 1727 1485 1487 1791 1809 1639 1381 1032 670 0 393 967 1190 1383 1632 1872 2244 2393 2558 2881 3265 3565 3722 3988 4165 4358 4536 4523 4102 4258 4382 4772 4534 4369 4131 3938 3538 3367 3489 3581 3632 3570 3460 3380 3199 2996 2711 2509 2302 2096 1972 1881 1637 1357 1178 1010 718 441 278 195 1804 1671 2072 2113 2040 2145 2305 2375 2618 2798 3200 3317 3534 3719 3943 4037 4158 4441 3873 3885 4765 5017 5217 5563 5852 6200 6490 7031 6901 6968 7020 7085 7193 6830 6448 6230 6019 5872 5587 5465 5204 4959 4802 4496 4461 4625 4431 4324 4370 3856 3504 3644 1964 1636 1279 985 240 406 552 2642 2918 3176 3665 3827 3859 4154 4396 4755 4365 4222 4140 4137 4431 4704 4683 5012 5098 5623 5244 7045 6745 6433 5874 5492 5523 5827 5845 5773 5583 5293 5170 4693 4032 3644 3386 2290 1965 1991 2134 2152 1905 1681 1413 1224 1184 2575 2933 3193 3329 3156 4451 4153 4027 3776 3395 3232 3055 2932 2614 2509 410 375 936 816 1000 1152 1384 1515 2783 2622 2542 2523 2557 2743 2825 2932 3146 3441 2877 2541 2356 2332 2199 2410 2263 2002 1720 1860 2322 2409 2355 2358 2562 2630 2749 2882 1922 2027 2167 2116 2117 2151 2229 2317 2218 2011 1834 1513 5772 5468 5364 4965 4756 4710 4430 4372 4004 3824 3641 3607 3713 3527 3326 3102 2948 3019 3078 2571 2746 2860 2983 1721 1481 1254 1049 977 1359 1181 1223 1424 1691 1919 1922 2314 3133 3155 3285 3500 3885 4379 4549 4819 5101 5416 5865 5993 6205 6091 5985 5708 5604 5575 
2615 2508 2410 2198 2021 1807 1839 2153 2170 2032 1773 1418 1060 393 0 581 799 1037 1342 1623 2024 2161 2292 2584 2944 3225 3375 3627 3797 3985 4159 4144 3722 3901 4046 4455 4226 4067 3838 3633 3225 3067 3209 3325 3400 3347 3259 3199 3029 2816 2527 2323 2157 2010 1940 1914 1682 1392 1206 1026 768 592 543 586 1598 1508 1793 1816 1721 1842 1988 2043 2304 2474 2879 3000 3225 3422 3636 3712 3821 4115 3532 3517 4394 4645 4841 5186 5477 5827 6120 7001 6849 6881 6927 6981 7069 6705 6336 6112 5894 5744 5452 5339 5103 4841 4666 4353 4329 4512 4344 4253 4320 3799 3436 3526 1887 1569 1223 959 215 127 160 2395 2665 2933 3440 3596 3603 3888 4144 4510 4170 4059 3996 4018 4316 4579 4532 4867 4949 5474 5077 7091 6794 6482 5935 5549 5614 5921 5957 5906 5731 5446 5306 4816 4142 3752 3490 2328 1985 1968 2049 2006 1731 1471 1138 870 795 2375 2712 3012 3195 3045 4140 3866 3751 3520 3181 3007 2819 2693 2412 2323 801 719 1117 763 844 1009 1170 1253 2684 2564 2542 2569 2644 2891 2996 3125 3373 3699 2680 2353 2018 1983 1825 2024 1871 1609 1334 1479 1945 2039 2009 2030 2238 2329 2478 2637 1944 2098 2334 2321 2346 2414 2514 2622 2539 2331 2113 1863 5865 5558 5456 5088 4896 4877 4597 4522 4148 3958 3786 3775 3896 3722 3502 3268 3115 3139 3170 2599 2718 2800 2882 1990 1724 1407 1215 982 1010 793 872 1155 1484 1747 1944 2354 3178 3175 3253 3433 3830 4328 4491 4750 5023 5335 5779 5911 6145 6045 5960 5686 5605 5583 
3011 2878 2750 2519 2417 2249 2322 2646 2663 2590 2330 1962 1615 967 581 0 233 780 1196 1533 1959 2065 2120 2336 2631 2859 2991 3199 3348 3520 3679 3660 3237 3333 3498 3926 3709 3557 3342 3123 2705 2568 2734 2883 2991 2953 2898 2868 2719 2494 2209 2011 1918 1871 1889 1961 1765 1494 1326 1168 1021 1000 1042 1152 1595 1587 1624 1604 1463 1614 1715 1728 2025 2163 2566 2694 2932 3151 3343 3376 3452 3770 3158 3070 3935 4180 4365 4704 5001 5356 5654 6847 6665 6646 6683 6721 6783 6419 6068 5837 5613 5458 5158 5059 4860 4579 4379 4059 4052 4260 4132 4065 4160 3639 3267 3281 1772 1500 1223 1060 745 570 421 2259 2507 2786 3314 3455 3414 3674 3952 4329 4083 4029 3997 4059 4359 4604 4512 4855 4930 5449 5026 7048 6758 6449 5924 5534 5650 5958 6020 6002 5852 5577 5412 4907 4223 3838 3573 2355 2007 1928 1910 1773 1472 1177 766 352 219 2327 2611 2974 3231 3119 3620 3377 3276 3075 2801 2616 2414 2285 2070 2011 1362 1300 1613 1117 1051 1195 1210 1182 2787 2733 2789 2871 2991 3299 3425 3575 3852 4204 2627 2329 1689 1621 1391 1529 1347 1054 753 898 1365 1463 1459 1506 1717 1838 2027 2223 1972 2186 2545 2584 2642 2756 2887 3019 2962 2757 2487 2342 5901 5593 5494 5176 5011 5033 4757 4659 4280 4078 3925 3948 4091 3936 3693 3450 3302 3255 3245 2600 2631 2661 2679 2520 2240 1866 1696 1350 746 213 360 790 1193 1491 1972 2382 3183 3142 3142 3267 3673 4168 4318 4560 4816 5119 5554 5691 5953 5874 5820 5554 5507 5495 
3233 3097 2963 2730 2641 2479 2554 2878 2895 2820 2560 2193 1845 1190 799 233 0 682 1113 1458 1881 1973 1997 2181 2452 2661 2787 2983 3127 3295 3452 3432 3009 3154 3339 3783 3576 3431 3226 2997 2576 2456 2638 2807 2935 2905 2870 2856 2718 2491 2212 2021 1964 1960 2011 2112 1930 1670 1510 1361 1239 1232 1275 1378 1553 1578 1514 1476 1321 1480 1560 1557 1864 1988 2386 2516 2757 2983 3165 3185 3252 3576 2957 2850 3711 3955 4138 4476 4773 5129 5428 6898 6704 6663 6695 6726 6775 6412 6071 5838 5610 5454 5152 5060 4879 4589 4379 4056 4057 4276 4167 4111 4217 3698 3325 3306 1873 1625 1379 1250 974 800 638 2148 2384 2664 3195 3329 3272 3522 3807 4185 3974 3941 3922 3999 4298 4534 4427 4770 4843 5358 4926 7142 6855 6547 6031 5641 5774 6082 6152 6145 6003 5732 5560 5050 4366 3984 3720 2495 2150 2053 1998 1826 1523 1223 801 344 40 2249 2509 2892 3174 3079 3485 3266 3176 2996 2763 2574 2365 2237 2062 2020 1590 1510 1771 1237 1123 1248 1204 1132 2763 2735 2823 2928 3066 3399 3535 3694 3985 4350 2542 2261 1514 1436 1182 1302 1116 821 543 698 1168 1276 1311 1385 1594 1739 1956 2172 2117 2346 2732 2784 2848 2970 3105 3242 3188 2983 2708 2574 6025 5717 5620 5319 5162 5196 4922 4817 4438 4233 4087 4119 4267 4118 3869 3625 3480 3414 3391 2728 2728 2738 2729 2686 2401 2004 1845 1464 650 63 357 827 1240 1542 2117 2522 3307 3254 3225 3327 3733 4224 4369 4602 4850 5148 5578 5717 5990 5920 5879 5617 5583 5575 
3651 3539 3433 3213 3056 2844 2868 3174 3192 2977 2728 2404 2040 1383 1037 780 682 0 430 776 1198 1292 1339 1576 1911 2188 2341 2606 2789 2988 3174 3164 2749 3494 3751 4234 4055 3927 3748 3501 3076 2993 3202 3401 3553 3532 3516 3516 3385 3158 2883 2695 2647 2636 2668 2740 2539 2261 2086 1919 1726 1616 1580 1574 888 954 844 826 700 841 963 1006 1279 1440 1846 1969 2199 2406 2611 2677 2783 3079 2495 2508 3390 3644 3849 4198 4482 4827 5114 7580 7384 7334 7365 7391 7431 7069 6735 6500 6271 6114 5810 5723 5552 5259 5043 4719 4725 4949 4846 4793 4900 4381 4008 3984 2543 2279 2001 1819 1252 1118 929 1479 1726 2005 2533 2674 2639 2906 3179 3554 3304 3260 3239 3317 3616 3851 3746 4089 4162 4679 4251 7818 7530 7221 6700 6310 6430 6738 6800 6781 6628 6352 6190 5685 5002 4617 4351 3136 2787 2708 2675 2509 2206 1906 1484 1027 722 1566 1834 2210 2494 2406 3960 3797 3727 3584 3401 3209 2997 2870 2728 2694 1784 1576 1568 976 742 789 613 473 2101 2101 2236 2380 2554 2940 3098 3281 3609 4010 1860 1578 980 949 847 1120 1052 949 973 1127 1534 1672 1816 1939 2136 2317 2566 2802 2752 2961 3291 3310 3351 3437 3546 3658 3576 3368 3145 2892 6681 6373 6275 5955 5787 5802 5525 5432 5053 4853 4696 4711 4848 4686 4450 4209 4060 4029 4024 3381 3402 3418 3412 2459 2164 1707 1604 1144 34 745 1040 1509 1923 2225 2752 3163 3963 3920 3904 4010 4416 4907 5052 5283 5530 5826 6253 6393 6670 6602 6562 6300 6264 6256 
3940 3843 3752 3541 3351 3117 3112 3404 3422 3133 2897 2606 2248 1632 1342 1196 1113 430 0 345 768 869 953 1249 1642 1970 2141 2456 2662 2880 3082 3080 2681 3771 4060 4560 4396 4276 4111 3857 3434 3369 3587 3798 3960 3943 3935 3939 3812 3584 3311 3124 3078 3062 3085 3142 2933 2650 2471 2298 2082 1934 1866 1809 485 613 451 481 440 516 690 792 993 1185 1578 1691 1903 2088 2311 2415 2554 2820 2278 2388 3262 3519 3738 4090 4361 4695 4971 8011 7815 7762 7791 7815 7852 7490 7160 6924 6694 6536 6232 6147 5980 5686 5467 5143 5151 5377 5277 5223 5331 4812 4439 4414 2966 2695 2405 2204 1550 1445 1268 1073 1333 1608 2129 2276 2264 2546 2806 3176 2889 2834 2809 2887 3185 3421 3319 3662 3736 4253 3830 8243 7954 7644 7120 6730 6842 7150 7207 7180 7021 6742 6586 6085 5403 5016 4751 3543 3194 3123 3100 2940 2636 2337 1914 1458 1153 1136 1417 1781 2064 1981 4299 4164 4104 3978 3817 3624 3410 3285 3155 3124 2005 1742 1566 1016 746 698 403 172 1686 1713 1886 2062 2262 2684 2856 3054 3404 3826 1433 1147 793 824 893 1224 1239 1246 1362 1506 1869 2014 2193 2331 2521 2714 2973 3216 3157 3356 3657 3658 3688 3755 3849 3946 3850 3643 3449 3138 7093 6785 6686 6356 6181 6185 5907 5820 5442 5245 5083 5088 5219 5051 4822 4584 4433 4421 4425 3793 3826 3847 3843 2388 2099 1625 1571 1106 463 1176 1470 1940 2354 2655 3157 3570 4377 4339 4331 4440 4847 5338 5482 5714 5960 6256 6682 6822 7100 7033 6993 6731 6693 6684 
4182 4095 4016 3812 3600 3351 3327 3606 3624 3283 3060 2797 2449 1872 1623 1533 1458 776 345 0 426 542 690 1053 1492 1861 2045 2396 2620 2850 3062 3067 2688 4020 4331 4840 4686 4573 4416 4159 3738 3683 3907 4125 4293 4279 4275 4282 4156 3928 3656 3469 3423 3403 3419 3466 3252 2966 2784 2609 2380 2211 2123 2036 235 453 264 382 483 436 631 778 868 1078 1434 1531 1718 1875 2113 2255 2421 2656 2162 2355 3210 3467 3695 4046 4304 4627 4892 8357 8160 8106 8135 8158 8192 7831 7502 7266 7036 6877 6573 6489 6325 6030 5810 5486 5495 5722 5622 5569 5676 5156 4783 4759 3305 3029 2731 2520 1822 1734 1567 773 1047 1311 1819 1973 1988 2282 2526 2889 2564 2495 2466 2541 2840 3076 2979 3321 3396 3916 3496 8582 8292 7982 7455 7065 7171 7479 7532 7499 7335 7053 6903 6405 5724 5336 5071 3870 3521 3457 3441 3284 2981 2682 2259 1803 1498 794 1094 1441 1718 1640 4589 4471 4419 4303 4155 3962 3747 3622 3499 3469 2218 1927 1638 1159 902 794 500 371 1357 1412 1626 1831 2055 2503 2686 2895 3260 3697 1094 802 805 887 1072 1410 1473 1537 1692 1831 2169 2315 2513 2658 2844 3042 3307 3553 3483 3675 3954 3944 3964 4018 4101 4187 4081 3876 3705 3355 7422 7114 7014 6676 6496 6491 6212 6130 5753 5559 5393 5392 5517 5344 5122 4886 4734 4736 4746 4124 4165 4189 4188 2374 2098 1628 1618 1182 808 1521 1815 2285 2698 3000 3483 3897 4708 4674 4673 4785 5191 5683 5828 6059 6305 6601 7027 7167 7446 7378 7338 7075 7036 7026 
4542 4465 4395 4198 3968 3709 3668 3934 3951 3565 3355 3120 2784 2244 2024 1959 1881 1198 768 426 0 165 449 865 1332 1736 1928 2315 2554 2795 3017 3029 2682 4295 4631 5151 5012 4907 4763 4501 4085 4045 4277 4505 4682 4672 4677 4690 4568 4340 4070 3886 3846 3829 3844 3887 3670 3383 3201 3024 2788 2606 2506 2397 442 625 441 558 738 599 732 888 817 1017 1285 1353 1496 1609 1859 2047 2245 2435 2017 2310 3121 3374 3610 3957 4197 4504 4754 8778 8579 8518 8545 8565 8593 8233 7909 7672 7441 7282 6977 6897 6739 6441 6218 5894 5906 6136 6042 5990 6099 5580 5207 5177 3731 3454 3154 2938 2216 2140 1979 430 704 939 1421 1582 1631 1938 2160 2513 2148 2069 2041 2122 2420 2652 2553 2895 2970 3490 3073 9008 8718 8408 7880 7491 7594 7901 7952 7916 7749 7466 7319 6822 6143 5755 5490 4292 3943 3881 3867 3708 3405 3105 2683 2226 1921 368 689 1015 1305 1248 4914 4822 4779 4679 4554 4360 4145 4021 3912 3886 2567 2256 1876 1480 1248 1111 862 788 1010 1137 1425 1675 1928 2405 2600 2820 3202 3652 668 384 938 1059 1334 1656 1766 1886 2085 2215 2519 2666 2886 3041 3220 3427 3699 3951 3905 4093 4358 4340 4354 4396 4469 4547 4432 4230 4078 3696 7845 7537 7437 7094 6911 6900 6621 6542 6166 5973 5805 5799 5921 5745 5527 5292 5140 5151 5166 4547 4591 4615 4611 2499 2245 1798 1834 1449 1231 1944 2239 2708 3122 3424 3905 4319 5132 5099 5099 5209 5615 6106 6250 6480 6724 7018 7442 7583 7864 7799 7761 7499 7461 7452 
4696 4616 4543 4343 4119 3863 3825 4094 4111 3729 3518 3280 2942 2393 2161 2065 1973 1292 869 542 165 0 304 716 1182 1591 1783 2176 2418 2659 2883 2897 2560 4268 4617 5141 5011 4912 4776 4511 4099 4069 4306 4542 4726 4720 4733 4752 4636 4408 4142 3961 3933 3929 3954 4006 3793 3508 3327 3151 2921 2747 2652 2550 599 790 476 566 753 595 687 835 711 898 1138 1200 1336 1444 1695 1886 2089 2272 1866 2180 2978 3229 3467 3813 4049 4352 4600 8861 8656 8583 8608 8625 8646 8287 7969 7731 7499 7340 7034 6957 6808 6507 6279 5956 5971 6205 6119 6073 6186 5669 5296 5253 3835 3564 3271 3062 2357 2274 2109 265 540 783 1279 1436 1472 1778 2005 2361 2023 1968 1954 2054 2349 2571 2454 2797 2870 3386 2960 9111 8822 8513 7989 7599 7710 8018 8073 8041 7878 7596 7445 6947 6266 5878 5613 4409 4060 3992 3967 3798 3494 3195 2773 2317 2013 303 552 921 1254 1229 4913 4837 4800 4712 4606 4413 4197 4075 3981 3961 2722 2415 2041 1639 1402 1269 1009 913 1036 1205 1519 1781 2041 2523 2721 2943 3327 3780 572 360 891 1021 1324 1632 1763 1911 2138 2261 2540 2686 2921 3083 3256 3469 3747 4004 4023 4217 4494 4480 4498 4544 4621 4701 4588 4385 4228 3854 7961 7653 7554 7218 7038 7033 6754 6673 6296 6101 5935 5933 6057 5883 5662 5427 5275 5278 5288 4661 4694 4711 4698 2658 2407 1962 1999 1613 1326 2036 2330 2799 3212 3514 4023 4436 5245 5208 5197 5298 5704 6193 6334 6560 6800 7092 7512 7654 7941 7880 7848 7588 7556 7548 
4870 4780 4696 4489 4286 4040 4018 4296 4314 3961 3742 3486 3139 2558 2292 2120 1997 1339 953 690 449 304 0 416 883 1288 1480 1872 2114 2355 2579 2593 2259 4064 4430 4961 4844 4753 4631 4363 3958 3946 4191 4438 4635 4637 4665 4697 4592 4365 4108 3935 3931 3956 4004 4080 3876 3596 3419 3248 3035 2883 2805 2725 825 1041 502 520 689 522 521 639 435 605 836 904 1058 1192 1436 1606 1799 1999 1567 1876 2675 2927 3164 3510 3748 4054 4305 8839 8623 8528 8549 8558 8567 8210 7902 7662 7429 7269 6963 6893 6761 6455 6219 5896 5918 6160 6091 6055 6178 5665 5293 5223 3870 3615 3341 3152 2497 2397 2221 190 387 667 1198 1334 1311 1597 1853 2223 1981 1988 2009 2146 2431 2628 2473 2816 2881 3385 2942 9135 8849 8542 8028 7638 7767 8075 8140 8121 7967 7689 7529 7025 6342 5956 5691 4475 4127 4044 3994 3802 3500 3204 2785 2336 2037 516 552 995 1393 1417 4745 4695 4670 4603 4533 4340 4124 4004 3943 3934 2909 2616 2290 1845 1592 1476 1190 1044 1282 1483 1812 2079 2341 2825 3023 3246 3631 4084 675 602 700 837 1173 1452 1612 1808 2084 2190 2421 2566 2823 2997 3158 3380 3668 3934 4092 4299 4610 4611 4638 4699 4786 4875 4771 4566 4389 4045 8018 7710 7612 7295 7126 7135 6857 6767 6389 6190 6031 6040 6172 6004 5775 5536 5385 5367 5364 4718 4725 4725 4691 2945 2687 2234 2256 1847 1373 2060 2349 2811 3221 3520 4092 4503 5300 5251 5215 5296 5701 6185 6320 6537 6768 7054 7467 7610 7908 7856 7837 7581 7563 7559 
5190 5090 4995 4780 4599 4366 4358 4645 4663 4337 4112 3841 3487 2881 2584 2336 2181 1576 1249 1053 865 716 416 0 466 874 1067 1464 1709 1952 2177 2194 1877 3883 4276 4815 4720 4643 4544 4272 3882 3896 4151 4415 4629 4641 4691 4741 4651 4428 4185 4023 4052 4113 4189 4292 4101 3829 3658 3493 3302 3175 3114 3056 1221 1443 815 769 876 742 621 643 325 325 421 490 665 838 1064 1204 1386 1603 1151 1481 2262 2513 2751 3096 3332 3638 3890 8914 8682 8557 8572 8571 8562 8209 7917 7676 7441 7280 6974 6914 6807 6494 6247 5927 5958 6211 6165 6142 6278 5773 5404 5298 4038 3805 3555 3391 2795 2680 2496 508 436 634 1121 1214 1101 1340 1629 2007 1910 2003 2069 2250 2514 2676 2471 2807 2861 3340 2880 9269 8989 8683 8183 7794 7946 8254 8330 8326 8184 7911 7741 7232 6548 6166 5901 4676 4331 4232 4150 3931 3636 3345 2938 2505 2220 865 712 1148 1589 1670 4622 4613 4604 4569 4552 4361 4146 4033 4015 4022 3249 2971 2683 2210 1948 1848 1549 1373 1608 1844 2193 2469 2735 3221 3421 3646 4033 4488 909 961 698 817 1167 1369 1572 1832 2167 2248 2402 2540 2827 3014 3156 3388 3688 3962 4298 4521 4867 4885 4922 4998 5096 5196 5099 4893 4696 4385 8197 7889 7793 7500 7343 7369 7094 6994 6615 6412 6261 6283 6423 6262 6024 5783 5634 5590 5573 4907 4882 4862 4801 3359 3098 2641 2655 2233 1608 2243 2518 2964 3362 3655 4298 4704 5483 5421 5353 5408 5810 6284 6411 6615 6834 7111 7514 7658 7969 7930 7928 7679 7678 7680 
5560 5451 5345 5123 4965 4745 4751 5046 5063 4764 4533 4249 3891 3265 2944 2631 2452 1911 1642 1492 1332 1182 883 466 0 414 606 1013 1261 1506 1733 1753 1468 3720 4141 4684 4616 4557 4484 4211 3843 3887 4150 4430 4661 4685 4759 4827 4755 4537 4311 4164 4227 4326 4428 4559 4382 4121 3957 3799 3630 3528 3483 3447 1675 1901 1238 1165 1225 1126 959 908 648 472 65 70 313 561 714 773 929 1178 685 1055 1800 2049 2288 2632 2866 3171 3424 9015 8766 8608 8616 8603 8574 8227 7954 7712 7476 7315 7010 6961 6882 6563 6306 5990 6032 6294 6274 6266 6415 5921 5557 5413 4262 4053 3831 3692 3159 3030 2841 960 807 879 1217 1248 1033 1173 1486 1856 1943 2125 2235 2453 2689 2807 2558 2875 2916 3358 2887 9433 9159 8858 8374 7985 8163 8469 8558 8570 8441 8174 7993 7480 6796 6420 6157 4929 4590 4474 4360 4116 3830 3551 3161 2753 2489 1306 1074 1452 1900 2022 4519 4558 4569 4570 4613 4425 4215 4109 4139 4163 3646 3383 3130 2635 2369 2281 1976 1783 2016 2274 2634 2915 3185 3673 3874 4099 4488 4944 1288 1403 942 1017 1320 1418 1650 1961 2341 2393 2459 2585 2897 3095 3212 3451 3759 4038 4560 4796 5176 5210 5258 5349 5458 5566 5478 5271 5056 4776 8411 8105 8012 7745 7601 7646 7373 7264 6884 6678 6536 6571 6719 6567 6321 6077 5931 5861 5828 5146 5087 5046 4958 3823 3560 3100 3107 2675 1941 2510 2766 3186 3567 3849 4560 4956 5713 5636 5535 5563 5958 6420 6537 6727 6932 7198 7587 7732 8057 8031 8049 7808 7826 7834 
5836 5717 5601 5374 5239 5032 5052 5355 5373 5103 4867 4568 4207 3565 3225 2859 2661 2188 1970 1861 1736 1591 1288 874 414 0 192 601 850 1094 1322 1345 1085 3526 3967 4509 4465 4422 4373 4102 3757 3827 4094 4385 4630 4663 4757 4842 4786 4576 4367 4234 4327 4459 4585 4740 4578 4327 4172 4023 3875 3797 3768 3752 2058 2287 1600 1510 1536 1465 1280 1191 995 789 452 417 465 667 665 545 596 916 308 664 1387 1638 1876 2221 2461 2773 3033 9026 8762 8575 8577 8555 8508 8166 7911 7668 7433 7272 6969 6930 6877 6553 6289 5977 6029 6297 6301 6306 6466 5984 5628 5450 4406 4221 4025 3911 3440 3301 3110 1374 1215 1254 1501 1491 1227 1264 1572 1911 2150 2386 2522 2759 2973 3062 2785 3084 3113 3520 3048 9502 9234 8936 8468 8082 8282 8586 8687 8715 8598 8337 8146 7631 6950 6579 6319 5095 4763 4632 4492 4227 3952 3685 3317 2937 2696 1720 1476 1827 2271 2410 4370 4451 4479 4513 4607 4424 4220 4122 4194 4233 3957 3710 3497 2981 2712 2636 2329 2123 2423 2685 3047 3329 3599 4087 4288 4513 4902 5358 1691 1817 1209 1246 1484 1490 1730 2067 2471 2497 2485 2598 2923 3127 3220 3462 3771 4053 4735 4983 5394 5443 5501 5606 5725 5843 5764 5556 5323 5077 8529 8225 8134 7893 7762 7823 7554 7436 7058 6848 6715 6764 6919 6775 6522 6276 6133 6040 5992 5297 5208 5148 5035 4216 3949 3484 3480 3037 2215 2716 2950 3341 3701 3970 4735 5122 5853 5763 5633 5635 6023 6471 6579 6755 6946 7201 7577 7722 8058 8046 8081 7847 7884 7896 
5981 5859 5739 5509 5384 5183 5208 5513 5531 5273 5035 4731 4369 3722 3375 2991 2787 2341 2141 2045 1928 1783 1480 1067 606 192 0 415 664 908 1135 1160 926 3465 3915 4454 4422 4387 4350 4081 3748 3831 4099 4394 4644 4682 4786 4877 4829 4622 4422 4295 4402 4547 4683 4848 4692 4447 4295 4149 4011 3942 3919 3910 2245 2473 1782 1687 1703 1641 1452 1354 1177 968 645 606 614 776 711 506 471 822 180 505 1194 1446 1683 2029 2270 2585 2847 9054 8784 8583 8582 8555 8500 8161 7914 7672 7437 7277 6975 6941 6899 6574 6306 5997 6053 6325 6339 6351 6515 6040 5686 5495 4499 4325 4140 4037 3591 3448 3256 1566 1404 1430 1642 1617 1339 1334 1631 1951 2252 2510 2656 2900 3104 3180 2892 3181 3205 3594 3124 9556 9291 8995 8534 8149 8359 8662 8768 8803 8691 8434 8238 7722 7043 6676 6417 5195 4867 4731 4579 4306 4037 3777 3419 3052 2820 1912 1661 2000 2441 2587 4328 4430 4466 4515 4634 4454 4253 4158 4250 4294 4117 3877 3677 3155 2885 2814 2506 2297 2609 2875 3238 3521 3791 4279 4480 4705 5094 5551 1877 2009 1368 1392 1605 1574 1813 2156 2567 2581 2536 2642 2971 3176 3258 3499 3809 4090 4841 5093 5516 5572 5633 5744 5867 5988 5913 5705 5465 5233 8605 8302 8213 7983 7857 7926 7659 7537 7160 6949 6820 6874 7032 6891 6635 6390 6248 6145 6091 5391 5290 5221 5098 4404 4136 3670 3663 3217 2366 2840 3064 3442 3792 4055 4841 5222 5942 5847 5704 5694 6078 6520 6624 6792 6977 7227 7596 7742 8083 8076 8119 7889 7933 7948 
