3
146
70 0 1 2 3 4 5 6 7 8 9 10 11 12 13 14 15 16 17 18 19 20 21 22 23 24 25 26 27 28 29 30 31 32 33 34 35 36 37 38 39 40 41 42 43 44 45 46 47 48 49 50 51 52 53 54 55 56 57 58 59 60 61 62 63 64 65 66 67 68 69
35 70 71 72 73 74 75 76 77 78 79 80 81 82 83 84 85 86 87 88 89 90 91 92 93 94 95 96 97 98 99 100 101 102 103 104
50 105 106 107 108 109 110 111 112 113 114 115 116 117 118 119 120 121 122 123 124 125 126 127 128 129 130 131 132 133 134 135 24 97 98 99 100 101 102 103 104 136 137 138 139 140 141 142 143 144 145
2400 1800 1800 
0 454 246 339 552 677 974 1059 1101 1010 966 1280 1496 1807 1858 1692 1761 2295 2554 2907 2948 3076 3477 3553 3845 4272 4923 4990 5051 5115 5244 5191 5393 5505 5625 5833 6003 6241 6551 6808 6895 6898 7144 7294 7497 8151 8229 8634 9118 9001 9026 9069 8799 8810 9032 9393 9691 9794 9864 10118 10332 10541 10918 11111 11443 11447 11431 11429 11559 11770 12057 11769 11460 10936 10547 10652 10959 11007 10964 10789 10503 10365 9872 9196 8807 8542 7350 7001 6939 6913 6732 6430 6132 5712 5258 4955 4238 3816 3482 3058 2693 2406 2048 1911 2122 7408 7504 7449 7449 7454 7438 7506 7519 7429 7237 7023 6908 6871 6866 6863 6874 6782 6511 6212 5991 5827 5621 5497 5346 5479 5140 4590 4410 4233 4074 3889 2496 2749 3028 3253 3459 3809 3976 4164 4497 4896 
454 0 502 615 918 936 1212 1355 1468 1412 1411 1698 1938 2255 2313 2146 2209 2738 2995 3347 3369 3492 3893 3965 4259 4697 5350 5406 5456 5514 5637 5575 5772 5890 6016 6231 6410 6654 6970 7232 7329 7337 7585 7736 7940 8591 8662 9068 9554 9439 9466 9514 9245 9257 9479 9839 10136 10242 10314 10568 10782 10990 11367 11562 11895 11896 11879 11876 12001 12209 12481 12192 11882 11355 10965 11062 11369 11413 11363 11183 10895 10762 10273 9599 9209 8946 7761 7413 7355 7338 7164 6861 6562 6141 5686 5382 4663 4238 3900 3474 3107 2836 2459 2278 2469 7862 7959 7903 7903 7909 7891 7957 7969 7878 7685 7470 7355 7312 7305 7296 7299 7204 6929 6625 6398 6225 6012 5882 5722 5847 5506 4937 4790 4624 4463 4292 2846 3077 3324 3528 3714 4026 4180 4355 4667 5044 
246 502 0 118 417 463 757 871 966 914 952 1422 1596 1884 1899 1706 1747 2264 2517 2867 2874 2994 3395 3465 3760 4202 4856 4907 4954 5012 5134 5073 5270 5388 5514 5729 5909 6154 6471 6736 6840 6852 7102 7255 7460 8107 8172 8578 9065 8953 8983 9037 8769 8784 9007 9363 9659 9770 9846 10100 10314 10522 10899 11099 11433 11429 11409 11402 11520 11724 11984 11694 11385 10856 10467 10561 10868 10911 10861 10681 10393 10260 9771 9097 8707 8444 7260 6912 6857 6842 6672 6369 6070 5648 5193 4889 4168 3741 3402 2976 2609 2347 1961 1777 1972 7439 7536 7474 7464 7463 7435 7493 7502 7407 7214 6999 6882 6830 6820 6806 6804 6708 6430 6125 5896 5723 5510 5380 5221 5347 5007 4442 4288 4122 3961 3790 2349 2587 2848 3063 3260 3597 3759 3944 4272 4667 
339 615 118 0 312 347 643 753 854 812 879 1414 1565 1839 1839 1636 1665 2176 2425 2774 2771 2889 3290 3359 3654 4099 4754 4802 4845 4902 5023 4961 5156 5275 5402 5618 5800 6047 6366 6632 6740 6755 7006 7159 7365 8011 8071 8477 8965 8855 8886 8943 8677 8692 8916 9270 9565 9680 9757 10011 10225 10433 10809 11012 11346 11340 11318 11310 11424 11627 11880 11590 11280 10750 10360 10452 10760 10801 10750 10569 10280 10149 9661 8987 8597 8334 7153 6804 6750 6739 6571 6268 5969 5547 5091 4787 4065 3638 3298 2872 2504 2249 1857 1662 1855 7368 7465 7401 7387 7384 7352 7406 7414 7317 7124 6909 6791 6735 6723 6706 6700 6603 6325 6017 5788 5612 5398 5267 5106 5232 4891 4325 4175 4010 3849 3681 2233 2469 2729 2945 3143 3482 3646 3832 4162 4559 
552 918 417 312 0 257 496 522 554 499 598 1263 1355 1599 1569 1351 1365 1868 2115 2463 2458 2578 2979 3048 3344 3786 4442 4491 4537 4596 4719 4660 4858 4975 5099 5313 5492 5737 6055 6320 6427 6442 6693 6847 7053 7698 7758 8165 8652 8542 8574 8632 8365 8381 8605 8959 9254 9369 9448 9702 9915 10123 10499 10703 11038 11031 11008 10999 11111 11314 11568 11278 10968 10439 10050 10144 10451 10494 10445 10265 9978 9844 9355 8680 8291 8027 6843 6495 6440 6427 6258 5955 5656 5234 4779 4474 3753 3326 2986 2560 2192 1936 1545 1367 1571 7075 7172 7106 7087 7082 7046 7098 7105 7007 6814 6599 6481 6422 6410 6393 6388 6292 6014 5708 5479 5307 5095 4966 4809 4938 4598 4041 3875 3707 3546 3374 1947 2197 2476 2705 2917 3280 3452 3647 3990 4400 
677 936 463 347 257 0 297 419 589 617 808 1519 1597 1825 1771 1538 1525 1997 2232 2572 2527 2637 3034 3096 3393 3851 4508 4539 4568 4618 4733 4664 4854 4978 5109 5332 5523 5776 6102 6375 6501 6527 6782 6938 7146 7783 7829 8235 8725 8621 8659 8728 8464 8484 8708 9056 9349 9473 9557 9811 10024 10231 10606 10818 11154 11139 11111 11098 11198 11394 11619 11327 11016 10481 10093 10175 10481 10518 10460 10275 9985 9858 9373 8702 8313 8050 6878 6531 6484 6484 6328 6024 5725 5302 4846 4541 3818 3388 3044 2619 2252 2031 1612 1366 1541 7233 7330 7259 7231 7220 7173 7215 7218 7115 6922 6706 6586 6512 6494 6465 6445 6345 6060 5747 5510 5327 5105 4970 4802 4922 4580 4004 3876 3722 3558 3406 1919 2141 2390 2601 2797 3135 3300 3487 3820 4220 
974 1212 757 643 496 297 0 213 496 613 895 1691 1715 1898 1801 1548 1496 1917 2132 2458 2369 2468 2858 2913 3210 3681 4336 4350 4364 4406 4514 4437 4622 4750 4887 5117 5317 5577 5909 6190 6333 6370 6628 6787 6997 7624 7655 8061 8554 8456 8499 8580 8319 8343 8568 8910 9199 9334 9424 9677 9890 10096 10469 10689 11027 11004 10971 10951 11039 11228 11425 11131 10820 10280 9893 9964 10270 10301 10237 10047 9756 9634 9153 8485 8096 7835 6674 6328 6288 6301 6155 5852 5553 5130 4675 4370 3648 3217 2872 2451 2087 1909 1468 1161 1308 7163 7261 7182 7142 7124 7063 7093 7092 6983 6789 6573 6452 6361 6337 6295 6261 6158 5867 5547 5304 5112 4883 4742 4568 4681 4338 3751 3649 3507 3342 3207 1681 1883 2114 2316 2506 2839 3003 3190 3523 3925 
1059 1355 871 753 522 419 213 0 298 448 762 1592 1579 1736 1620 1362 1297 1705 1919 2244 2159 2260 2652 2709 3006 3474 4130 4148 4168 4213 4324 4252 4440 4566 4699 4926 5121 5379 5709 5987 6126 6161 6418 6577 6787 7415 7450 7856 8348 8248 8291 8369 8108 8132 8357 8699 8989 9123 9212 9465 9678 9884 10257 10476 10814 10792 10759 10741 10830 11021 11226 10932 10622 10083 9695 9771 10077 10111 10050 9863 9573 9448 8965 8295 7906 7644 6478 6132 6089 6098 5949 5646 5347 4924 4468 4163 3441 3010 2665 2243 1878 1695 1256 962 1125 6951 7049 6970 6929 6910 6849 6880 6879 6771 6577 6361 6240 6151 6128 6088 6058 5956 5667 5349 5109 4920 4695 4558 4387 4505 4163 3585 3463 3315 3151 3008 1501 1722 1976 2195 2400 2758 2929 3125 3470 3884 
1101 1468 966 854 554 589 496 298 0 191 519 1364 1313 1447 1323 1063 1001 1428 1653 1988 1938 2049 2448 2512 2809 3263 3920 3956 3993 4048 4169 4107 4304 4422 4547 4764 4948 5197 5520 5790 5912 5937 6192 6348 6557 7193 7240 7647 8137 8032 8069 8138 7875 7895 8120 8467 8759 8885 8970 9224 9437 9644 10018 10232 10568 10552 10523 10508 10608 10804 11036 10745 10434 9902 9513 9601 9908 9948 9896 9715 9426 9294 8807 8133 7744 7481 6302 5954 5903 5899 5739 5436 5137 4714 4258 3953 3230 2800 2457 2032 1664 1444 1022 812 1021 6674 6772 6696 6661 6646 6593 6631 6633 6528 6335 6119 5999 5923 5905 5876 5860 5761 5478 5168 4936 4758 4543 4414 4255 4383 4044 3489 3322 3156 2995 2829 1395 1654 1952 2197 2424 2818 3000 3205 3565 3993 
1010 1412 914 812 499 617 613 448 191 0 328 1173 1133 1289 1189 940 909 1383 1624 1968 1959 2080 2481 2552 2847 3287 3942 3994 4045 4107 4234 4180 4383 4495 4615 4824 4999 5241 5557 5821 5927 5943 6195 6349 6556 7199 7259 7665 8153 8043 8075 8135 7869 7887 8110 8463 8757 8875 8955 9209 9423 9631 10006 10213 10549 10538 10513 10503 10613 10815 11070 10780 10470 9942 9553 9650 9957 10003 9957 9780 9493 9357 8865 8190 7800 7537 6349 6000 5943 5928 5759 5455 5157 4734 4279 3974 3254 2827 2488 2062 1695 1438 1047 916 1144 6615 6713 6641 6615 6605 6562 6609 6614 6514 6321 6105 5987 5924 5911 5893 5889 5793 5516 5212 4987 4818 4611 4487 4336 4471 4134 3594 3399 3223 3063 2882 1509 1784 2099 2352 2586 2990 3174 3382 3745 4175 
966 1411 952 879 598 808 895 762 519 328 0 844 821 1017 970 757 798 1328 1588 1941 2001 2135 2535 2616 2904 3317 3964 4042 4118 4192 4330 4289 4501 4602 4712 4908 5066 5296 5600 5851 5931 5931 6177 6327 6530 7184 7265 7670 8153 8035 8059 8103 7833 7845 8068 8427 8725 8830 8902 9156 9370 9579 9956 10152 10486 10485 10468 10465 10592 10803 11098 10811 10503 9983 9593 9707 10015 10068 10033 9865 9581 9436 8939 8260 7872 7607 6406 6057 5988 5954 5769 5467 5170 4750 4298 3996 3283 2865 2536 2117 1759 1448 1130 1123 1368 6489 6586 6522 6511 6510 6485 6547 6558 6466 6274 6059 5943 5904 5899 5899 5916 5826 5560 5268 5055 4901 4708 4594 4458 4604 4272 3760 3520 3325 3170 2964 1710 2006 2344 2610 2854 3274 3462 3674 4042 4478 
1280 1698 1422 1414 1263 1519 1691 1592 1364 1173 844 0 343 679 880 903 1092 1569 1823 2147 2357 2507 2877 2974 3234 3565 4175 4312 4443 4543 4702 4692 4920 4997 5082 5244 5360 5555 5826 6042 6055 6016 6245 6382 6573 7249 7381 7780 8248 8110 8112 8115 7838 7836 8052 8430 8734 8803 8855 9107 9321 9531 9910 10078 10403 10430 10431 10447 10619 10852 11248 10970 10666 10169 9780 9933 10241 10316 10307 10159 9884 9719 9212 8528 8144 7879 6657 6311 6216 6137 5914 5620 5331 4925 4491 4203 3532 3153 2866 2489 2185 1807 1674 1840 2090 6265 6360 6319 6349 6373 6394 6495 6521 6451 6264 6054 5947 5969 5986 6032 6100 6025 5789 5530 5350 5235 5077 4988 4887 5056 4740 4298 3966 3738 3599 3347 2379 2695 3062 3345 3603 4048 4242 4460 4837 5280 
1496 1938 1596 1565 1355 1597 1715 1579 1313 1133 821 343 0 344 540 602 804 1243 1491 1810 2035 2186 2549 2648 2903 3226 3833 3973 4108 4211 4372 4366 4596 4669 4750 4908 5021 5214 5483 5699 5713 5675 5904 6042 6234 6909 7039 7438 7907 7770 7773 7779 7503 7502 7719 8095 8399 8472 8526 8779 8992 9202 9581 9752 10079 10102 10101 10115 10283 10514 10905 10627 10323 9826 9436 9590 9898 9973 9966 9819 9543 9378 8871 8187 7803 7538 6316 5969 5874 5794 5571 5277 4988 4582 4148 3861 3192 2818 2537 2169 1879 1495 1413 1642 1886 5962 6058 6013 6034 6055 6069 6165 6189 6117 5929 5719 5611 5629 5645 5689 5757 5682 5447 5189 5011 4900 4746 4660 4564 4736 4425 3999 3649 3416 3281 3022 2142 2462 2839 3128 3393 3851 4050 4271 4654 5104 
1807 2255 1884 1839 1599 1825 1898 1736 1447 1289 1017 679 344 0 281 484 679 997 1223 1518 1783 1935 2278 2381 2623 2921 3517 3669 3816 3924 4091 4093 4327 4392 4466 4614 4717 4903 5165 5374 5379 5338 5566 5702 5893 6569 6704 7102 7569 7431 7432 7437 7160 7159 7376 7752 8056 8128 8181 8434 8648 8858 9237 9408 9735 9758 9757 9771 9941 10173 10572 10294 9991 9497 9108 9267 9575 9653 9650 9507 9234 9065 8556 7872 7489 7225 6000 5655 5555 5468 5240 4948 4661 4258 3828 3544 2888 2527 2263 1919 1661 1274 1290 1600 1828 5626 5721 5674 5693 5712 5725 5821 5845 5774 5586 5376 5269 5290 5308 5357 5432 5359 5129 4878 4707 4606 4461 4384 4299 4477 4173 3778 3397 3155 3027 2757 2034 2353 2737 3031 3303 3775 3977 4202 4590 5045 
1858 2313 1899 1839 1569 1771 1801 1620 1323 1189 970 880 540 281 0 267 427 721 958 1270 1512 1663 2016 2117 2366 2685 3294 3433 3569 3673 3836 3833 4065 4134 4213 4369 4481 4674 4946 5164 5187 5157 5391 5531 5726 6397 6517 6918 7389 7257 7265 7281 7007 7009 7229 7600 7902 7985 8045 8299 8513 8722 9101 9282 9611 9625 9618 9626 9783 10008 10379 10100 9795 9295 8905 9054 9362 9436 9427 9279 9003 8838 8331 7647 7264 6999 5777 5430 5336 5260 5042 4747 4457 4048 3612 3323 2652 2278 2003 1647 1381 994 1021 1358 1576 5549 5646 5590 5594 5604 5601 5684 5704 5625 5435 5223 5113 5115 5127 5163 5224 5147 4909 4649 4471 4360 4208 4126 4035 4210 3903 3500 3127 2889 2758 2492 1764 2081 2467 2762 3034 3510 3712 3938 4327 4783 
1692 2146 1706 1636 1351 1538 1548 1362 1063 940 757 903 602 484 267 0 205 680 943 1286 1457 1606 1983 2078 2345 2703 3332 3447 3561 3655 3810 3794 4021 4101 4191 4361 4490 4697 4982 5214 5261 5245 5484 5629 5828 6492 6594 6997 7474 7348 7363 7393 7121 7128 7349 7715 8015 8109 8176 8430 8644 8853 9231 9420 9752 9758 9745 9748 9890 10109 10447 10164 9858 9350 8959 9095 9403 9469 9451 9295 9016 8859 8355 7672 7286 7021 5805 5457 5373 5313 5109 4810 4516 4102 3657 3362 2669 2275 1975 1589 1283 904 823 1116 1344 5732 5829 5767 5760 5763 5746 5816 5831 5746 5554 5340 5228 5209 5213 5233 5276 5194 4944 4671 4479 4353 4186 4093 3986 4153 3837 3400 3064 2837 2697 2449 1564 1884 2266 2558 2828 3297 3498 3722 4110 4564 
1761 2209 1747 1665 1365 1525 1496 1297 1001 909 798 1092 804 679 427 205 0 542 807 1159 1288 1435 1820 1912 2186 2564 3202 3302 3405 3493 3644 3623 3847 3932 4026 4203 4341 4556 4848 5087 5150 5143 5387 5535 5737 6394 6484 6888 7369 7247 7268 7308 7037 7048 7270 7632 7930 8032 8104 8358 8572 8781 9158 9354 9688 9687 9670 9668 9799 10013 10328 10044 9736 9223 8833 8960 9268 9330 9306 9147 8866 8712 8211 7529 7142 6877 5665 5317 5238 5189 4993 4693 4397 3980 3531 3232 2530 2125 1815 1417 1096 727 618 930 1151 5711 5809 5740 5722 5718 5688 5749 5760 5668 5476 5261 5146 5113 5112 5120 5151 5065 4809 4529 4330 4196 4021 3923 3810 3974 3654 3206 2883 2662 2519 2279 1359 1679 2062 2355 2626 3096 3298 3523 3911 4366 
2295 2738 2264 2176 1868 1997 1917 1705 1428 1383 1328 1569 1243 997 721 680 542 0 266 617 792 943 1308 1405 1667 2026 2660 2768 2881 2977 3134 3123 3353 3428 3514 3681 3810 4020 4308 4546 4608 4604 4849 4999 5202 5856 5943 6347 6828 6708 6731 6775 6506 6520 6742 7100 7398 7506 7581 7835 8049 8257 8634 8835 9170 9164 9144 9138 9264 9475 9786 9502 9194 8682 8292 8421 8729 8793 8772 8616 8337 8180 7677 6994 6608 6342 5128 4780 4698 4647 4451 4150 3854 3437 2989 2691 1992 1595 1298 927 671 294 577 1025 1158 5246 5344 5267 5234 5222 5179 5230 5238 5142 4949 4734 4618 4576 4572 4579 4609 4524 4269 3993 3799 3673 3509 3419 3321 3493 3183 2781 2407 2173 2038 1779 1211 1505 1886 2180 2455 2943 3146 3374 3766 4225 
2554 2995 2517 2425 2115 2232 2132 1919 1653 1624 1588 1823 1491 1223 958 943 807 266 0 353 565 716 1058 1159 1411 1761 2394 2503 2622 2720 2880 2875 3107 3177 3259 3422 3547 3755 4042 4280 4345 4343 4590 4740 4944 5597 5679 6084 6566 6447 6471 6520 6252 6267 6490 6846 7142 7254 7332 7586 7800 8008 8384 8589 8925 8915 8892 8885 9006 9215 9521 9236 8929 8416 8025 8155 8463 8527 8507 8352 8073 7915 7412 6729 6343 6078 4863 4515 4433 4381 4186 3885 3589 3172 2723 2425 1727 1333 1045 701 525 271 708 1147 1232 5036 5134 5052 5010 4993 4941 4985 4990 4892 4699 4483 4366 4317 4311 4314 4343 4258 4003 3728 3536 3414 3254 3169 3077 3254 2950 2575 2174 1932 1804 1534 1202 1464 1832 2119 2391 2881 3083 3310 3701 4159 
2907 3347 2867 2774 2463 2572 2458 2244 1988 1968 1941 2147 1810 1518 1270 1286 1159 617 353 0 417 533 780 887 1107 1420 2046 2166 2299 2406 2572 2580 2816 2876 2947 3099 3213 3413 3696 3930 3992 3990 4237 4388 4593 5244 5326 5730 6212 6094 6119 6170 5902 5918 6142 6496 6792 6906 6987 7241 7454 7662 8037 8246 8582 8569 8545 8536 8654 8862 9169 8884 8577 8066 7676 7809 8117 8184 8167 8015 7738 7577 7072 6388 6003 5738 4520 4172 4087 4030 3833 3533 3237 2820 2373 2076 1386 1009 758 524 565 550 1001 1411 1447 4732 4830 4742 4689 4667 4605 4643 4647 4545 4352 4136 4018 3964 3958 3961 3993 3909 3658 3387 3202 3090 2943 2867 2791 2976 2685 2364 1915 1661 1548 1259 1330 1540 1875 2145 2408 2892 3091 3314 3700 4154 
2948 3369 2874 2771 2458 2527 2369 2159 1938 1959 2001 2357 2035 1783 1512 1457 1288 792 565 417 0 151 535 623 904 1328 1983 2041 2122 2206 2355 2337 2564 2644 2737 2918 3066 3295 3602 3862 3974 4002 4258 4417 4627 5257 5302 5709 6198 6093 6133 6210 5950 5975 6200 6540 6830 6966 7059 7312 7524 7730 8102 8327 8666 8638 8602 8581 8672 8866 9111 8822 8512 7988 7598 7706 8014 8067 8034 7869 7587 7438 6939 6259 5871 5606 4405 4056 3990 3968 3802 3498 3199 2777 2321 2016 1294 868 535 135 285 562 916 1237 1205 4939 5037 4936 4860 4821 4731 4742 4735 4620 4427 4211 4088 3991 3969 3938 3930 3835 3562 3266 3055 2910 2733 2635 2530 2701 2391 2010 1615 1381 1246 992 1004 1167 1479 1741 2000 2482 2679 2901 3286 3739 
3076 3492 2994 2889 2578 2637 2468 2260 2049 2080 2135 2507 2186 1935 1663 1606 1435 943 716 533 151 0 401 481 770 1214 1871 1914 1984 2063 2210 2188 2414 2497 2592 2777 2931 3165 3477 3742 3866 3902 4161 4321 4533 5156 5192 5598 6089 5988 6031 6116 5857 5885 6111 6447 6734 6877 6973 7226 7438 7643 8013 8243 8583 8550 8511 8487 8570 8760 8990 8700 8390 7862 7473 7576 7883 7934 7898 7731 7448 7301 6804 6125 5736 5472 4274 3925 3863 3850 3691 3387 3088 2665 2209 1904 1181 751 408 18 385 707 1032 1321 1263 4902 5000 4895 4809 4766 4665 4667 4657 4538 4345 4129 4006 3896 3869 3829 3811 3713 3436 3136 2920 2770 2588 2488 2380 2550 2240 1862 1464 1231 1094 844 1021 1144 1428 1676 1928 2404 2599 2818 3199 3649 
3477 3893 3395 3290 2979 3034 2858 2652 2448 2481 2535 2877 2549 2278 2016 1983 1820 1308 1058 780 535 401 0 108 369 823 1478 1512 1587 1672 1826 1817 2049 2120 2207 2383 2531 2763 3076 3342 3475 3519 3780 3943 4156 4770 4797 5204 5696 5598 5644 5737 5482 5513 5739 6069 6354 6504 6606 6858 7069 7273 7642 7878 8218 8179 8136 8108 8183 8370 8590 8299 7989 7461 7071 7174 7482 7533 7499 7333 7051 6902 6405 5725 5337 5072 3872 3524 3462 3451 3297 2994 2694 2272 1816 1511 791 362 40 419 786 1097 1434 1702 1618 4622 4719 4605 4502 4448 4329 4317 4302 4177 3985 3770 3645 3518 3486 3436 3412 3313 3035 2734 2520 2376 2202 2111 2020 2200 1906 1606 1135 881 768 480 1330 1379 1588 1792 2015 2462 2646 2854 3219 3656 
3553 3965 3465 3359 3048 3096 2913 2709 2512 2552 2616 2974 2648 2381 2117 2078 1912 1405 1159 887 623 481 108 0 297 781 1429 1443 1502 1582 1732 1718 1948 2023 2114 2295 2451 2689 3007 3279 3424 3476 3739 3903 4117 4725 4742 5148 5642 5547 5598 5697 5444 5477 5703 6029 6312 6468 6573 6824 7035 7238 7606 7846 8187 8143 8097 8067 8134 8318 8523 8232 7922 7391 7001 7099 7406 7455 7417 7249 6966 6820 6324 5645 5256 4992 3797 3448 3391 3389 3244 2940 2642 2220 1766 1462 751 338 138 499 859 1186 1505 1753 1656 4632 4729 4611 4501 4443 4316 4296 4278 4150 3958 3744 3618 3479 3443 3384 3350 3249 2966 2660 2439 2288 2109 2014 1918 2096 1799 1499 1028 776 661 375 1351 1375 1560 1750 1964 2403 2583 2788 3150 3583 
3845 4259 3760 3654 3344 3393 3210 3006 2809 2847 2904 3234 2903 2623 2366 2345 2186 1667 1411 1107 904 770 369 297 0 500 1137 1147 1218 1309 1469 1472 1709 1769 1847 2016 2162 2395 2711 2982 3130 3186 3450 3615 3830 4433 4446 4852 5346 5253 5305 5408 5157 5192 5418 5741 6023 6182 6290 6540 6751 6953 7320 7563 7905 7858 7809 7777 7841 8023 8227 7935 7625 7095 6706 6806 7113 7164 7129 6964 6683 6533 6035 5355 4967 4702 3504 3155 3096 3092 2948 2645 2347 1926 1472 1171 473 172 371 788 1152 1465 1800 2049 1947 4411 4507 4383 4261 4196 4057 4027 4006 3873 3682 3469 3343 3192 3153 3089 3052 2952 2670 2366 2150 2009 1843 1760 1686 1876 1601 1398 858 588 528 231 1632 1628 1773 1933 2124 2535 2704 2899 3244 3663 
4272 4697 4202 4099 3786 3851 3681 3474 3263 3287 3317 3565 3226 2921 2685 2703 2564 2026 1761 1420 1328 1214 823 781 500 0 656 747 921 1058 1246 1311 1553 1561 1592 1704 1795 1994 2284 2535 2652 2696 2958 3122 3336 3947 3977 4383 4875 4775 4821 4916 4662 4696 4922 5248 5532 5687 5792 6043 6254 6457 6824 7065 7406 7362 7316 7286 7359 7547 7785 7496 7187 6666 6276 6396 6704 6766 6747 6595 6318 6156 5652 4968 4583 4318 3102 2753 2674 2641 2476 2173 1873 1451 994 689 34 463 808 1231 1599 1868 2243 2526 2437 3941 4036 3907 3775 3705 3559 3526 3505 3373 3181 2968 2842 2698 2663 2614 2602 2509 2245 1967 1786 1695 1587 1553 1551 1762 1558 1563 971 743 797 632 2130 2128 2258 2399 2571 2953 3110 3291 3617 4017 
4923 5350 4856 4754 4442 4508 4336 4130 3920 3942 3964 4175 3833 3517 3294 3332 3202 2660 2394 2046 1983 1871 1478 1429 1137 656 0 324 635 803 985 1130 1335 1266 1221 1234 1242 1390 1651 1886 1996 2049 2315 2481 2696 3296 3320 3727 4218 4119 4168 4272 4022 4061 4286 4605 4886 5049 5161 5411 5620 5821 6187 6435 6777 6725 6674 6640 6705 6891 7133 6846 6538 6021 5631 5763 6071 6141 6133 5991 5720 5548 5039 4354 3972 3708 2483 2138 2042 1989 1820 1516 1217 794 338 33 689 1120 1465 1888 2256 2517 2899 3180 3084 3492 3583 3437 3271 3180 2999 2936 2905 2762 2574 2365 2237 2060 2016 1958 1951 1863 1614 1367 1235 1223 1216 1260 1363 1575 1497 1762 1230 1119 1246 1206 2766 2737 2823 2926 3063 3394 3529 3688 3978 4342 
4990 5406 4907 4802 4491 4539 4350 4148 3956 3994 4042 4312 3973 3669 3433 3447 3302 2768 2503 2166 2041 1914 1512 1443 1147 747 324 0 311 479 661 806 1012 950 921 978 1048 1254 1564 1840 2027 2122 2392 2563 2780 3340 3320 3724 4221 4139 4203 4336 4097 4144 4369 4669 4941 5125 5249 5496 5702 5900 6260 6523 6865 6798 6736 6692 6729 6900 7080 6788 6478 5948 5559 5664 5972 6029 6004 5849 5571 5412 4909 4226 3840 3574 2364 2015 1949 1951 1834 1536 1245 845 461 332 780 1178 1507 1932 2298 2595 2946 3188 3069 3738 3826 3674 3490 3387 3181 3091 3049 2894 2712 2511 2383 2154 2089 1980 1912 1807 1522 1226 1038 968 917 943 1039 1251 1179 1494 1009 962 1111 1152 2730 2664 2707 2780 2893 3193 3316 3463 3737 4086 
5051 5456 4954 4845 4537 4568 4364 4168 3993 4045 4118 4443 4108 3816 3569 3561 3405 2881 2622 2299 2122 1984 1587 1502 1218 921 635 311 0 169 358 495 706 663 671 800 954 1216 1562 1870 2124 2254 2523 2696 2912 3432 3370 3770 4268 4202 4281 4439 4210 4267 4489 4771 5033 5237 5371 5614 5818 6012 6365 6641 6984 6902 6831 6776 6788 6944 7064 6769 6457 5916 5528 5607 5914 5957 5915 5747 5464 5317 4822 4144 3755 3491 2310 1963 1930 1986 1921 1637 1367 1014 721 643 951 1290 1590 2002 2359 2684 3002 3205 3065 3996 4083 3926 3729 3616 3391 3280 3230 3066 2890 2698 2571 2304 2222 2071 1947 1829 1519 1185 942 792 666 656 730 943 873 1246 841 877 1040 1164 2710 2608 2607 2649 2737 3001 3112 3247 3503 3836 
5115 5514 5012 4902 4596 4618 4406 4213 4048 4107 4192 4543 4211 3924 3673 3655 3493 2977 2720 2406 2206 2063 1672 1582 1309 1058 803 479 169 0 193 328 537 506 542 717 918 1203 1562 1883 2170 2318 2585 2758 2973 3469 3384 3780 4278 4221 4308 4479 4257 4318 4539 4811 5067 5281 5421 5662 5863 6055 6404 6687 7029 6940 6864 6804 6801 6949 7036 6739 6427 5880 5494 5558 5864 5900 5849 5674 5389 5249 4759 4085 3696 3433 2272 1930 1915 2001 1964 1691 1436 1113 866 811 1086 1397 1679 2081 2432 2768 3069 3252 3101 4126 4211 4051 3846 3729 3494 3370 3316 3148 2976 2790 2664 2377 2286 2115 1962 1838 1518 1171 904 711 537 498 560 774 717 1145 812 899 1064 1227 2739 2618 2592 2615 2687 2928 3030 3156 3400 3721 
5244 5637 5134 5023 4719 4733 4514 4324 4169 4234 4330 4702 4372 4091 3836 3810 3644 3134 2880 2572 2355 2210 1826 1732 1469 1246 985 661 358 193 0 185 350 315 382 608 856 1159 1526 1857 2180 2348 2612 2784 2996 3463 3352 3743 4239 4192 4287 4474 4260 4326 4545 4804 5054 5279 5425 5663 5862 6051 6396 6686 7028 6930 6848 6781 6762 6901 6952 6654 6342 5789 5405 5454 5759 5787 5727 5546 5259 5126 4640 3971 3582 3321 2187 1853 1858 1976 1972 1715 1480 1199 1011 990 1273 1567 1836 2228 2572 2917 3203 3366 3205 4235 4318 4154 3940 3816 3568 3429 3369 3197 3030 2851 2727 2417 2317 2123 1937 1808 1482 1127 841 604 378 307 383 591 590 1107 878 1012 1174 1367 2838 2699 2647 2649 2701 2912 3002 3116 3342 3645 
5191 5575 5073 4961 4660 4664 4437 4252 4107 4180 4289 4692 4366 4093 3833 3794 3623 3123 2875 2580 2337 2188 1817 1718 1472 1311 1130 806 495 328 185 0 243 314 459 726 1000 1309 1678 2013 2351 2525 2787 2959 3170 3625 3501 3888 4383 4342 4442 4636 4426 4494 4712 4965 5211 5442 5591 5827 6025 6213 6555 6849 7190 7088 7003 6933 6904 7038 7061 6761 6450 5892 5510 5544 5848 5869 5799 5611 5321 5196 4718 4055 3666 3408 2303 1976 1996 2132 2142 1891 1662 1385 1185 1139 1335 1587 1830 2206 2539 2895 3159 3299 3129 4420 4504 4340 4126 4001 3752 3612 3551 3378 3213 3035 2911 2597 2495 2293 2094 1962 1634 1277 985 725 456 306 243 459 405 940 788 964 1118 1345 2757 2601 2526 2513 2553 2747 2832 2942 3162 3462 
5393 5772 5270 5156 4858 4854 4622 4440 4304 4383 4501 4920 4596 4327 4065 4021 3847 3353 3107 2816 2564 2414 2049 1948 1709 1553 1335 1012 706 537 350 243 0 183 372 657 959 1269 1633 1973 2348 2543 2798 2968 3174 3590 3437 3815 4306 4277 4387 4599 4400 4474 4688 4925 5162 5406 5562 5795 5989 6173 6509 6812 7152 7039 6946 6869 6820 6943 6925 6624 6312 5749 5370 5387 5689 5701 5622 5426 5135 5018 4546 3891 3505 3250 2187 1874 1919 2090 2139 1911 1709 1483 1347 1340 1578 1828 2064 2432 2758 3119 3370 3494 3315 4524 4605 4436 4210 4078 3814 3656 3589 3410 3253 3085 2964 2627 2514 2287 2054 1919 1591 1238 944 660 372 180 72 242 374 1009 983 1184 1332 1573 2940 2767 2666 2629 2645 2800 2869 2962 3155 3429 
5505 5890 5388 5275 4975 4978 4750 4566 4422 4495 4602 4997 4669 4392 4134 4101 3932 3428 3177 2876 2644 2497 2120 2023 1769 1561 1266 950 663 506 315 314 183 0 189 474 775 1086 1450 1790 2165 2363 2617 2786 2992 3407 3256 3635 4127 4096 4205 4416 4216 4290 4504 4742 4979 5222 5379 5611 5806 5990 6326 6629 6969 6857 6765 6688 6643 6769 6765 6464 6153 5592 5212 5238 5541 5559 5487 5297 5007 4883 4406 3746 3358 3101 2017 1700 1739 1907 1957 1732 1537 1331 1237 1267 1588 1874 2132 2514 2851 3204 3473 3614 3442 4367 4446 4276 4046 3911 3642 3480 3412 3232 3077 2911 2791 2449 2334 2104 1870 1735 1408 1055 760 476 188 8 256 376 556 1184 1102 1277 1433 1652 3070 2908 2821 2794 2817 2981 3052 3145 3338 3610 
5625 6016 5514 5402 5099 5109 4887 4699 4547 4615 4712 5082 4750 4466 4213 4191 4026 3514 3259 2947 2737 2592 2207 2114 1847 1592 1221 921 671 542 382 459 372 189 0 285 586 896 1261 1601 1977 2178 2431 2600 2804 3218 3069 3450 3943 3910 4017 4227 4027 4101 4315 4553 4791 5033 5190 5422 5617 5801 6138 6440 6780 6669 6578 6502 6461 6589 6602 6302 5990 5433 5050 5087 5392 5415 5351 5167 4879 4748 4266 3600 3211 2952 1845 1522 1555 1718 1770 1548 1363 1184 1143 1216 1621 1939 2215 2610 2955 3299 3585 3743 3578 4207 4286 4114 3878 3740 3467 3300 3230 3049 2896 2733 2615 2266 2149 1916 1681 1546 1219 866 571 287 4 192 445 545 745 1367 1241 1392 1553 1750 3209 3058 2985 2966 2997 3167 3240 3334 3527 3797 
5833 6231 5729 5618 5313 5332 5117 4926 4764 4824 4908 5244 4908 4614 4369 4361 4203 3681 3422 3099 2918 2777 2383 2295 2016 1704 1234 978 800 717 608 726 657 474 285 0 305 613 976 1316 1700 1909 2158 2326 2528 2933 2785 3167 3661 3626 3732 3942 3742 3817 4031 4268 4506 4748 4905 5137 5332 5516 5852 6154 6495 6384 6292 6218 6180 6312 6345 6046 5734 5181 4796 4848 5153 5185 5132 4957 4672 4532 4042 3370 2980 2718 1581 1250 1272 1433 1494 1286 1125 1013 1079 1222 1736 2090 2388 2795 3148 3481 3787 3966 3810 3989 4065 3890 3645 3502 3218 3041 2967 2785 2636 2480 2365 2003 1881 1639 1396 1261 934 583 291 11 286 478 730 809 1030 1649 1486 1610 1774 1944 3444 3307 3249 3239 3276 3452 3525 3619 3810 4074 
6003 6410 5909 5800 5492 5523 5317 5121 4948 4999 5066 5360 5021 4717 4481 4490 4341 3810 3547 3213 3066 2931 2531 2451 2162 1795 1242 1048 954 918 856 1000 959 775 586 305 0 311 679 1017 1394 1605 1853 2020 2222 2633 2500 2888 3384 3341 3442 3644 3441 3515 3729 3971 4213 4450 4605 4838 5034 5219 5558 5857 6198 6091 6003 5932 5906 6045 6118 5821 5510 4964 4577 4652 4959 5004 4967 4806 4526 4372 3873 3193 2805 2540 1356 1012 1003 1135 1188 986 850 823 1013 1222 1829 2215 2531 2949 3310 3626 3955 4159 4015 3718 3792 3614 3363 3215 2925 2741 2666 2483 2336 2185 2072 1702 1578 1333 1098 964 636 280 14 301 586 778 1031 1115 1330 1937 1723 1816 1981 2118 3656 3536 3500 3505 3552 3743 3821 3919 4114 4379 
6241 6654 6154 6047 5737 5776 5577 5379 5197 5241 5296 5555 5214 4903 4674 4697 4556 4020 3755 3413 3295 3165 2763 2689 2395 1994 1390 1254 1216 1203 1159 1309 1269 1086 896 613 311 0 368 705 1094 1319 1558 1722 1920 2322 2193 2584 3081 3033 3132 3332 3130 3204 3418 3659 3902 4138 4293 4526 4722 4907 5247 5545 5886 5780 5693 5623 5603 5747 5848 5554 5243 4704 4316 4411 4719 4774 4753 4604 4331 4164 3658 2974 2589 2324 1110 761 714 823 891 723 662 791 1107 1365 2028 2433 2760 3183 3548 3849 4195 4417 4281 3493 3563 3382 3120 2964 2662 2464 2384 2199 2060 1920 1813 1425 1293 1031 786 653 325 32 326 609 897 1089 1342 1417 1641 2247 2015 2090 2255 2371 3927 3819 3794 3807 3859 4054 4132 4231 4423 4685 
6551 6970 6471 6366 6055 6102 5909 5709 5520 5557 5600 5826 5483 5165 4946 4982 4848 4308 4042 3696 3602 3477 3076 3007 2711 2284 1651 1564 1562 1562 1526 1678 1633 1450 1261 976 679 368 0 340 771 1024 1240 1397 1585 1956 1826 2219 2717 2666 2763 2966 2767 2844 3056 3292 3534 3772 3929 4161 4356 4540 4879 5179 5519 5412 5324 5255 5239 5387 5517 5225 4914 4385 3995 4113 4421 4490 4486 4353 4088 3906 3394 2710 2332 2069 842 515 390 457 584 528 632 935 1337 1622 2318 2735 3070 3495 3862 4151 4510 4747 4618 3278 3341 3156 2878 2713 2393 2173 2085 1896 1774 1657 1561 1148 1003 708 420 285 43 400 694 973 1262 1453 1706 1771 2006 2616 2375 2439 2603 2703 4269 4170 4155 4172 4227 4422 4499 4595 4783 5037 
6808 7232 6736 6632 6320 6375 6190 5987 5790 5821 5851 6042 5699 5374 5164 5214 5087 4546 4280 3930 3862 3742 3342 3279 2982 2535 1886 1840 1870 1883 1857 2013 1973 1790 1601 1316 1017 705 340 0 482 759 939 1085 1263 1616 1502 1900 2398 2338 2430 2626 2427 2504 2716 2954 3197 3433 3589 3821 4016 4201 4542 4839 5180 5075 4990 4924 4919 5074 5249 4961 4652 4136 3745 3893 4200 4284 4303 4189 3934 3736 3220 2541 2178 1923 745 524 312 118 348 484 726 1116 1556 1855 2569 2994 3334 3760 4128 4403 4775 5028 4908 3052 3110 2922 2633 2460 2126 1886 1792 1602 1497 1406 1325 898 745 422 80 61 382 737 1032 1313 1601 1794 2046 2110 2346 2952 2695 2745 2908 2990 4564 4476 4473 4497 4558 4760 4838 4935 5124 5376 
6895 7329 6840 6740 6427 6501 6333 6126 5912 5927 5931 6055 5713 5379 5187 5261 5150 4608 4345 3992 3974 3866 3475 3424 3130 2652 1996 2027 2124 2170 2180 2351 2348 2165 1977 1700 1394 1094 771 482 0 281 468 628 827 1313 1334 1739 2225 2123 2177 2315 2087 2148 2369 2648 2915 3113 3250 3492 3694 3888 4241 4518 4860 4779 4712 4664 4710 4894 5192 4915 4612 4129 3742 3948 4250 4363 4418 4335 4099 3878 3363 2706 2375 2140 1105 977 766 423 208 490 784 1204 1659 1963 2685 3115 3461 3883 4250 4493 4890 5177 5076 2577 2632 2444 2152 1977 1643 1407 1316 1126 1014 926 853 425 272 63 431 541 804 1122 1409 1695 1977 2167 2419 2509 2713 3288 2965 2977 3133 3172 4749 4691 4723 4773 4856 5091 5182 5293 5501 5774 
6898 7337 6852 6755 6442 6527 6370 6161 5937 5943 5931 6016 5675 5338 5157 5245 5143 4604 4343 3990 4002 3902 3519 3476 3186 2696 2049 2122 2254 2318 2348 2525 2543 2363 2178 1909 1605 1319 1024 759 281 0 270 442 659 1256 1374 1766 2232 2104 2131 2222 1976 2022 2247 2556 2836 3005 3126 3373 3580 3779 4141 4400 4743 4679 4625 4591 4671 4872 5244 4973 4675 4214 3831 4067 4365 4491 4565 4498 4271 4041 3529 2888 2574 2350 1373 1259 1047 704 440 634 887 1278 1718 2015 2727 3156 3502 3918 4282 4506 4914 5220 5132 2296 2352 2163 1873 1701 1371 1149 1066 879 749 646 572 146 33 337 712 816 1052 1345 1619 1903 2177 2364 2613 2718 2901 3453 3094 3083 3234 3247 4816 4776 4829 4895 4991 5246 5346 5465 5686 5971 
7144 7585 7102 7006 6693 6782 6628 6418 6192 6195 6177 6245 5904 5566 5391 5484 5387 4849 4590 4237 4258 4161 3780 3739 3450 2958 2315 2392 2523 2585 2612 2787 2798 2617 2431 2158 1853 1558 1240 939 468 270 0 173 389 1007 1181 1557 2006 1866 1881 1957 1708 1752 1977 2290 2573 2736 2857 3104 3311 3510 3873 4131 4473 4411 4359 4328 4418 4626 5035 4770 4475 4030 3651 3911 4204 4343 4434 4382 4167 3928 3422 2801 2511 2304 1449 1395 1193 859 667 896 1156 1547 1985 2281 2990 3418 3762 4177 4540 4757 5170 5480 5395 2181 2227 2038 1734 1552 1204 948 852 662 573 547 526 275 303 532 877 1000 1272 1585 1866 2153 2430 2619 2869 2968 3159 3718 3364 3353 3504 3515 5081 5044 5099 5165 5261 5514 5612 5729 5947 6227 
7294 7736 7255 7159 6847 6938 6787 6577 6348 6349 6327 6382 6042 5702 5531 5629 5535 4999 4740 4388 4417 4321 3943 3903 3615 3122 2481 2563 2696 2758 2784 2959 2968 2786 2600 2326 2020 1722 1397 1085 628 442 173 0 217 867 1093 1450 1881 1730 1734 1794 1541 1582 1807 2126 2412 2568 2686 2934 3141 3341 3705 3960 4303 4244 4194 4166 4265 4479 4918 4657 4365 3933 3559 3835 4124 4272 4375 4335 4128 3882 3381 2778 2505 2311 1537 1516 1321 997 832 1069 1329 1718 2152 2447 3153 3580 3924 4338 4699 4911 5327 5642 5559 2103 2143 1955 1645 1457 1101 825 721 533 488 528 549 425 475 692 1018 1147 1431 1750 2034 2320 2599 2789 3039 3135 3330 3891 3536 3524 3675 3683 5247 5212 5270 5337 5434 5687 5784 5901 6118 6397 
7497 7940 7460 7365 7053 7146 6997 6787 6557 6556 6530 6573 6234 5893 5726 5828 5737 5202 4944 4593 4627 4533 4156 4117 3830 3336 2696 2780 2912 2973 2996 3170 3174 2992 2804 2528 2222 1920 1585 1263 827 659 389 217 0 689 983 1307 1713 1549 1539 1582 1326 1365 1591 1913 2202 2352 2469 2717 2925 3125 3490 3743 4086 4028 3980 3954 4062 4281 4754 4498 4210 3794 3424 3720 4005 4162 4279 4253 4057 3805 3312 2732 2483 2306 1641 1659 1475 1166 1034 1282 1545 1935 2368 2662 3366 3793 4137 4549 4910 5118 5536 5854 5773 2054 2084 1898 1583 1391 1030 729 616 450 488 609 670 638 691 889 1191 1324 1621 1949 2236 2523 2804 2994 3245 3337 3538 4103 3753 3741 3892 3899 5462 5429 5487 5554 5650 5901 5997 6112 6326 6601 
8151 8591 8107 8011 7698 7783 7624 7415 7193 7199 7184 7249 6909 6569 6397 6492 6394 5856 5597 5244 5257 5156 4770 4725 4433 3947 3296 3340 3432 3469 3463 3625 3590 3407 3218 2933 2633 2322 1956 1616 1313 1256 1007 867 689 0 465 654 1024 863 875 1011 816 907 1107 1341 1601 1817 1973 2204 2400 2588 2934 3224 3565 3471 3399 3351 3415 3618 4065 3811 3525 3121 2759 3081 3357 3528 3670 3670 3497 3233 2762 2251 2074 1954 1694 1846 1718 1499 1512 1804 2096 2510 2960 3262 3979 4409 4754 5173 5537 5761 6170 6473 6380 2466 2473 2301 1991 1804 1471 1169 1065 990 1117 1282 1355 1282 1288 1362 1536 1671 1998 2353 2648 2930 3218 3410 3663 3722 3963 4565 4272 4290 4447 4482 6057 6004 6036 6081 6156 6373 6454 6552 6738 6981 
8229 8662 8172 8071 7758 7829 7655 7450 7240 7259 7265 7381 7039 6704 6517 6594 6484 5943 5679 5326 5302 5192 4797 4742 4446 3977 3320 3320 3370 3384 3352 3501 3437 3256 3069 2785 2500 2193 1826 1502 1334 1374 1181 1093 983 465 0 406 901 840 958 1239 1129 1246 1408 1536 1739 2023 2210 2418 2596 2766 3085 3407 3742 3610 3510 3432 3417 3580 3870 3599 3301 2848 2470 2743 3031 3182 3296 3273 3084 2828 2342 1800 1610 1490 1382 1601 1519 1384 1500 1804 2103 2526 2982 3287 4010 4440 4785 5209 5577 5826 6219 6496 6387 2912 2923 2748 2435 2245 1901 1593 1482 1375 1465 1590 1636 1446 1402 1366 1423 1546 1870 2225 2515 2784 3071 3260 3509 3543 3810 4435 4197 4244 4405 4472 6050 5973 5975 5998 6053 6237 6305 6389 6551 6770 
8634 9068 8578 8477 8165 8235 8061 7856 7647 7665 7670 7780 7438 7102 6918 6997 6888 6347 6084 5730 5709 5598 5204 5148 4852 4383 3727 3724 3770 3780 3743 3888 3815 3635 3450 3167 2888 2584 2219 1900 1739 1766 1557 1450 1307 654 406 0 498 480 648 1002 983 1114 1222 1252 1410 1728 1933 2121 2284 2440 2741 3079 3408 3257 3145 3057 3020 3176 3479 3212 2917 2486 2117 2427 2705 2874 3017 3024 2861 2592 2136 1682 1578 1524 1703 1957 1895 1783 1907 2210 2510 2932 3388 3694 4416 4847 5191 5615 5983 6232 6625 6902 6792 3089 3088 2924 2620 2436 2114 1819 1717 1644 1764 1915 1976 1828 1795 1771 1822 1942 2263 2616 2903 3167 3452 3640 3887 3911 4187 4817 4593 4645 4806 4877 6455 6375 6372 6391 6441 6615 6679 6757 6910 7116 
9118 9554 9065 8965 8652 8725 8554 8348 8137 8153 8153 8248 7907 7569 7389 7474 7369 6828 6566 6212 6198 6089 5696 5642 5346 4875 4218 4221 4268 4278 4239 4383 4306 4127 3943 3661 3384 3081 2717 2398 2225 2232 2006 1881 1713 1024 901 498 0 229 420 807 932 1056 1069 940 1011 1369 1592 1744 1884 2020 2295 2649 2969 2798 2674 2575 2522 2679 3041 2787 2503 2125 1781 2159 2410 2610 2799 2854 2734 2454 2059 1754 1760 1777 2171 2441 2388 2281 2398 2702 3001 3424 3880 4185 4907 5338 5683 6106 6474 6718 7114 7396 7288 3285 3270 3121 2835 2664 2377 2106 2018 1983 2129 2303 2380 2281 2262 2260 2321 2440 2760 3113 3399 3661 3945 4132 4378 4397 4678 5310 5091 5143 5305 5373 6951 6873 6871 6888 6936 7106 7167 7242 7388 7585 
9001 9439 8953 8855 8542 8621 8456 8248 8032 8043 8035 8110 7770 7431 7257 7348 7247 6708 6447 6094 6093 5988 5598 5547 5253 4775 4119 4139 4202 4221 4192 4342 4277 4096 3910 3626 3341 3033 2666 2338 2123 2104 1866 1730 1549 863 840 480 229 0 211 607 705 832 863 796 930 1259 1471 1648 1806 1960 2261 2598 2927 2779 2672 2592 2590 2772 3216 2971 2694 2336 2000 2386 2633 2836 3028 3083 2962 2682 2281 1949 1924 1916 2183 2430 2358 2220 2306 2608 2906 3327 3782 4086 4807 5238 5584 6005 6371 6606 7009 7300 7198 3059 3043 2895 2611 2442 2161 1897 1812 1789 1943 2125 2209 2141 2135 2163 2259 2384 2709 3065 3356 3625 3912 4101 4349 4380 4651 5275 5033 5073 5233 5289 6868 6799 6809 6836 6893 7077 7144 7227 7384 7594 
9026 9466 8983 8886 8574 8659 8499 8291 8069 8075 8059 8112 7773 7432 7265 7363 7268 6731 6471 6119 6133 6031 5644 5598 5305 4821 4168 4203 4281 4308 4287 4442 4387 4205 4017 3732 3442 3132 2763 2430 2177 2131 1881 1734 1539 875 958 648 420 211 0 396 521 640 653 604 780 1081 1285 1475 1644 1809 2126 2450 2784 2653 2561 2496 2539 2745 3279 3045 2779 2456 2135 2541 2778 2990 3195 3261 3150 2868 2479 2159 2135 2122 2330 2560 2474 2311 2369 2667 2962 3380 3832 4135 4853 5283 5629 6048 6412 6637 7046 7347 7252 2916 2895 2754 2478 2316 2054 1806 1731 1729 1895 2088 2181 2155 2164 2222 2350 2479 2807 3164 3457 3731 4019 4209 4459 4498 4761 5379 5117 5146 5305 5350 6927 6867 6888 6924 6988 7184 7256 7344 7509 7728 
9069 9514 9037 8943 8632 8728 8580 8369 8138 8135 8103 8115 7779 7437 7281 7393 7308 6775 6520 6170 6210 6116 5737 5697 5408 4916 4272 4336 4439 4479 4474 4636 4599 4416 4227 3942 3644 3332 2966 2626 2315 2222 1957 1794 1582 1011 1239 1002 807 607 396 0 282 337 263 333 622 806 975 1197 1389 1576 1926 2213 2554 2463 2402 2371 2504 2752 3441 3230 2984 2720 2428 2860 3079 3304 3527 3612 3514 3231 2859 2555 2528 2508 2619 2819 2710 2509 2518 2804 3090 3497 3940 4238 4947 5375 5719 6132 6493 6698 7118 7436 7353 2660 2629 2503 2250 2104 1888 1681 1627 1668 1852 2061 2168 2220 2256 2367 2546 2680 3008 3364 3659 3940 4228 4420 4672 4726 4973 5577 5280 5291 5446 5469 7039 6996 7038 7088 7167 7384 7465 7562 7743 7978 
8799 9245 8769 8677 8365 8464 8319 8108 7875 7869 7833 7838 7503 7160 7007 7121 7037 6506 6252 5902 5950 5857 5482 5444 5157 4662 4022 4097 4210 4257 4260 4426 4400 4216 4027 3742 3441 3130 2767 2427 2087 1976 1708 1541 1326 816 1129 983 932 705 521 282 0 132 291 594 896 1028 1164 1404 1607 1803 2164 2430 2773 2703 2653 2633 2783 3033 3710 3493 3241 2953 2645 3060 3291 3508 3715 3782 3667 3386 2986 2625 2556 2507 2486 2658 2534 2311 2293 2573 2853 3254 3693 3988 4693 5119 5463 5874 6233 6433 6855 7178 7099 2415 2389 2255 1991 1839 1611 1400 1345 1388 1574 1784 1894 1964 2009 2142 2346 2482 2808 3161 3456 3739 4027 4219 4472 4536 4772 5366 5052 5055 5208 5223 6789 6752 6803 6860 6944 7173 7258 7360 7550 7796 
8810 9257 8784 8692 8381 8484 8343 8132 7895 7887 7845 7836 7502 7159 7009 7128 7048 6520 6267 5918 5975 5885 5513 5477 5192 4696 4061 4144 4267 4318 4326 4494 4474 4290 4101 3817 3515 3204 2844 2504 2148 2022 1752 1582 1365 907 1246 1114 1056 832 640 337 132 0 225 600 909 991 1105 1351 1559 1760 2128 2378 2721 2666 2627 2619 2796 3057 3777 3568 3321 3049 2749 3170 3397 3617 3830 3902 3790 3509 3113 2757 2688 2637 2591 2754 2624 2389 2355 2629 2904 3300 3734 4027 4726 5150 5493 5901 6259 6452 6877 7206 7131 2325 2295 2167 1912 1768 1559 1368 1323 1384 1574 1787 1902 2000 2055 2204 2424 2561 2885 3235 3529 3814 4101 4293 4546 4615 4845 5434 5108 5105 5256 5264 6825 6794 6852 6914 7003 7239 7327 7432 7627 7878 
