4
116
35 0 1 2 3 4 5 6 7 8 9 10 11 12 13 14 15 16 17 18 19 20 21 22 23 24 25 26 27 28 29 30 31 32 33 34
50 35 36 37 38 39 40 41 42 43 44 45 46 47 48 49 50 51 52 53 54 55 56 57 58 59 60 61 62 63 64 65 66 27 28 29 30 31 32 33 34 67 68 69 70 71 72 73 74 75 76
50 35 36 37 38 39 40 41 42 43 44 45 46 47 48 49 50 51 52 53 54 55 56 57 58 59 60 61 62 63 64 65 66 27 28 29 30 31 32 33 34 77 78 79 80 81 82 83 84 85 86
39 87 88 89 90 91 92 93 94 95 96 97 98 99 100 101 102 103 104 16 105 18 19 20 21 22 23 24 25 26 106 107 108 109 110 111 112 113 114 115
1200 900 900 1200 
0 305 613 1192 1557 1669 1439 1603 1906 2211 2434 2327 2589 3114 3473 3706 4765 5105 5137 5144 5338 5637 5931 6349 6800 7102 7818 8243 8582 9008 9376 9651 10023 10264 10129 6080 6039 5928 5688 5545 5318 5083 5010 5002 5160 5341 5421 5307 5272 5216 5182 5276 5559 5879 6131 6348 6605 6772 6991 6948 7273 7921 7831 7934 8099 8218 8227 9773 9651 9587 9553 9550 9625 9645 9672 9734 9830 10335 10516 10742 11074 11147 11230 11226 11036 11070 11092 1615 1829 1730 1637 1838 1985 2400 2488 2625 2770 2843 2928 3045 3517 3877 3923 3928 3919 5105 8240 8234 8081 7851 7864 8040 8038 8237 8282 8375 
305 0 311 887 1254 1371 1154 1338 1656 1957 2166 2044 2289 2809 3167 3401 4467 4808 4843 4856 5057 5354 5648 6064 6513 6815 7530 7954 8292 8718 9085 9363 9733 9970 9834 5883 5846 5729 5480 5333 5094 4852 4775 4760 4913 5090 5166 5041 5002 4937 4894 4987 5266 5584 5835 6049 6305 6471 6689 6645 6971 7618 7532 7637 7802 7924 7935 9477 9353 9286 9250 9247 9321 9340 9367 9429 9525 10038 10218 10445 10775 10850 10935 10932 10745 10780 10804 1351 1584 1535 1484 1718 1890 2291 2362 2452 2565 2619 2689 2790 3251 3606 3638 3636 3621 4808 7950 7940 7784 7554 7565 7741 7735 7933 7978 8070 
613 311 0 585 944 1100 920 1140 1475 1765 1947 1799 2006 2507 2861 3093 4155 4497 4532 4548 4752 5048 5341 5756 6205 6507 7221 7644 7982 8408 8776 9055 9423 9659 9523 5644 5610 5487 5232 5080 4833 4584 4504 4482 4633 4806 4880 4745 4703 4633 4586 4677 4956 5273 5523 5738 5993 6160 6378 6334 6660 7308 7220 7326 7491 7613 7625 9166 9041 8975 8939 8936 9013 9033 9062 9126 9227 9726 9906 10133 10464 10538 10624 10622 10434 10470 10496 1066 1317 1321 1319 1581 1775 2153 2207 2247 2327 2363 2420 2506 2956 3308 3331 3325 3309 4497 7640 7629 7473 7243 7253 7429 7424 7623 7670 7764 
1192 887 585 0 390 554 498 768 1100 1348 1471 1279 1430 1922 2281 2517 3607 3952 3999 4036 4258 4549 4838 5248 5692 5991 6700 7120 7455 7880 8247 8534 8895 9121 8979 5367 5342 5207 4934 4771 4498 4231 4143 4102 4239 4400 4463 4294 4240 4146 4073 4158 4426 4734 4977 5184 5436 5599 5814 5765 6093 6740 6667 6779 6945 7076 7095 8620 8488 8414 8373 8366 8435 8453 8480 8542 8641 9177 9353 9584 9909 9990 10082 10083 9902 9942 9975 780 1068 1246 1366 1660 1884 2191 2203 2122 2107 2088 2095 2126 2525 2857 2832 2803 2761 3952 7112 7090 6926 6695 6699 6872 6856 7054 7093 7183 
1557 1254 944 390 0 495 653 896 1174 1355 1398 1155 1168 1579 1922 2150 3221 3565 3610 3646 3869 4159 4448 4858 5302 5600 6310 6730 7065 7491 7858 8144 8505 8733 8592 5051 5030 4889 4610 4442 4159 3885 3793 3745 3876 4032 4092 3913 3857 3758 3683 3768 4036 4346 4591 4800 5053 5219 5435 5390 5716 6364 6283 6393 6558 6687 6706 8233 8104 8034 7996 7992 8069 8090 8121 8191 8299 8792 8969 9199 9526 9604 9695 9695 9513 9553 9585 597 861 1145 1335 1625 1854 2100 2084 1927 1853 1801 1780 1781 2155 2479 2444 2413 2374 3565 6722 6702 6540 6309 6316 6489 6480 6679 6726 6822 
1669 1371 1100 554 495 0 308 451 685 862 933 725 921 1502 1883 2137 3301 3650 3722 3802 4055 4333 4612 5009 5442 5734 6430 6842 7171 7594 7958 8259 8604 8810 8658 5444 5429 5280 4992 4819 4519 4234 4137 4071 4189 4330 4379 4162 4090 3957 3837 3908 4151 4439 4665 4852 5091 5246 5450 5385 5719 6363 6328 6457 6621 6771 6806 8292 8146 8052 7997 7976 8023 8031 8049 8094 8177 8841 9010 9249 9561 9655 9760 9771 9601 9650 9696 1093 1354 1638 1815 2107 2336 2594 2580 2415 2319 2245 2197 2157 2465 2755 2648 2570 2468 3650 6827 6782 6603 6370 6358 6523 6478 6671 6682 6760 
1439 1154 920 498 653 308 0 270 603 865 1027 889 1189 1800 2184 2440 3609 3958 4030 4109 4359 4639 4918 5316 5750 6042 6738 7150 7479 7901 8265 8567 8912 9116 8963 5691 5672 5528 5244 5074 4782 4501 4406 4347 4469 4614 4667 4458 4389 4260 4144 4215 4459 4747 4972 5158 5395 5549 5751 5684 6019 6662 6632 6763 6927 7078 7113 8598 8449 8353 8295 8271 8313 8319 8333 8373 8447 9146 9313 9553 9864 9959 10066 10077 9908 9957 10004 1213 1494 1723 1860 2154 2380 2676 2680 2563 2505 2454 2426 2409 2743 3043 2949 2875 2776 3958 7135 7089 6909 6675 6663 6826 6777 6968 6974 7048 
1603 1338 1140 768 896 451 270 0 341 625 832 759 1158 1815 2204 2467 3665 4013 4099 4198 4462 4735 5007 5398 5825 6113 6800 7207 7532 7952 8314 8624 8959 9152 8993 5895 5879 5731 5443 5270 4970 4684 4586 4518 4633 4771 4818 4590 4514 4369 4232 4296 4527 4802 5016 5191 5419 5567 5761 5685 6023 6662 6656 6796 6960 7120 7164 8624 8467 8359 8292 8259 8285 8284 8291 8318 8378 9167 9330 9573 9877 9980 10094 10111 9948 10003 10057 1473 1751 1991 2131 2425 2650 2945 2947 2819 2748 2685 2644 2608 2911 3194 3068 2974 2848 4013 7188 7129 6941 6707 6685 6843 6775 6963 6950 7014 
1906 1656 1475 1100 1174 685 603 341 0 305 567 604 1095 1779 2164 2429 3650 3996 4098 4223 4503 4765 5029 5408 5824 6106 6781 7180 7499 7916 8275 8593 8917 9094 8928 6076 6065 5912 5617 5440 5129 4836 4734 4655 4759 4885 4924 4672 4586 4420 4256 4310 4522 4779 4979 5138 5354 5495 5680 5592 5932 6564 6588 6739 6902 7075 7129 8557 8389 8266 8188 8144 8151 8143 8141 8154 8198 9091 9248 9497 9790 9903 10026 10050 9896 9957 10020 1767 2036 2300 2454 2749 2975 3258 3252 3100 3001 2920 2859 2796 3053 3310 3142 3022 2861 3996 7156 7082 6883 6649 6616 6766 6676 6859 6824 6876 
2211 1957 1765 1348 1355 862 865 625 305 0 298 456 972 1647 2021 2284 3512 3853 3968 4115 4407 4659 4914 5283 5689 5965 6628 7021 7335 7749 8105 8430 8744 8910 8739 6107 6100 5941 5641 5460 5139 4840 4735 4644 4738 4853 4884 4611 4517 4332 4146 4192 4387 4629 4817 4963 5171 5305 5482 5386 5728 6354 6399 6558 6720 6902 6964 8366 8190 8058 7971 7921 7915 7902 7895 7899 7934 8894 9046 9299 9584 9704 9834 9863 9715 9780 9851 1952 2205 2500 2673 2967 3196 3456 3439 3253 3124 3022 2941 2850 3058 3288 3084 2942 2753 3853 6993 6907 6700 6467 6425 6571 6465 6644 6594 6639 
2434 2166 1947 1471 1398 933 1027 832 567 298 0 282 746 1396 1757 2018 3245 3584 3705 3864 4162 4408 4658 5020 5420 5693 6352 6742 7053 7466 7821 8148 8459 8621 8448 5951 5949 5786 5481 5297 4968 4666 4558 4459 4544 4650 4676 4388 4289 4093 3894 3934 4121 4355 4537 4679 4883 5015 5190 5092 5434 6059 6109 6271 6432 6617 6683 8075 7897 7762 7675 7623 7617 7604 7597 7603 7640 8601 8752 9006 9290 9411 9542 9573 9426 9493 9566 1980 2211 2536 2733 3023 3252 3482 3451 3229 3068 2947 2846 2730 2894 3100 2870 2713 2507 3584 6712 6622 6412 6179 6135 6279 6170 6348 6296 6341 
2327 2044 1799 1279 1155 725 889 759 604 456 282 0 517 1196 1575 1840 3066 3409 3519 3661 3951 4205 4462 4833 5242 5521 6190 6586 6903 7319 7677 7998 8318 8492 8325 5680 5677 5515 5212 5029 4703 4402 4296 4201 4291 4402 4431 4155 4060 3876 3692 3740 3940 4189 4383 4538 4752 4891 5075 4987 5328 5960 5985 6138 6300 6475 6533 7954 7785 7662 7584 7543 7554 7548 7550 7570 7624 8487 8644 8893 9186 9299 9423 9448 9294 9357 9423 1724 1945 2280 2488 2774 3003 3219 3184 2953 2786 2664 2563 2449 2625 2843 2630 2485 2298 3409 6560 6482 6281 6047 6012 6162 6073 6256 6225 6280 
2589 2289 2006 1430 1168 921 1189 1158 1095 972 746 517 0 684 1068 1334 2555 2901 3006 3144 3434 3688 3946 4319 4731 5011 5685 6085 6405 6822 7182 7499 7824 8007 7845 5223 5224 5058 4751 4565 4233 3928 3820 3717 3799 3904 3929 3644 3548 3360 3175 3224 3429 3684 3884 4048 4270 4414 4606 4527 4866 5503 5506 5651 5814 5983 6035 7475 7313 7201 7133 7101 7131 7134 7146 7183 7259 8014 8175 8420 8720 8826 8944 8965 8807 8865 8927 1632 1792 2167 2411 2678 2901 3055 2996 2705 2487 2335 2204 2053 2167 2358 2124 1972 1781 2901 6061 5991 5795 5561 5534 5689 5617 5805 5795 5863 
3114 2809 2507 1922 1579 1502 1800 1815 1779 1647 1396 1196 684 0 389 653 1871 2217 2322 2469 2766 3013 3266 3636 4047 4327 5002 5403 5724 6143 6504 6818 7147 7336 7177 4713 4723 4549 4236 4046 3700 3391 3278 3158 3220 3306 3320 3010 2904 2699 2499 2544 2744 3001 3205 3375 3604 3753 3952 3884 4219 4862 4841 4980 5144 5307 5355 6809 6654 6554 6495 6473 6525 6538 6560 6619 6721 7353 7518 7760 8067 8166 8278 8295 8133 8190 8248 1861 1925 2318 2590 2818 3022 3084 2993 2626 2336 2140 1962 1746 1706 1817 1519 1333 1111 2217 5381 5315 5125 4891 4870 5030 4977 5169 5183 5267 
3473 3167 2861 2281 1922 1883 2184 2204 2164 2021 1757 1575 1068 389 0 265 1491 1834 1947 2112 2420 2655 2901 3263 3668 3945 4617 5016 5336 5755 6115 6430 6758 6947 6788 4505 4522 4343 4027 3835 3482 3171 3056 2922 2966 3033 3036 2702 2588 2363 2141 2177 2366 2615 2816 2986 3215 3366 3567 3502 3836 4480 4453 4591 4755 4918 4967 6420 6267 6169 6113 6095 6155 6172 6200 6268 6383 6965 7130 7372 7680 7778 7889 7906 7744 7800 7859 2138 2160 2548 2826 3031 3222 3238 3133 2734 2412 2197 1998 1750 1594 1627 1272 1050 779 1834 4993 4926 4736 4502 4482 4643 4595 4788 4813 4902 
3706 3401 3093 2517 2150 2137 2440 2467 2429 2284 2018 1840 1334 653 265 0 1227 1569 1686 1861 2175 2403 2643 3002 3404 3681 4351 4751 5071 5490 5850 6165 6494 6684 6527 4346 4368 4186 3870 3677 3320 3010 2895 2751 2782 2836 2831 2483 2363 2125 1889 1920 2103 2350 2552 2723 2955 3109 3312 3253 3585 4230 4193 4329 4493 4654 4702 6160 6009 5915 5864 5850 5919 5940 5973 6050 6176 6706 6873 7113 7424 7519 7629 7644 7481 7537 7595 2322 2317 2698 2978 3166 3348 3333 3219 2802 2463 2239 2030 1767 1533 1508 1117 873 567 1569 4728 4663 4474 4240 4223 4386 4346 4541 4576 4672 
4765 4467 4155 3607 3221 3301 3609 3665 3650 3512 3245 3066 2555 1871 1491 1227 0 349 467 720 1060 1226 1436 1777 2177 2456 3136 3543 3870 4292 4656 4960 5303 5516 5372 3630 3675 3486 3180 2994 2639 2358 2248 2066 2017 1987 1936 1520 1372 1066 735 726 875 1138 1370 1584 1848 2023 2256 2249 2550 3195 3065 3172 3337 3472 3504 5012 4885 4829 4811 4832 4966 5016 5082 5218 5415 5571 5750 5978 6308 6383 6474 6478 6302 6349 6395 3236 3141 3470 3741 3856 3991 3851 3708 3252 2878 2648 2431 2161 1684 1393 1039 897 846 349 3526 3485 3319 3087 3099 3278 3312 3519 3640 3783 
5105 4808 4497 3952 3565 3650 3958 4013 3996 3853 3584 3409 2901 2217 1834 1569 349 0 214 554 872 967 1136 1449 1836 2111 2787 3194 3521 3943 4307 4611 4954 5169 5027 3554 3607 3419 3122 2944 2599 2339 2237 2049 1968 1901 1830 1403 1249 924 551 483 542 789 1026 1252 1524 1705 1945 1956 2243 2883 2729 2829 2994 3125 3155 4669 4547 4499 4488 4517 4668 4726 4801 4953 5168 5229 5411 5636 5970 6041 6129 6132 5954 6000 6046 3564 3458 3777 4044 4147 4273 4111 3964 3507 3134 2908 2694 2432 1933 1609 1308 1206 1191 0 3177 3138 2976 2745 2763 2946 2999 3208 3354 3510 
5137 4843 4532 3999 3610 3722 4030 4099 4098 3968 3705 3519 3006 2322 1947 1686 467 214 0 342 658 772 969 1315 1727 2013 2708 3123 3457 3881 4248 4540 4895 5127 4993 3343 3397 3209 2914 2737 2395 2141 2041 1851 1764 1691 1618 1190 1037 711 337 275 429 745 1017 1272 1556 1744 1991 2024 2292 2922 2725 2805 2969 3081 3096 4641 4532 4503 4506 4548 4720 4786 4870 5037 5267 5207 5394 5612 5955 6015 6093 6089 5903 5943 5979 3573 3452 3756 4018 4107 4222 4042 3892 3435 3064 2842 2634 2379 1868 1525 1270 1211 1253 214 3113 3097 2952 2725 2761 2951 3037 3248 3422 3590 
5144 4856 4548 4036 3646 3802 4109 4198 4223 4115 3864 3661 3144 2469 2112 1861 720 554 342 0 339 544 809 1212 1657 1958 2675 3100 3441 3867 4236 4507 4882 5139 5020 3001 3055 2866 2573 2396 2057 1808 1711 1521 1426 1348 1276 848 695 370 39 171 499 855 1150 1430 1719 1911 2163 2225 2463 3071 2813 2861 3024 3102 3092 4678 4592 4591 4616 4677 4878 4956 5053 5239 5489 5250 5446 5653 6010 6052 6114 6098 5899 5928 5948 3553 3406 3686 3938 4003 4103 3894 3740 3287 2921 2709 2510 2273 1751 1386 1223 1236 1363 554 3102 3123 3007 2789 2852 3050 3184 3396 3609 3792 
5338 5057 4752 4258 3869 4055 4359 4462 4503 4407 4162 3951 3434 2766 2420 2175 1060 872 658 339 0 303 602 1025 1481 1786 2509 2940 3284 3708 4076 4328 4718 4997 4892 2714 2773 2587 2303 2134 1810 1588 1502 1314 1189 1077 988 566 419 151 328 397 612 918 1202 1489 1769 1960 2211 2303 2505 3080 2762 2779 2936 2983 2948 4561 4497 4524 4570 4651 4883 4974 5084 5293 5566 5137 5341 5535 5904 5930 5976 5949 5739 5759 5764 3733 3566 3822 4063 4105 4188 3949 3793 3347 2992 2792 2607 2391 1872 1499 1425 1487 1655 872 2952 3007 2921 2714 2802 3007 3189 3401 3653 3853 
5637 5354 5048 4549 4159 4333 4639 4735 4765 4659 4408 4205 3688 3013 2655 2403 1226 967 772 544 303 0 299 722 1178 1483 2206 2636 2981 3405 3772 4025 4414 4694 4590 2777 2844 2662 2396 2241 1941 1755 1682 1501 1350 1200 1090 717 604 445 514 500 536 744 999 1279 1548 1733 1981 2091 2267 2821 2479 2486 2642 2682 2645 4260 4200 4233 4286 4373 4618 4715 4832 5052 5339 4837 5041 5234 5604 5628 5673 5646 5436 5455 5462 4033 3869 4125 4367 4407 4488 4245 4088 3644 3291 3093 2910 2695 2175 1802 1718 1763 1906 967 2649 2707 2627 2424 2521 2727 2928 3139 3411 3620 
5931 5648 5341 4838 4448 4612 4918 5007 5029 4914 4658 4462 3946 3266 2901 2643 1436 1136 969 809 602 299 0 422 879 1184 1906 2337 2682 3105 3473 3727 4115 4395 4292 2868 2942 2766 2520 2378 2105 1951 1889 1717 1550 1376 1255 941 854 742 775 723 617 671 860 1116 1361 1537 1776 1908 2051 2577 2207 2201 2355 2387 2347 3964 3908 3949 4009 4104 4363 4466 4590 4822 5123 4541 4747 4937 5309 5331 5374 5347 5137 5157 5165 4330 4167 4424 4666 4705 4785 4537 4380 3938 3587 3390 3208 2994 2474 2102 2010 2044 2167 1136 2350 2413 2341 2142 2249 2457 2681 2889 3184 3402 
6349 6064 5756 5248 4858 5009 5316 5398 5408 5283 5020 4833 4319 3636 3263 3002 1777 1449 1315 1212 1025 722 422 0 456 761 1484 1914 2259 2683 3050 3306 3693 3973 3872 3041 3123 2957 2741 2618 2381 2266 2217 2057 1878 1684 1557 1308 1245 1164 1175 1102 906 782 826 1002 1181 1329 1542 1706 1788 2255 1837 1808 1957 1973 1926 3547 3499 3552 3625 3732 4013 4126 4261 4512 4833 4124 4332 4519 4894 4911 4952 4924 4714 4734 4745 4750 4589 4847 5088 5126 5204 4951 4793 4354 4005 3810 3630 3416 2897 2524 2426 2448 2551 1449 1928 2000 1943 1755 1880 2089 2353 2556 2886 3118 
6800 6513 6205 5692 5302 5442 5750 5825 5824 5689 5420 5242 4731 4047 3668 3404 2177 1836 1727 1657 1481 1178 879 456 0 305 1027 1458 1803 2226 2594 2852 3237 3518 3420 3281 3369 3215 3028 2925 2722 2640 2603 2454 2268 2064 1935 1734 1684 1620 1619 1536 1302 1088 1009 1068 1139 1232 1391 1588 1583 1951 1469 1400 1540 1530 1472 3098 3060 3131 3220 3343 3652 3777 3925 4198 4544 3676 3886 4069 4447 4459 4497 4468 4258 4279 4292 5203 5044 5303 5544 5581 5657 5400 5242 4804 4458 4265 4085 3873 3353 2981 2877 2890 2977 1836 1473 1559 1528 1359 1512 1719 2037 2230 2602 2849 
7102 6815 6507 5991 5600 5734 6042 6113 6106 5965 5693 5521 5011 4327 3945 3681 2456 2111 2013 1958 1786 1483 1184 761 305 0 722 1153 1498 1921 2289 2549 2932 3214 3118 3464 3555 3409 3241 3149 2967 2903 2872 2729 2540 2332 2204 2026 1982 1925 1920 1833 1585 1342 1216 1211 1212 1261 1370 1581 1510 1785 1257 1150 1278 1240 1171 2800 2770 2856 2958 3094 3424 3558 3716 4005 4367 3378 3589 3769 4149 4158 4193 4163 3953 3974 3989 5507 5349 5609 5849 5885 5960 5700 5542 5106 4760 4568 4389 4178 3659 3286 3179 3188 3266 2111 1169 1271 1267 1122 1299 1500 1860 2041 2443 2699 
7818 7530 7221 6700 6310 6430 6738 6800 6781 6628 6352 6190 5685 5002 4617 4351 3136 2787 2708 2675 2509 2206 1906 1484 1027 722 0 430 776 1198 1566 1834 2210 2494 2406 3960 4055 3927 3797 3727 3584 3553 3532 3401 3209 2997 2870 2728 2694 2647 2636 2543 2279 2001 1819 1726 1616 1580 1574 1784 1576 1568 976 742 789 613 473 2101 2101 2236 2380 2554 2940 3098 3281 3609 4010 2677 2894 3061 3450 3446 3473 3441 3230 3254 3275 6226 6071 6331 6572 6606 6678 6414 6255 5822 5479 5289 5111 4900 4381 4008 3897 3898 3961 2787 458 654 789 778 1005 1149 1602 1730 2193 2459 
8243 7954 7644 7120 6730 6842 7150 7207 7180 7021 6742 6586 6085 5403 5016 4751 3543 3194 3123 3100 2940 2636 2337 1914 1458 1153 430 0 345 768 1136 1417 1781 2064 1981 4299 4396 4276 4164 4104 3978 3960 3943 3817 3624 3410 3285 3155 3124 3078 3062 2966 2695 2405 2204 2082 1934 1866 1809 2005 1742 1566 1016 746 698 403 172 1686 1713 1886 2062 2262 2684 2856 3054 3404 3826 2259 2480 2638 3032 3020 3043 3010 2800 2827 2855 6653 6500 6762 7003 7037 7109 6843 6684 6252 5909 5719 5542 5331 4812 4439 4324 4319 4375 3194 107 444 708 823 1030 1102 1568 1649 2127 2388 
8582 8292 7982 7455 7065 7171 7479 7532 7499 7335 7053 6903 6405 5724 5336 5071 3870 3521 3457 3441 3284 2981 2682 2259 1803 1498 776 345 0 426 794 1094 1441 1718 1640 4589 4686 4573 4471 4419 4303 4293 4279 4155 3962 3747 3622 3499 3469 3423 3403 3305 3029 2731 2520 2380 2211 2123 2036 2218 1927 1638 1159 902 794 500 371 1357 1412 1626 1831 2055 2503 2686 2895 3260 3697 1924 2149 2299 2696 2677 2698 2665 2457 2488 2525 6995 6843 7106 7348 7383 7454 7188 7029 6597 6255 6065 5887 5676 5156 4783 4665 4656 4705 3521 344 520 810 994 1160 1172 1615 1652 2124 2374 
9008 8718 8408 7880 7491 7594 7901 7952 7916 7749 7466 7319 6822 6143 5755 5490 4292 3943 3881 3867 3708 3405 3105 2683 2226 1921 1198 768 426 0 368 689 1015 1305 1248 4914 5012 4907 4822 4779 4679 4682 4672 4554 4360 4145 4021 3912 3886 3846 3829 3731 3454 3154 2938 2788 2606 2506 2397 2567 2256 1876 1480 1248 1111 862 788 1010 1137 1425 1675 1928 2405 2600 2820 3202 3652 1553 1783 1909 2316 2276 2282 2243 2032 2062 2104 7421 7268 7530 7771 7803 7873 7603 7444 7014 6674 6485 6309 6099 5580 5207 5091 5082 5129 3943 768 866 1130 1344 1473 1434 1830 1820 2267 2499 
9376 9085 8776 8247 7858 7958 8265 8314 8275 8105 7821 7677 7182 6504 6115 5850 4656 4307 4248 4236 4076 3772 3473 3050 2594 2289 1566 1136 794 368 0 386 647 952 928 5213 5312 5214 5140 5104 5016 5027 5021 4906 4712 4496 4373 4273 4249 4213 4197 4099 3821 3519 3298 3142 2950 2842 2719 2879 2558 2121 1788 1575 1426 1205 1152 766 979 1328 1608 1878 2367 2569 2794 3184 3642 1252 1486 1582 1997 1934 1923 1878 1664 1695 1745 7789 7636 7898 8138 8169 8238 7965 7806 7377 7038 6851 6676 6466 5948 5575 5459 5450 5495 4307 1135 1203 1446 1670 1775 1707 2061 2018 2434 2646 
9651 9363 9055 8534 8144 8259 8567 8624 8593 8430 8148 7998 7499 6818 6430 6165 4960 4611 4540 4507 4328 4025 3727 3306 2852 2549 1834 1417 1094 689 386 0 452 880 960 5278 5377 5290 5240 5217 5154 5187 5189 5084 4890 4674 4555 4486 4473 4460 4469 4377 4111 3822 3615 3473 3295 3195 3084 3249 2933 2507 2159 1935 1793 1551 1465 949 1229 1606 1898 2173 2661 2865 3092 3484 3943 1297 1524 1549 1969 1848 1778 1695 1444 1438 1440 8055 7894 8144 8379 8399 8460 8174 8015 7594 7262 7081 6912 6711 6196 5823 5729 5732 5792 4611 1437 1555 1812 2030 2148 2089 2447 2404 2815 3022 
10023 9733 9423 8895 8505 8604 8912 8959 8917 8744 8459 8318 7824 7147 6758 6494 5303 4954 4895 4882 4718 4414 4115 3693 3237 2932 2210 1781 1441 1015 647 452 0 448 594 5731 5829 5743 5690 5665 5597 5624 5623 5515 5321 5105 4984 4901 4882 4854 4843 4746 4469 4166 3943 3780 3581 3464 3327 3475 3145 2652 2390 2195 2040 1842 1800 743 1062 1446 1741 2013 2488 2691 2917 3307 3764 911 1124 1113 1529 1396 1328 1256 1022 1047 1112 8435 8281 8540 8778 8806 8871 8592 8433 8008 7671 7487 7314 7107 6590 6217 6105 6097 6142 4954 1783 1836 2060 2290 2372 2278 2576 2496 2861 3040 
10264 9970 9659 9121 8733 8810 9116 9152 9094 8910 8621 8492 8007 7336 6947 6684 5516 5169 5127 5139 4997 4694 4395 3973 3518 3214 2494 2064 1718 1305 952 880 448 0 250 6139 6237 6145 6081 6049 5966 5980 5973 5857 5663 5447 5324 5216 5187 5137 5100 4996 4705 4387 4146 3960 3739 3606 3444 3571 3231 2679 2513 2355 2192 2046 2049 593 882 1229 1506 1763 2211 2408 2629 3012 3462 487 683 668 1088 986 979 962 812 916 1090 8689 8545 8816 9060 9099 9173 8906 8747 8315 7973 7782 7603 7388 6868 6495 6360 6336 6361 5169 2045 2031 2211 2445 2488 2361 2589 2476 2784 2931 
10129 9834 9523 8979 8592 8658 8963 8993 8928 8739 8448 8325 7845 7177 6788 6527 5372 5027 4993 5020 4892 4590 4292 3872 3420 3118 2406 1981 1640 1248 928 960 594 250 0 6142 6240 6142 6065 6026 5928 5928 5917 5794 5601 5387 5262 5135 5099 5035 4981 4873 4576 4250 4001 3805 3575 3434 3262 3380 3039 2470 2340 2201 2036 1917 1947 377 641 979 1256 1514 1965 2164 2386 2770 3222 337 568 661 1070 1040 1102 1125 1021 1144 1334 8563 8426 8704 8952 8998 9076 8818 8660 8224 7878 7683 7500 7280 6758 6386 6237 6205 6218 5027 1950 1898 2055 2288 2313 2174 2376 2254 2547 2688 
6080 5883 5644 5367 5051 5444 5691 5895 6076 6107 5951 5680 5223 4713 4505 4346 3630 3554 3343 3001 2714 2777 2868 3041 3281 3464 3960 4299 4589 4914 5213 5278 5731 6139 6142 0 98 165 477 669 1026 1336 1451 1604 1616 1653 1727 2155 2308 2633 3009 3107 3296 3511 3728 3980 4205 4365 4584 4743 4825 5231 4722 4596 4702 4573 4411 5923 6001 6184 6340 6510 6873 7016 7179 7469 7824 6461 6694 6792 7210 7122 7052 6951 6674 6615 6502 4613 4338 4352 4457 4314 4250 3845 3709 3465 3319 3288 3274 3287 3057 2895 3234 3473 3789 3554 4375 4614 4695 4580 4764 4964 5315 5502 5884 6129 
6039 5846 5610 5342 5030 5429 5672 5879 6065 6100 5949 5677 5224 4723 4522 4368 3675 3607 3397 3055 2773 2844 2942 3123 3369 3555 4055 4396 4686 5012 5312 5377 5829 6237 6240 98 0 189 501 693 1054 1360 1476 1635 1658 1706 1785 2211 2364 2689 3064 3165 3360 3581 3802 4056 4284 4445 4665 4823 4909 5320 4813 4688 4795 4668 4507 6021 6098 6280 6435 6605 6966 7108 7271 7559 7912 6559 6792 6891 7308 7220 7150 7049 6772 6713 6599 4584 4307 4313 4413 4265 4196 3789 3655 3420 3283 3259 3251 3272 3057 2906 3254 3495 3814 3607 4471 4709 4788 4672 4855 5055 5404 5592 5971 6215 
5928 5729 5487 5207 4889 5280 5528 5731 5912 5941 5786 5515 5058 4549 4343 4186 3486 3419 3209 2866 2587 2662 2766 2957 3215 3409 3927 4276 4573 4907 5214 5290 5743 6145 6142 165 189 0 316 509 869 1176 1292 1448 1469 1518 1598 2024 2176 2501 2876 2978 3175 3400 3624 3881 4112 4275 4498 4652 4744 5166 4666 4548 4658 4539 4383 5914 5984 6157 6306 6472 6827 6966 7125 7410 7759 6458 6690 6795 7211 7130 7067 6970 6696 6641 6535 4454 4180 4199 4308 4170 4110 3708 3570 3317 3164 3130 3112 3123 2892 2731 3073 3313 3631 3419 4349 4580 4651 4528 4708 4910 5252 5442 5815 6057 
5688 5480 5232 4934 4610 4992 5244 5443 5617 5641 5481 5212 4751 4236 4027 3870 3180 3122 2914 2573 2303 2396 2520 2741 3028 3241 3797 4164 4471 4822 5140 5240 5690 6081 6065 477 501 316 0 192 553 860 975 1134 1163 1227 1317 1737 1888 2210 2584 2690 2900 3139 3374 3637 3877 4045 4274 4421 4529 4974 4492 4389 4506 4405 4261 5823 5876 6033 6170 6325 6665 6798 6952 7227 7565 6375 6606 6723 7135 7068 7018 6929 6661 6615 6521 4189 3919 3957 4079 3956 3909 3515 3372 3093 2917 2869 2839 2836 2587 2418 2757 2997 3314 3122 4231 4444 4498 4364 4534 4739 5064 5258 5618 5855 
5545 5333 5080 4771 4442 4819 5074 5270 5440 5460 5297 5029 4565 4046 3835 3677 2994 2944 2737 2396 2134 2241 2378 2618 2925 3149 3727 4104 4419 4779 5104 5217 5665 6049 6026 669 693 509 192 0 361 667 783 942 978 1056 1153 1567 1717 2037 2408 2517 2736 2985 3226 3494 3739 3911 4142 4284 4403 4863 4393 4300 4422 4332 4196 5774 5817 5963 6092 6241 6572 6701 6850 7119 7450 6332 6561 6685 7095 7035 6994 6910 6646 6605 6520 4032 3765 3815 3946 3832 3794 3408 3262 2966 2775 2717 2677 2665 2403 2228 2565 2804 3121 2944 4168 4370 4412 4271 4436 4642 4955 5152 5502 5737 
5318 5094 4833 4498 4159 4519 4782 4970 5129 5139 4968 4703 4233 3700 3482 3320 2639 2599 2395 2057 1810 1941 2105 2381 2722 2967 3584 3978 4303 4679 5016 5154 5597 5966 5928 1026 1054 869 553 361 0 310 425 581 631 741 853 1245 1390 1704 2071 2184 2419 2684 2937 3211 3466 3643 3880 4012 4149 4636 4191 4115 4245 4178 4057 5660 5685 5809 5924 6061 6374 6496 6637 6893 7212 6225 6451 6589 6994 6950 6923 6849 6593 6562 6492 3775 3515 3595 3744 3653 3634 3266 3114 2783 2558 2476 2415 2377 2080 1884 2210 2447 2763 2599 4034 4214 4235 4080 4233 4441 4732 4934 5266 5494 
5083 4852 4584 4231 3885 4234 4501 4684 4836 4840 4666 4402 3928 3391 3171 3010 2358 2339 2141 1808 1588 1755 1951 2266 2640 2903 3553 3960 4293 4682 5027 5187 5624 5980 5928 1336 1360 1176 860 667 310 0 115 291 404 581 708 1039 1172 1469 1826 1946 2201 2489 2754 3034 3299 3481 3724 3844 4002 4516 4097 4041 4178 4133 4027 5646 5654 5759 5859 5983 6278 6392 6525 6768 7074 6217 6440 6589 6989 6958 6946 6880 6631 6609 6552 3521 3268 3370 3534 3461 3459 3108 2952 2594 2343 2242 2163 2105 1783 1576 1899 2137 2454 2339 4008 4167 4166 3999 4140 4349 4616 4821 5133 5353 
5010 4775 4504 4143 3793 4137 4406 4586 4734 4735 4558 4296 3820 3278 3056 2895 2248 2237 2041 1711 1502 1682 1889 2217 2603 2872 3532 3943 4279 4672 5021 5189 5623 5973 5917 1451 1476 1292 975 783 425 115 0 189 339 539 668 964 1091 1379 1730 1852 2115 2409 2679 2961 3229 3413 3658 3773 3938 4461 4053 4004 4143 4106 4006 5630 5631 5728 5823 5943 6231 6342 6473 6711 7011 6202 6424 6577 6975 6949 6942 6879 6633 6614 6562 3439 3190 3302 3473 3408 3413 3070 2913 2544 2282 2172 2085 2016 1681 1465 1785 2021 2338 2237 3989 4140 4131 3959 4095 4305 4563 4769 5073 5291 
5002 4760 4482 4102 3745 4071 4347 4518 4655 4644 4459 4201 3717 3158 2922 2751 2066 2049 1851 1521 1314 1501 1717 2057 2454 2729 3401 3817 4155 4554 4906 5084 5515 5857 5794 1604 1635 1448 1134 942 581 291 189 0 193 409 532 783 905 1190 1540 1663 1927 2224 2496 2779 3049 3234 3480 3592 3762 4292 3894 3852 3994 3967 3873 5502 5495 5584 5673 5788 6068 6177 6305 6539 6835 6076 6295 6454 6849 6830 6829 6771 6528 6514 6469 3416 3176 3310 3492 3443 3460 3131 2973 2587 2305 2178 2074 1980 1607 1359 1650 1878 2189 2049 3859 4000 3982 3806 3937 4146 4395 4602 4900 5115 
5160 4913 4633 4239 3876 4189 4469 4633 4759 4738 4544 4291 3799 3220 2966 2782 2017 1968 1764 1426 1189 1350 1550 1878 2268 2540 3209 3624 3962 4360 4712 4890 5321 5663 5601 1616 1658 1469 1163 978 631 404 339 193 0 216 339 635 771 1076 1440 1556 1802 2084 2349 2629 2895 3078 3322 3440 3601 4121 3714 3668 3808 3777 3682 5309 5304 5396 5488 5606 5891 6002 6133 6371 6673 5883 6103 6261 6656 6636 6635 6577 6335 6321 6277 3566 3332 3477 3665 3623 3644 3319 3161 2771 2482 2347 2234 2126 1726 1450 1702 1916 2216 1968 3667 3810 3796 3623 3757 3966 4223 4429 4734 4953 
5341 5090 4806 4400 4032 4330 4614 4771 4885 4853 4650 4402 3904 3306 3033 2836 1987 1901 1691 1348 1077 1200 1376 1684 2064 2332 2997 3410 3747 4145 4496 4674 5105 5447 5387 1653 1706 1518 1227 1056 741 581 539 409 216 0 128 510 661 984 1358 1462 1681 1943 2197 2473 2732 2911 3152 3278 3427 3935 3517 3465 3603 3567 3469 5096 5093 5189 5284 5405 5697 5811 5944 6188 6497 5669 5890 6047 6442 6421 6419 6361 6119 6105 6062 3740 3512 3669 3863 3827 3852 3531 3373 2978 2683 2542 2421 2300 1877 1577 1787 1983 2268 1901 3454 3601 3592 3421 3560 3769 4035 4240 4554 4776 
5421 5166 4880 4463 4092 4379 4667 4818 4924 4884 4676 4431 3929 3320 3036 2831 1936 1830 1618 1276 988 1090 1255 1557 1935 2204 2870 3285 3622 4021 4373 4555 4984 5324 5262 1727 1785 1598 1317 1153 853 708 668 532 339 128 0 428 581 907 1282 1380 1583 1834 2084 2357 2613 2792 3031 3160 3305 3809 3389 3336 3475 3439 3343 4970 4966 5060 5155 5277 5569 5683 5818 6063 6373 5544 5763 5922 6317 6297 6297 6240 5999 5987 5946 3815 3592 3759 3957 3927 3957 3641 3483 3083 2782 2635 2507 2376 1938 1624 1806 1990 2264 1830 3328 3473 3463 3293 3431 3641 3908 4113 4430 4653 
5307 5041 4745 4294 3913 4162 4458 4590 4672 4611 4388 4155 3644 3010 2702 2483 1520 1403 1190 848 566 717 941 1308 1734 2026 2728 3155 3499 3912 4273 4486 4901 5216 5135 2155 2211 2024 1737 1567 1245 1039 964 783 635 510 428 0 153 479 854 954 1173 1449 1715 1997 2265 2450 2696 2809 2980 3518 3140 3116 3264 3264 3192 4825 4794 4859 4933 5037 5303 5407 5530 5759 6052 5402 5615 5790 6174 6175 6194 6151 5923 5924 5903 3692 3491 3698 3917 3919 3973 3691 3532 3107 2777 2603 2447 2275 1790 1438 1529 1677 1923 1403 3185 3293 3251 3063 3182 3390 3622 3831 4120 4333 
5272 5002 4703 4240 3857 4090 4389 4514 4586 4517 4289 4060 3548 2904 2588 2363 1372 1249 1037 695 419 604 854 1245 1684 1982 2694 3124 3469 3886 4249 4473 4882 5187 5099 2308 2364 2176 1888 1717 1390 1172 1091 905 771 661 581 153 0 325 701 801 1030 1319 1591 1875 2149 2335 2584 2690 2871 3422 3061 3050 3201 3214 3153 4783 4743 4797 4862 4959 5215 5314 5434 5656 5942 5360 5571 5751 6132 6139 6167 6128 5905 5911 5898 3658 3465 3686 3912 3926 3988 3719 3560 3128 2789 2607 2442 2256 1757 1396 1446 1576 1808 1249 3149 3242 3187 2994 3103 3311 3528 3738 4015 4224 
5216 4937 4633 4146 3758 3957 4260 4369 4420 4332 4093 3876 3360 2699 2363 2125 1066 924 711 370 151 445 742 1164 1620 1925 2647 3078 3423 3846 4213 4460 4854 5137 5035 2633 2689 2501 2210 2037 1704 1469 1379 1190 1076 984 907 479 325 0 375 480 740 1060 1347 1634 1916 2107 2359 2447 2653 3230 2913 2928 3085 3128 3089 4706 4645 4674 4721 4802 5034 5125 5234 5441 5712 5282 5487 5679 6049 6073 6116 6088 5876 5893 5895 3608 3436 3685 3924 3962 4043 3801 3644 3200 2846 2648 2465 2253 1736 1363 1315 1398 1589 924 3092 3153 3069 2864 2953 3158 3340 3551 3802 4001 
5182 4894 4586 4073 3683 3837 4144 4232 4256 4146 3894 3692 3175 2499 2141 1889 735 551 337 39 328 514 775 1175 1619 1920 2636 3062 3403 3829 4197 4469 4843 5100 4981 3009 3064 2876 2584 2408 2071 1826 1730 1540 1440 1358 1282 854 701 375 0 137 462 818 1113 1394 1682 1874 2127 2190 2427 3033 2774 2822 2984 3063 3052 4638 4553 4551 4577 4638 4840 4919 5016 5204 5455 5211 5407 5613 5970 6013 6074 6058 5860 5889 5909 3592 3445 3725 3978 4043 4142 3932 3778 3325 2960 2748 2550 2313 1791 1425 1262 1272 1395 551 3063 3083 2967 2750 2812 3011 3146 3358 3573 3757 
5276 4987 4677 4158 3768 3908 4215 4296 4310 4192 3934 3740 3224 2544 2177 1920 726 483 275 171 397 500 723 1102 1536 1833 2543 2966 3305 3731 4099 4377 4746 4996 4873 3107 3165 2978 2690 2517 2184 1946 1852 1663 1556 1462 1380 954 801 480 137 0 328 685 979 1259 1547 1739 1992 2053 2292 2901 2651 2706 2868 2955 2952 4528 4437 4430 4451 4510 4708 4785 4881 5067 5318 5099 5293 5502 5856 5903 5969 5956 5761 5793 5818 3693 3553 3839 4093 4163 4266 4061 3907 3453 3087 2873 2673 2432 1911 1549 1364 1355 1450 483 2964 2975 2852 2632 2689 2887 3014 3227 3437 3621 
5559 5266 4956 4426 4036 4151 4459 4527 4522 4387 4121 3940 3429 2744 2366 2103 875 542 429 499 612 536 617 906 1302 1585 2279 2695 3029 3454 3821 4111 4469 4705 4576 3296 3360 3175 2900 2736 2419 2201 2115 1927 1802 1681 1583 1173 1030 740 462 328 0 357 651 931 1219 1411 1664 1731 1964 2573 2331 2396 2560 2660 2670 4226 4127 4111 4128 4183 4379 4457 4553 4742 4998 4795 4986 5200 5548 5602 5674 5667 5478 5516 5551 3987 3856 4150 4407 4483 4589 4388 4235 3780 3413 3198 2996 2752 2233 1873 1667 1631 1682 542 2686 2677 2542 2319 2369 2565 2686 2898 3110 3296 
5879 5584 5273 4734 4346 4439 4747 4802 4779 4629 4355 4189 3684 3001 2615 2350 1138 789 745 855 918 744 671 782 1088 1342 2001 2405 2731 3154 3519 3822 4166 4387 4250 3511 3581 3400 3139 2985 2684 2489 2409 2224 2084 1943 1834 1449 1319 1060 818 685 357 0 295 579 866 1058 1311 1388 1610 2216 1983 2059 2224 2341 2366 3896 3787 3762 3774 3827 4022 4101 4199 4393 4655 4461 4649 4867 5210 5270 5351 5349 5168 5212 5257 4319 4196 4496 4755 4835 4943 4744 4592 4137 3770 3554 3351 3104 2587 2229 2010 1956 1976 789 2387 2355 2206 1980 2020 2213 2329 2541 2758 2948 
6131 5835 5523 4977 4591 4665 4972 5016 4979 4817 4537 4383 3884 3205 2816 2552 1370 1026 1017 1150 1202 999 860 826 1009 1216 1819 2204 2520 2938 3298 3615 3943 4146 4001 3728 3802 3624 3374 3226 2937 2754 2679 2496 2349 2197 2084 1715 1591 1347 1113 979 651 295 0 286 572 764 1016 1101 1315 1922 1708 1802 1967 2106 2150 3642 3522 3485 3490 3537 3728 3806 3904 4099 4365 4203 4386 4610 4946 5015 5104 5109 4936 4987 5042 4584 4468 4774 5035 5120 5231 5036 4884 4429 4061 3844 3639 3390 2874 2520 2288 2220 2216 1026 2177 2117 1949 1719 1744 1933 2036 2248 2463 2655 
6348 6049 5738 5184 4800 4852 5158 5191 5138 4963 4679 4538 4048 3375 2986 2723 1584 1252 1272 1430 1489 1279 1116 1002 1068 1211 1726 2082 2380 2788 3142 3473 3780 3960 3805 3980 4056 3881 3637 3494 3211 3034 2961 2779 2629 2473 2357 1997 1875 1634 1394 1259 931 579 286 0 288 480 732 815 1033 1650 1482 1605 1769 1938 2009 3440 3303 3247 3238 3275 3453 3527 3622 3813 4078 3993 4168 4400 4726 4806 4907 4920 4758 4818 4887 4816 4710 5023 5288 5379 5495 5307 5156 4700 4331 4111 3905 3652 3139 2789 2541 2457 2428 1252 2042 1944 1750 1517 1515 1695 1765 1977 2179 2369 
6605 6305 5993 5436 5053 5091 5395 5419 5354 5171 4883 4752 4270 3604 3215 2955 1848 1524 1556 1719 1769 1548 1361 1181 1139 1212 1616 1934 2211 2606 2950 3295 3581 3739 3575 4205 4284 4112 3877 3739 3466 3299 3229 3049 2895 2732 2613 2265 2149 1916 1682 1547 1219 866 572 288 0 192 444 546 744 1365 1237 1388 1548 1746 1843 3205 3055 2982 2964 2994 3166 3238 3333 3527 3797 3750 3920 4157 4474 4564 4675 4695 4543 4611 4692 5084 4983 5301 5567 5662 5779 5594 5443 4987 4617 4397 4190 3936 3425 3076 2822 2731 2688 1524 1883 1747 1529 1296 1267 1435 1480 1691 1891 2084 
6772 6471 6160 5599 5219 5246 5549 5567 5495 5305 5015 4891 4414 3753 3366 3109 2023 1705 1744 1911 1960 1733 1537 1329 1232 1261 1580 1866 2123 2506 2842 3195 3464 3606 3434 4365 4445 4275 4045 3911 3643 3481 3413 3234 3078 2911 2792 2450 2335 2107 1874 1739 1411 1058 764 480 192 0 252 377 552 1178 1094 1269 1424 1644 1760 3062 2900 2814 2787 2812 2976 3047 3141 3335 3608 3599 3764 4006 4315 4412 4531 4558 4414 4487 4576 5260 5162 5483 5750 5847 5966 5784 5633 5177 4807 4586 4378 4123 3613 3266 3007 2911 2859 1705 1805 1640 1405 1174 1120 1277 1295 1504 1699 1893 
6991 6689 6378 5814 5435 5450 5751 5761 5680 5482 5190 5075 4606 3952 3567 3312 2256 1945 1991 2163 2211 1981 1776 1542 1391 1370 1574 1809 2036 2397 2719 3084 3327 3444 3262 4584 4665 4498 4274 4142 3880 3724 3658 3480 3322 3152 3031 2696 2584 2359 2127 1992 1664 1311 1016 732 444 252 0 215 301 939 938 1149 1292 1542 1686 2887 2709 2602 2562 2575 2728 2796 2889 3083 3358 3412 3569 3817 4115 4223 4353 4387 4255 4336 4438 5490 5397 5722 5989 6091 6212 6033 5882 5426 5055 4834 4625 4369 3860 3515 3250 3147 3085 1945 1737 1532 1273 1053 958 1089 1056 1263 1446 1642 
6948 6645 6334 5765 5390 5385 5684 5685 5592 5386 5092 4987 4527 3884 3502 3253 2249 1956 2024 2225 2303 2091 1908 1706 1588 1581 1784 2005 2218 2567 2879 3249 3475 3571 3380 4743 4823 4652 4421 4284 4012 3844 3773 3592 3440 3278 3160 2809 2690 2447 2190 2053 1731 1388 1101 815 546 377 215 0 343 977 1091 1321 1456 1720 1876 3003 2808 2675 2611 2602 2716 2770 2846 3016 3267 3513 3660 3916 4198 4320 4462 4505 4383 4471 4583 5468 5386 5719 5990 6101 6228 6063 5915 5457 5085 4861 4649 4388 3886 3549 3264 3145 3060 1956 1929 1707 1437 1227 1104 1209 1092 1288 1399 1568 
7273 6971 6660 6093 5716 5719 6019 6023 5932 5728 5434 5328 4866 4219 3836 3585 2550 2243 2292 2463 2505 2267 2051 1788 1583 1510 1576 1742 1927 2256 2558 2933 3145 3231 3039 4825 4909 4744 4529 4403 4149 4002 3938 3762 3601 3427 3305 2980 2871 2653 2427 2292 1964 1610 1315 1033 744 552 301 343 0 648 776 1025 1146 1426 1601 2661 2465 2335 2280 2283 2427 2495 2589 2788 3072 3170 3318 3573 3857 3977 4119 4163 4044 4134 4250 5780 5692 6018 6287 6390 6512 6334 6184 5727 5357 5135 4926 4669 4161 3816 3549 3444 3374 2243 1658 1409 1128 934 784 871 765 968 1149 1353 
7921 7618 7308 6740 6364 6363 6662 6662 6564 6354 6059 5960 5503 4862 4480 4230 3195 2883 2922 3071 3080 2821 2577 2255 1951 1785 1568 1566 1638 1876 2121 2507 2652 2679 2470 5231 5320 5166 4974 4863 4636 4516 4461 4292 4121 3935 3809 3518 3422 3230 3033 2901 2573 2216 1922 1650 1365 1178 939 977 648 0 592 839 869 1175 1398 2093 1867 1703 1633 1636 1807 1894 2012 2257 2592 2570 2703 2967 3232 3368 3527 3585 3489 3594 3735 6428 6337 6660 6928 7026 7144 6957 6805 6350 5981 5762 5555 5301 4790 4439 4185 4087 4021 2883 1462 1141 858 790 562 468 116 326 659 917 
7831 7532 7220 6667 6283 6328 6632 6656 6588 6399 6109 5985 5506 4841 4453 4193 3065 2729 2725 2813 2762 2479 2207 1837 1469 1257 976 1016 1159 1480 1788 2159 2390 2513 2340 4722 4813 4666 4492 4393 4191 4097 4053 3894 3714 3517 3389 3140 3061 2913 2774 2651 2331 1983 1708 1482 1237 1094 938 1091 776 592 0 269 370 661 858 1969 1821 1779 1808 1897 2183 2307 2460 2748 3117 2513 2686 2920 3243 3326 3438 3463 3322 3399 3500 6292 6176 6479 6738 6814 6916 6700 6545 6095 5732 5522 5323 5083 4563 4199 3993 3929 3911 2729 920 638 352 201 42 251 634 792 1231 1495 
7934 7637 7326 6779 6393 6457 6763 6796 6739 6558 6271 6138 5651 4980 4591 4329 3172 2829 2805 2861 2779 2486 2201 1808 1400 1150 742 746 902 1248 1575 1935 2195 2355 2201 4596 4688 4548 4389 4300 4115 4041 4004 3852 3668 3465 3336 3116 3050 2928 2822 2706 2396 2059 1802 1605 1388 1269 1149 1321 1025 839 269 0 165 401 588 1840 1731 1747 1820 1945 2278 2420 2588 2898 3286 2402 2590 2808 3152 3212 3303 3315 3156 3223 3308 6378 6252 6544 6799 6864 6958 6728 6572 6125 5767 5561 5368 5135 4613 4245 4063 4015 4018 2829 650 386 147 95 285 406 862 987 1451 1716 
8099 7802 7491 6945 6558 6621 6927 6960 6902 6720 6432 6300 5814 5144 4755 4493 3337 2994 2969 3024 2936 2642 2355 1957 1540 1278 789 698 794 1111 1426 1793 2040 2192 2036 4702 4795 4658 4506 4422 4245 4178 4143 3994 3808 3603 3475 3264 3201 3085 2984 2868 2560 2224 1967 1769 1548 1424 1292 1456 1146 869 370 165 0 307 528 1675 1568 1595 1681 1819 2172 2322 2498 2820 3220 2237 2426 2643 2988 3047 3139 3151 2995 3063 3152 6543 6416 6707 6962 7025 7118 6886 6729 6283 5926 5721 5529 5296 4774 4406 4227 4180 4184 2994 593 277 19 253 367 404 870 963 1438 1702 
8218 7924 7613 7076 6687 6771 7078 7120 7075 6902 6617 6475 5983 5307 4918 4654 3472 3125 3081 3102 2983 2682 2387 1973 1530 1240 613 403 500 862 1205 1551 1842 2046 1917 4573 4668 4539 4405 4332 4178 4133 4106 3967 3777 3567 3439 3264 3214 3128 3063 2955 2660 2341 2106 1938 1746 1644 1542 1720 1426 1175 661 401 307 0 231 1578 1530 1632 1767 1941 2336 2500 2690 3030 3444 2154 2359 2553 2922 2950 3014 3008 2829 2882 2950 6646 6508 6787 7036 7087 7171 6924 6766 6326 5974 5776 5589 5365 4843 4472 4320 4291 4316 3125 295 44 321 494 665 708 1171 1245 1723 1984 
8227 7935 7625 7095 6706 6806 7113 7164 7129 6964 6683 6533 6035 5355 4967 4702 3504 3155 3096 3092 2948 2645 2347 1926 1472 1171 473 172 371 788 1152 1465 1800 2049 1947 4411 4507 4383 4261 4196 4057 4027 4006 3873 3682 3469 3343 3192 3153 3089 3052 2952 2670 2366 2150 2009 1843 1760 1686 1876 1601 1398 858 588 528 231 0 1632 1628 1773 1933 2124 2535 2704 2899 3244 3663 2209 2424 2598 2982 2987 3027 3006 2809 2847 2892 6644 6497 6766 7011 7052 7129 6871 6713 6277 5930 5737 5555 5339 4818 4445 4314 4299 4342 3155 65 272 539 671 869 932 1398 1476 1954 2215 
9773 9477 9166 8620 8233 8292 8598 8624 8557 8366 8075 7954 7475 6809 6420 6160 5012 4669 4641 4678 4561 4260 3964 3547 3098 2800 2101 1686 1357 1010 766 949 743 593 377 5923 6021 5914 5823 5774 5660 5646 5630 5502 5309 5096 4970 4825 4783 4706 4638 4528 4226 3896 3642 3440 3205 3062 2887 3003 2661 2093 1969 1840 1675 1578 1632 0 320 703 997 1270 1749 1953 2180 2571 3029 577 793 975 1349 1375 1469 1501 1395 1509 1679 8213 8081 8364 8614 8666 8749 8498 8340 7901 7551 7354 7168 6944 6422 6051 5891 5852 5859 4669 1643 1555 1693 1924 1941 1798 2001 1883 2193 2348 
9651 9353 9041 8488 8104 8146 8449 8467 8389 8190 7897 7785 7313 6654 6267 6009 4885 4547 4532 4592 4497 4200 3908 3499 3060 2770 2101 1713 1412 1137 979 1229 1062 882 641 6001 6098 5984 5876 5817 5685 5654 5631 5495 5304 5093 4966 4794 4743 4645 4553 4437 4127 3787 3522 3303 3055 2900 2709 2808 2465 1867 1821 1731 1568 1530 1628 320 0 386 682 956 1440 1644 1871 2263 2722 705 865 1108 1423 1514 1659 1722 1654 1784 1973 8105 7983 8276 8530 8593 8684 8445 8288 7845 7490 7287 7096 6865 6343 5974 5794 5742 5731 4547 1651 1500 1585 1807 1788 1624 1767 1630 1906 2048 
