5
181
36 0 1 2 3 4 5 6 7 8 9 10 11 12 13 14 15 16 17 18 19 20 21 22 23 24 25 26 27 28 29 30 31 32 33 34 35
47 36 37 38 39 40 41 42 43 44 45 46 1 2 3 4 5 6 7 47 48 49 50 51 52 53 54 55 56 57 58 59 60 61 62 63 64 65 66 67 68 69 70 71 72 73 74 75
48 76 77 78 79 80 81 82 83 84 85 86 46 1 2 3 4 5 6 7 47 48 49 50 51 52 53 54 55 56 57 58 59 60 61 62 63 64 65 66 67 68 69 70 71 72 73 74 75
40 87 88 89 90 91 92 93 94 95 96 97 98 99 100 101 102 103 104 105 106 107 108 109 110 16 17 111 112 113 114 115 116 117 118 119 120 121 122 123 124
70 125 126 127 128 129 130 131 132 133 134 76 135 136 137 138 139 140 141 142 143 144 5 6 7 8 9 145 146 147 148 149 150 54 55 56 57 58 59 60 61 151 152 153 154 155 156 157 158 159 160 161 162 163 164 165 166 167 168 169 170 171 172 173 174 175 176 177 178 179 180
1800 1800 1800 1800 2400 
0 278 620 946 908 1256 1611 1648 1939 2429 3132 3423 3890 4301 4601 4952 4972 4952 4978 5389 6500 6851 7235 7880 8330 8433 8712 8914 8988 8899 8593 8599 8988 9590 9819 10096 3208 2779 2379 2104 1967 1505 1238 987 625 365 20 1890 2046 2279 2304 2504 3078 3369 3306 3433 3569 3801 4006 4272 4610 4899 5053 5119 5170 5268 5403 5604 5783 5914 5936 5929 6013 6061 6135 6136 1375 1166 1027 990 1284 1123 1052 1052 660 562 263 760 867 1224 1413 1902 2100 2234 2547 2850 2987 3126 3321 3455 3759 3905 4128 4282 4462 4667 4937 5185 5127 5091 5027 4978 5133 5314 5254 5239 5234 5268 5307 5165 4977 4902 4776 4486 4419 2131 2478 1981 1864 1580 1550 1317 1134 1030 1152 2096 1891 1832 1579 1348 1154 1158 1229 1443 1199 3076 3061 3056 3092 3197 3120 5068 5124 5388 5551 5765 6372 6379 6784 7279 7190 7244 7346 7092 7124 7350 7678 7961 8115 8217 8469 8680 8884 9253 9489 9829 9790 9745 9715 9779 9958 
278 0 457 848 927 1312 1695 1748 2044 2519 3229 3523 3993 4406 4707 5060 5096 5090 5128 5541 6667 7020 7404 8053 8508 8617 8894 9091 9156 9060 8753 8747 9136 9732 9962 10237 3478 3050 2651 2378 2242 1783 1516 1264 892 599 294 2029 2212 2447 2492 2730 3285 3574 3498 3617 3745 3967 4158 4415 4744 5024 5158 5208 5248 5330 5461 5662 5842 5966 5981 5960 6031 6069 6128 6122 1106 917 808 833 1133 1011 1005 1104 687 705 447 701 911 1242 1376 1889 2077 2213 2543 2828 2983 3151 3377 3502 3778 3923 4163 4325 4498 4711 4988 5244 5208 5180 5131 5128 5294 5497 5447 5437 5441 5483 5528 5390 5199 5111 4987 4701 4642 1904 2274 1772 1658 1361 1365 1165 964 807 905 1818 1618 1574 1331 1089 904 1000 1126 1393 1226 3173 3185 3204 3252 3368 3302 5170 5212 5472 5633 5845 6465 6490 6897 7390 7293 7340 7427 7169 7197 7422 7759 8046 8188 8283 8536 8748 8954 9325 9552 9891 9861 9823 9799 9878 10065 
620 457 0 406 613 1007 1408 1481 1775 2216 2927 3221 3691 4104 4406 4759 4816 4833 4892 5305 6453 6810 7192 7848 8311 8431 8705 8891 8940 8831 8523 8495 8886 9472 9701 9973 3769 3334 2929 2649 2509 2024 1738 1472 1061 743 640 1815 2041 2271 2356 2677 3177 3460 3353 3454 3565 3765 3931 4170 4484 4748 4854 4882 4910 4973 5099 5300 5480 5596 5605 5571 5629 5659 5709 5697 1148 1080 1063 1183 1470 1396 1433 1561 1143 1148 865 321 637 892 962 1484 1660 1796 2136 2407 2574 2766 3021 3137 3383 3528 3782 3952 4117 4336 4621 4882 4871 4852 4826 4892 5075 5320 5288 5292 5317 5375 5436 5309 5111 4992 4874 4600 4563 2071 2485 1987 1883 1571 1641 1500 1287 1052 1073 1677 1411 1281 1009 818 612 546 674 967 888 2871 2921 2979 3048 3183 3140 4861 4885 5140 5297 5505 6141 6191 6597 7086 6980 7017 7087 6825 6846 7071 7416 7708 7837 7925 8178 8391 8598 8971 9189 9526 9506 9474 9458 9556 9753 
946 848 406 0 387 712 1103 1191 1471 1876 2580 2873 3340 3752 4053 4405 4477 4509 4581 4994 6154 6512 6893 7553 8020 8149 8420 8597 8635 8518 8210 8168 8559 9137 9366 9637 3925 3489 3082 2801 2661 2164 1873 1612 1209 927 964 1559 1815 2034 2151 2537 2980 3254 3123 3208 3304 3486 3632 3856 4159 4411 4498 4513 4534 4587 4710 4911 5091 5203 5209 5171 5226 5254 5302 5290 1441 1433 1446 1586 1868 1802 1839 1950 1534 1504 1208 206 459 558 562 1083 1255 1391 1734 2000 2170 2371 2640 2750 2983 3127 3386 3559 3721 3942 4230 4494 4496 4483 4469 4581 4776 5051 5034 5048 5089 5160 5233 5116 4914 4769 4658 4395 4376 2397 2827 2337 2239 1927 2021 1897 1684 1433 1428 1805 1494 1275 995 902 723 299 283 561 568 2525 2602 2690 2774 2922 2899 4502 4515 4767 4921 5128 5771 5835 6241 6727 6615 6647 6708 6443 6463 6687 7036 7330 7452 7536 7790 8003 8210 8585 8798 9135 9118 9090 9077 9185 9387 
908 927 613 387 0 396 795 867 1161 1610 2322 2617 3087 3500 3802 4155 4207 4220 4278 4691 5840 6197 6580 7236 7700 7822 8095 8279 8326 8217 7909 7882 8273 8860 9089 9362 3621 3186 2781 2502 2364 1867 1579 1329 956 741 921 1209 1450 1675 1778 2151 2607 2884 2763 2856 2961 3155 3318 3556 3871 4138 4252 4290 4325 4403 4533 4734 4914 5038 5054 5036 5112 5156 5227 5228 1752 1693 1662 1747 2044 1938 1924 1960 1561 1460 1164 298 86 317 530 995 1195 1328 1639 1942 2078 2228 2449 2574 2858 3004 3237 3398 3572 3783 4060 4316 4285 4261 4224 4278 4462 4714 4688 4696 4729 4795 4864 4743 4543 4407 4293 4026 4001 2685 3098 2599 2494 2183 2241 2076 1867 1653 1685 2183 1878 1662 1382 1281 1094 674 533 579 298 2266 2308 2367 2439 2578 2544 4261 4294 4552 4711 4922 5548 5587 5994 6484 6382 6424 6505 6245 6271 6496 6835 7124 7262 7356 7609 7821 8027 8399 8624 8964 8934 8898 8876 8963 9155 
1256 1312 1007 712 396 0 401 481 770 1214 1927 2221 2691 3105 3406 3760 3811 3826 3887 4301 5454 5811 6193 6851 7316 7442 7714 7895 7938 7827 7519 7488 7879 8465 8694 8967 3638 3211 2815 2544 2411 1928 1657 1438 1135 1013 1266 849 1113 1326 1456 1885 2283 2552 2414 2497 2592 2777 2931 3165 3477 3742 3856 3898 3936 4021 4153 4355 4534 4662 4682 4673 4759 4811 4894 4902 2135 2087 2058 2138 2436 2323 2296 2301 1916 1783 1496 686 400 179 457 726 933 1052 1324 1647 1756 1873 2069 2200 2506 2653 2872 3027 3206 3412 3684 3936 3896 3869 3829 3887 4075 4340 4322 4336 4378 4452 4529 4415 4213 4060 3950 3691 3679 3076 3492 2994 2889 2578 2637 2468 2260 2049 2080 2507 2186 1935 1663 1606 1435 943 716 533 151 1871 1914 1984 2063 2210 2188 3866 3902 4161 4321 4533 5156 5192 5598 6089 5988 6031 6116 5857 5885 6111 6447 6734 6877 6973 7226 7438 7643 8013 8243 8583 8550 8511 8487 8570 8760 
1611 1695 1408 1103 795 401 0 108 369 823 1534 1828 2298 2711 3013 3366 3412 3425 3486 3899 5054 5411 5793 6452 6918 7046 7317 7496 7537 7425 7117 7087 7478 8064 8293 8566 3644 3230 2851 2594 2469 2015 1772 1595 1372 1325 1619 497 785 974 1135 1621 1947 2204 2049 2120 2207 2383 2531 2763 3076 3342 3464 3514 3560 3657 3793 3994 4173 4307 4333 4338 4439 4502 4603 4622 2535 2489 2456 2527 2826 2704 2662 2637 2268 2109 1835 1088 789 545 710 671 845 928 1111 1449 1510 1568 1717 1857 2200 2346 2541 2684 2871 3068 3331 3576 3518 3486 3436 3486 3675 3949 3936 3955 4006 4087 4172 4064 3859 3692 3585 3335 3336 3477 3893 3395 3290 2979 3034 2858 2652 2448 2481 2877 2549 2278 2016 1983 1820 1308 1058 780 535 1478 1512 1587 1672 1826 1817 3475 3519 3780 3943 4156 4770 4797 5204 5696 5598 5644 5737 5482 5513 5739 6069 6354 6504 6606 6858 7069 7273 7642 7878 8218 8179 8136 8108 8183 8370 
1648 1748 1481 1191 867 481 108 0 297 781 1485 1777 2246 2658 2959 3312 3350 3355 3410 3824 4974 5331 5713 6371 6835 6961 7232 7414 7459 7350 7042 7017 7408 7997 8226 8499 3571 3160 2785 2533 2409 1965 1731 1565 1368 1347 1655 390 677 869 1028 1514 1841 2100 1948 2023 2114 2295 2451 2689 3007 3279 3411 3471 3522 3628 3767 3967 4146 4283 4313 4325 4432 4501 4609 4632 2616 2560 2520 2581 2881 2752 2701 2661 2301 2131 1863 1164 852 638 817 763 928 1002 1159 1497 1543 1577 1700 1845 2204 2349 2532 2669 2860 3052 3309 3550 3479 3443 3384 3410 3595 3859 3843 3860 3907 3986 4070 3961 3756 3592 3485 3233 3231 3553 3965 3465 3359 3048 3096 2913 2709 2512 2552 2974 2648 2381 2117 2078 1912 1405 1159 887 623 1429 1443 1502 1582 1732 1718 3424 3476 3739 3903 4117 4725 4742 5148 5642 5547 5598 5697 5444 5477 5703 6029 6312 6468 6573 6824 7035 7238 7606 7846 8187 8143 8097 8067 8134 8318 
1939 2044 1775 1471 1161 770 369 297 0 500 1193 1484 1951 2363 2664 3016 3052 3059 3117 3531 4685 5042 5424 6082 6549 6677 6948 7127 7168 7057 6749 6721 7112 7700 7929 8203 3651 3254 2895 2656 2541 2125 1914 1777 1622 1628 1945 272 539 671 869 1403 1638 1881 1709 1769 1847 2016 2162 2395 2711 2982 3116 3180 3236 3351 3491 3691 3869 4011 4045 4066 4184 4261 4381 4411 2904 2855 2817 2878 3178 3047 2991 2941 2588 2409 2148 1456 1149 913 1044 844 959 995 1059 1387 1389 1368 1442 1594 1980 2122 2283 2411 2606 2790 3039 3275 3192 3153 3089 3117 3306 3583 3574 3597 3654 3741 3833 3731 3525 3344 3241 2999 3012 3845 4259 3760 3654 3344 3393 3210 3006 2809 2847 3234 2903 2623 2366 2345 2186 1667 1411 1107 904 1137 1147 1218 1309 1469 1472 3130 3186 3450 3615 3830 4433 4446 4852 5346 5253 5305 5408 5157 5192 5418 5741 6023 6182 6290 6540 6751 6953 7320 7563 7905 7858 7809 7777 7841 8023 
2429 2519 2216 1876 1610 1214 823 781 500 0 712 1007 1476 1890 2192 2545 2602 2634 2718 3129 4300 4659 5037 5700 6173 6313 6579 6745 6771 6647 6339 6292 6683 7262 7491 7762 4004 3626 3288 3065 2958 2572 2380 2260 2122 2126 2436 672 795 774 1001 1551 1584 1770 1553 1561 1592 1704 1795 1994 2284 2535 2642 2691 2741 2850 2991 3191 3369 3510 3544 3569 3691 3774 3904 3941 3317 3294 3272 3350 3649 3527 3481 3440 3082 2908 2644 1894 1611 1326 1373 994 1008 974 862 1129 1053 939 950 1106 1517 1655 1794 1915 2112 2292 2539 2774 2698 2663 2614 2718 2927 3259 3278 3320 3407 3517 3630 3549 3341 3115 3027 2817 2867 4272 4697 4202 4099 3786 3851 3681 3474 3263 3287 3565 3226 2921 2685 2703 2564 2026 1761 1420 1328 656 747 921 1058 1246 1311 2652 2696 2958 3122 3336 3947 3977 4383 4875 4775 4821 4916 4662 4696 4922 5248 5532 5687 5792 6043 6254 6457 6824 7065 7406 7362 7316 7286 7359 7547 
3132 3229 2927 2580 2322 1927 1534 1485 1193 712 0 294 764 1178 1479 1832 1897 1948 2056 2460 3642 4000 4374 5038 5516 5666 5927 6082 6094 5962 5654 5593 5985 6558 6786 7056 4364 4023 3725 3533 3442 3112 2958 2875 2786 2818 3138 1291 1284 1136 1311 1762 1514 1589 1334 1258 1205 1206 1203 1343 1600 1832 1929 1988 2049 2186 2333 2530 2705 2858 2906 2962 3116 3225 3392 3453 4019 4004 3985 4061 4361 4237 4184 4128 3781 3596 3340 2605 2323 2036 2060 1622 1573 1493 1235 1343 1151 846 541 689 1159 1262 1282 1348 1557 1697 1907 2120 2005 1961 1902 2056 2286 2678 2732 2799 2923 3061 3200 3149 2945 2664 2600 2443 2543 4978 5405 4912 4810 4497 4564 4392 4186 3976 3997 4226 3883 3567 3345 3385 3255 2714 2448 2099 2039 56 330 641 807 984 1136 1940 1994 2259 2426 2641 3240 3264 3671 4162 4063 4112 4217 3967 4006 4231 4550 4830 4994 5106 5356 5565 5766 6131 6381 6723 6669 6618 6584 6649 6835 
3423 3523 3221 2873 2617 2221 1828 1777 1484 1007 294 0 469 883 1185 1538 1606 1670 1793 2191 3375 3732 4103 4768 5248 5403 5661 5811 5816 5680 5372 5305 5696 6267 6495 6765 4536 4209 3928 3747 3662 3353 3212 3140 3067 3106 3429 1570 1537 1367 1518 1919 1579 1600 1345 1233 1138 1071 1002 1095 1324 1543 1635 1700 1770 1923 2074 2268 2440 2600 2655 2728 2898 3020 3205 3277 4311 4298 4279 4356 4655 4530 4476 4414 4070 3882 3629 2900 2617 2330 2349 1900 1838 1749 1466 1525 1310 974 583 683 1117 1192 1137 1163 1373 1483 1667 1864 1724 1673 1608 1793 2034 2456 2529 2607 2750 2901 3051 3015 2815 2511 2459 2332 2455 5271 5699 5206 5104 4791 4858 4687 4480 4270 4292 4504 4161 3841 3625 3670 3544 3002 2736 2386 2333 350 467 723 866 1010 1184 1647 1707 1974 2142 2358 2948 2970 3376 3868 3770 3820 3929 3682 3723 3949 4263 4541 4710 4826 5075 5283 5483 5847 6100 6443 6385 6332 6295 6356 6541 
3890 3993 3691 3340 3087 2691 2298 2246 1951 1476 764 469 0 413 715 1068 1149 1244 1401 1780 2962 3317 3681 4345 4828 4991 5244 5384 5377 5234 4926 4848 5239 5805 6032 6301 4836 4533 4275 4112 4035 3755 3631 3574 3519 3569 3895 2024 1966 1777 1900 2230 1784 1729 1491 1337 1188 1012 815 774 912 1090 1165 1246 1335 1526 1681 1867 2032 2204 2273 2379 2579 2724 2940 3032 4776 4767 4749 4825 5124 4998 4941 4874 4534 4341 4092 3369 3087 2799 2811 2351 2275 2177 1870 1873 1641 1293 877 898 1203 1224 1042 983 1172 1211 1328 1482 1286 1221 1138 1401 1663 2142 2250 2351 2524 2696 2864 2856 2667 2328 2301 2230 2388 5738 6167 5674 5573 5260 5328 5156 4950 4740 4760 4951 4608 4283 4074 4128 4006 3463 3198 2846 2803 820 868 1032 1128 1211 1397 1178 1255 1524 1695 1912 2485 2500 2906 3398 3301 3355 3473 3231 3277 3501 3806 4082 4259 4381 4628 4835 5034 5395 5655 5998 5933 5875 5835 5889 6072 
4301 4406 4104 3752 3500 3105 2711 2658 2363 1890 1178 883 413 0 301 654 758 905 1107 1448 2614 2963 3319 3981 4466 4638 4885 5014 4996 4844 4538 4447 4838 5398 5625 5893 5121 4838 4599 4449 4379 4120 4009 3963 3921 3978 4306 2429 2356 2157 2263 2544 2037 1931 1718 1545 1370 1131 854 660 621 710 752 862 980 1220 1377 1547 1700 1884 1969 2112 2342 2508 2753 2864 5187 5180 5163 5238 5538 5411 5352 5279 4944 4748 4501 3783 3501 3212 3221 2754 2669 2566 2247 2217 1979 1636 1231 1213 1411 1390 1128 997 1137 1091 1111 1200 928 840 726 1107 1385 1918 2062 2183 2384 2572 2755 2773 2599 2235 2233 2219 2404 6149 6579 6087 5986 5673 5742 5570 5364 5154 5174 5348 5005 4678 4474 4533 4414 3871 3606 3254 3216 1234 1261 1381 1448 1491 1673 768 873 1142 1315 1531 2079 2086 2493 2984 2889 2946 3075 2838 2889 3113 3408 3679 3866 3995 4240 4445 4641 4999 5267 5609 5537 5475 5431 5478 5659 
4601 4707 4406 4053 3802 3406 3013 2959 2664 2192 1479 1185 715 301 0 353 498 710 951 1237 2373 2717 3065 3723 4208 4387 4629 4750 4721 4563 4258 4157 4547 5103 5330 5596 5340 5070 4844 4702 4637 4392 4288 4249 4215 4276 4606 2726 2645 2442 2537 2790 2253 2118 1923 1744 1560 1296 996 730 525 469 451 606 759 1044 1197 1346 1483 1677 1776 1950 2201 2383 2649 2774 5487 5481 5464 5540 5839 5712 5652 5576 5242 5045 4799 4084 3802 3514 3520 3049 2959 2853 2529 2481 2242 1903 1508 1473 1613 1570 1273 1108 1203 1096 1031 1050 706 590 426 951 1233 1798 1969 2105 2325 2522 2713 2752 2592 2216 2233 2260 2460 6449 6880 6388 6287 5974 6043 5871 5665 5455 5475 5639 5296 4967 4766 4829 4712 4169 3905 3552 3517 1535 1554 1654 1707 1730 1906 472 620 882 1054 1267 1786 1785 2191 2683 2589 2649 2787 2556 2612 2835 3120 3388 3583 3716 3960 4163 4358 4713 4986 5329 5251 5184 5137 5179 5358 
4952 5060 4759 4405 4155 3760 3366 3312 3016 2545 1832 1538 1068 654 353 0 310 606 872 1049 2112 2444 2778 3429 3915 4102 4337 4446 4404 4238 3934 3819 4208 4758 4984 5250 5606 5350 5138 5006 4945 4715 4619 4587 4561 4626 4957 3075 2987 2780 2866 3090 2528 2367 2192 2010 1821 1544 1238 936 615 346 105 397 597 924 1058 1166 1275 1476 1593 1805 2080 2280 2567 2707 5838 5834 5817 5892 6192 6064 6003 5924 5593 5393 5149 4437 4155 3866 3870 3396 3302 3193 2864 2800 2560 2227 1842 1795 1884 1821 1504 1316 1363 1203 1046 969 552 400 95 872 1134 1716 1916 2066 2303 2509 2707 2769 2627 2244 2283 2356 2570 6801 7232 6741 6640 6327 6396 6224 6018 5808 5827 5981 5638 5307 5110 5177 5061 4519 4254 3902 3870 1888 1901 1985 2026 2031 2200 158 417 625 786 984 1447 1432 1838 2330 2238 2302 2454 2232 2295 2515 2786 3048 3255 3396 3636 3837 4029 4380 4661 5003 4917 4846 4795 4829 5006 
4972 5096 4816 4477 4207 3811 3412 3350 3052 2602 1897 1606 1149 758 498 310 0 298 563 757 1875 2218 2568 3227 3713 3889 4133 4257 4237 4087 3780 3699 4090 4661 4889 5159 5444 5206 5013 4896 4842 4641 4563 4548 4550 4636 4976 3083 2967 2750 2812 2984 2391 2204 2054 1870 1681 1396 1098 786 420 80 356 692 895 1225 1352 1443 1534 1736 1861 2089 2370 2574 2866 3009 5916 5896 5868 5929 6229 6091 6018 5919 5602 5391 5159 4495 4200 3929 3956 3500 3423 3322 3006 2972 2734 2392 1990 1965 2110 2062 1756 1580 1647 1501 1356 1276 854 701 375 563 823 1405 1606 1757 1996 2203 2401 2467 2331 1948 1993 2085 2304 6874 7299 6804 6700 6388 6445 6261 6058 5860 5889 6100 5757 5432 5224 5276 5151 4609 4343 3993 3930 1951 1912 1947 1962 1937 2094 431 712 877 1018 1191 1536 1423 1822 2321 2259 2350 2546 2346 2424 2636 2873 3117 3352 3508 3741 3935 4121 4461 4759 5099 4994 4910 4844 4841 4998 
4952 5090 4833 4509 4220 3826 3425 3355 3059 2634 1948 1670 1244 905 710 606 298 0 266 542 1718 2072 2437 3102 3584 3747 4000 4142 4146 4014 3706 3662 4053 4642 4872 5146 5253 5032 4857 4753 4707 4532 4471 4473 4502 4608 4955 3063 2922 2696 2735 2854 2240 2029 1905 1724 1538 1255 979 685 350 266 653 990 1193 1523 1649 1735 1818 2020 2148 2382 2665 2870 3163 3307 5950 5914 5874 5921 6221 6075 5989 5873 5570 5349 5127 4513 4208 3954 4004 3570 3508 3415 3114 3110 2875 2528 2116 2113 2308 2274 1983 1818 1904 1773 1646 1573 1152 999 673 266 535 1115 1310 1460 1698 1904 2103 2170 2036 1653 1702 1807 2030 6901 7319 6820 6714 6403 6449 6254 6055 5867 5906 6174 5831 5512 5294 5332 5198 4658 4392 4045 3952 2000 1912 1899 1888 1835 1976 729 1010 1164 1296 1455 1718 1531 1912 2407 2372 2484 2714 2534 2621 2826 3034 3261 3518 3686 3911 4100 4279 4609 4920 5258 5137 5041 4964 4927 5066 
4978 5128 4892 4581 4278 3887 3486 3410 3117 2718 2056 1793 1401 1107 951 872 563 266 0 413 1585 1944 2320 2984 3460 3610 3870 4029 4054 3939 3631 3620 4009 4613 4843 5121 5115 4911 4755 4664 4625 4477 4433 4451 4504 4628 4979 3098 2935 2704 2721 2788 2157 1924 1830 1656 1479 1207 972 724 493 531 917 1254 1458 1787 1911 1991 2067 2268 2399 2639 2924 3131 3426 3571 6020 5970 5921 5956 6255 6101 6005 5872 5583 5354 5142 4574 4260 4023 4092 3677 3629 3543 3255 3275 3043 2695 2279 2291 2519 2494 2214 2057 2153 2031 1911 1839 1417 1264 938 0 282 853 1044 1194 1433 1639 1839 1909 1781 1398 1455 1581 1806 6963 7374 6874 6766 6456 6492 6288 6092 5915 5962 6277 5936 5622 5396 5422 5281 4744 4479 4137 4018 2105 1979 1924 1889 1810 1933 993 1274 1417 1541 1688 1885 1643 2001 2485 2473 2602 2860 2698 2792 2989 3171 3383 3658 3835 4053 4236 4409 4728 5051 5386 5251 5146 5057 4991 5112 
5389 5541 5305 4994 4691 4301 3899 3824 3531 3129 2460 2191 1780 1448 1237 1049 757 542 413 0 1184 1541 1913 2578 3056 3213 3470 3622 3642 3525 3218 3210 3598 4206 4435 4713 5421 5238 5099 5021 4988 4857 4823 4848 4910 5038 5390 3511 3344 3113 3124 3166 2529 2281 2210 2041 1869 1605 1383 1137 870 768 1053 1370 1566 1886 1987 2027 2068 2261 2401 2666 2962 3179 3486 3641 6433 6384 6334 6368 6667 6512 6413 6277 5992 5760 5551 4987 4674 4436 4503 4083 4030 3941 3646 3650 3416 3068 2655 2655 2846 2807 2509 2336 2404 2252 2083 1959 1536 1389 1084 413 323 771 1009 1174 1428 1636 1836 1943 1853 1488 1578 1767 1996 7377 7788 7287 7179 6870 6905 6700 6504 6328 6376 6685 6343 6027 5804 5832 5692 5155 4890 4547 4432 2510 2391 2336 2298 2212 2327 1122 1389 1460 1546 1647 1689 1370 1688 2154 2168 2317 2609 2478 2584 2765 2905 3093 3391 3581 3787 3961 4124 4430 4765 5095 4944 4827 4728 4635 4742 
6500 6667 6453 6154 5840 5454 5054 4974 4685 4300 3642 3375 2962 2614 2373 2112 1875 1718 1585 1184 0 358 739 1399 1874 2029 2286 2445 2489 2404 2101 2182 2552 3187 3413 3694 6149 6030 5952 5914 5900 5834 5835 5889 5991 6142 6500 4645 4456 4222 4204 4160 3518 3242 3231 3082 2933 2700 2522 2307 2053 1909 2078 2325 2485 2756 2808 2772 2742 2895 3040 3333 3630 3854 4172 4343 7589 7527 7467 7486 7783 7619 7506 7344 7082 6838 6647 6138 5818 5595 5674 5263 5213 5125 4829 4828 4591 4245 3834 3827 3984 3931 3616 3429 3462 3275 3048 2855 2473 2352 2113 1585 1378 1263 1426 1535 1715 1857 2006 2180 2205 1972 2108 2395 2594 8524 8928 8426 8316 8009 8032 7816 7626 7463 7519 7862 7521 7208 6982 7004 6859 6325 6060 5720 5589 3691 3557 3473 3414 3303 3389 2129 2340 2296 2304 2300 1954 1490 1529 1787 1925 2130 2515 2512 2642 2748 2717 2794 3157 3379 3527 3654 3773 4005 4380 4680 4466 4305 4160 3938 3970 
6851 7020 6810 6512 6197 5811 5411 5331 5042 4659 4000 3732 3317 2963 2717 2444 2218 2072 1944 1541 358 0 384 1041 1516 1675 1928 2086 2136 2062 1763 1882 2239 2880 3103 3384 6423 6319 6254 6225 6215 6162 6170 6229 6337 6493 6851 5000 4808 4574 4553 4495 3855 3575 3573 3428 3282 3053 2880 2666 2410 2256 2403 2634 2784 3040 3080 3028 2982 3123 3266 3560 3852 4075 4392 4566 7946 7883 7822 7838 8135 7969 7853 7687 7430 7184 6995 6495 6174 5953 6032 5621 5571 5482 5185 5180 4943 4597 4187 4177 4323 4266 3948 3757 3782 3588 3349 3143 2776 2663 2439 1944 1736 1583 1723 1815 1969 2088 2216 2398 2448 2249 2389 2685 2874 8881 9283 8781 8671 8364 8386 8168 7978 7817 7874 8221 7880 7566 7340 7362 7218 6684 6419 6079 5946 4049 3915 3830 3769 3654 3737 2451 2648 2583 2574 2549 2128 1665 1618 1780 1951 2162 2556 2592 2725 2804 2721 2757 3131 3359 3484 3594 3695 3900 4282 4569 4336 4163 4004 3741 3746 
7235 7404 7192 6893 6580 6193 5793 5713 5424 5037 4374 4103 3681 3319 3065 2778 2568 2437 2320 1913 739 384 0 665 1147 1324 1565 1708 1752 1683 1387 1541 1884 2527 2747 3027 6764 6672 6615 6591 6584 6538 6549 6610 6721 6877 7235 5383 5192 4958 4937 4874 4235 3955 3956 3812 3666 3437 3262 3043 2779 2610 2730 2940 3078 3315 3342 3272 3210 3335 3475 3769 4054 4274 4588 4764 8328 8266 8206 8222 8519 8353 8237 8070 7813 7567 7379 6877 6557 6334 6411 5996 5942 5851 5551 5537 5299 4955 4548 4532 4662 4599 4277 4082 4095 3893 3642 3422 3074 2969 2766 2320 2118 1960 2089 2172 2309 2413 2527 2711 2777 2602 2743 3043 3225 9264 9666 9164 9054 8748 8770 8552 8362 8201 8258 8597 8256 7941 7716 7741 7597 7063 6798 6457 6328 4424 4295 4212 4152 4038 4121 2773 2953 2864 2838 2790 2300 1852 1723 1777 1976 2186 2581 2658 2790 2839 2702 2695 3074 3304 3404 3494 3576 3749 4136 4407 4156 3971 3798 3493 3471 
7880 8053 7848 7553 7236 6851 6452 6371 6082 5700 5038 4768 4345 3981 3723 3429 3227 3102 2984 2578 1399 1041 665 0 485 690 908 1045 1122 1112 856 1173 1429 2057 2260 2532 7279 7212 7177 7167 7166 7143 7165 7235 7357 7520 7879 6037 5840 5606 5578 5493 4859 4574 4589 4450 4310 4088 3920 3706 3444 3271 3376 3571 3698 3918 3932 3846 3766 3874 4009 4299 4574 4789 5098 5274 8986 8921 8857 8869 9165 8995 8875 8699 8451 8201 8019 7534 7212 6994 7074 6661 6607 6516 6215 6199 5961 5617 5211 5193 5313 5246 4921 4725 4729 4520 4259 4028 3698 3601 3413 2984 2777 2580 2683 2747 2852 2927 3012 3199 3293 3164 3305 3612 3778 9919 10319 9817 9706 9401 9418 9198 9010 8852 8912 9261 8920 8605 8381 8403 8259 7725 7460 7120 6987 5088 4957 4869 4804 4685 4761 3416 3582 3475 3434 3364 2814 2394 2186 2104 2327 2523 2902 3032 3159 3166 2953 2878 3251 3478 3532 3584 3629 3738 4127 4362 4081 3875 3678 3289 3201 
8330 8508 8311 8020 7700 7316 6918 6835 6549 6173 5516 5248 4828 4466 4208 3915 3713 3584 3460 3056 1874 1516 1147 485 0 256 423 586 762 868 729 1176 1303 1869 2044 2297 7619 7571 7554 7555 7560 7555 7586 7665 7798 7968 8328 6497 6295 6061 6025 5921 5291 5004 5030 4896 4762 4546 4388 4181 3924 3756 3862 4053 4178 4392 4401 4309 4224 4325 4456 4744 5013 5226 5531 5707 9451 9380 9313 9319 9614 9442 9316 9133 8893 8640 8463 7998 7674 7461 7546 7138 7087 6997 6698 6684 6446 6102 5695 5678 5799 5731 5406 5209 5211 5001 4738 4503 4178 4084 3898 3460 3246 3018 3104 3153 3237 3291 3357 3542 3653 3558 3698 4007 4160 10380 10776 10274 10163 9858 9872 9647 9461 9309 9371 9737 9395 9082 8856 8875 8729 8196 7932 7593 7453 5566 5428 5333 5264 5140 5209 3901 4065 3952 3907 3830 3259 2853 2619 2481 2710 2896 3259 3414 3537 3522 3273 3161 3523 3744 3770 3797 3817 3882 4265 4472 4173 3955 3744 3299 3160 
8433 8617 8431 8149 7822 7442 7046 6961 6677 6313 5666 5403 4991 4638 4387 4102 3889 3747 3610 3213 2029 1675 1324 690 256 0 284 558 839 1015 936 1399 1482 2006 2164 2403 7625 7592 7588 7599 7609 7620 7661 7747 7892 8070 8431 6616 6406 6173 6129 6003 5379 5090 5128 5001 4873 4666 4521 4326 4083 3929 4053 4255 4386 4608 4622 4535 4454 4559 4692 4981 5253 5466 5773 5949 9575 9497 9424 9424 9717 9541 9410 9218 8987 8730 8561 8121 7794 7590 7683 7284 7239 7152 6859 6855 6617 6272 5862 5851 5986 5923 5600 5405 5413 5207 4948 4718 4385 4286 4089 3610 3385 3119 3187 3225 3290 3328 3379 3562 3686 3616 3755 4064 4207 10497 10889 10387 10274 9972 9979 9750 9566 9420 9487 9878 9538 9228 8998 9011 8861 8331 8068 7732 7581 5714 5566 5459 5383 5253 5315 4095 4268 4164 4125 4054 3496 3082 2860 2734 2962 3150 3514 3666 3790 3777 3529 3416 3777 3998 4021 4045 4061 4117 4499 4698 4395 4175 3961 3501 3346 
8712 8894 8705 8420 8095 7714 7317 7232 6948 6579 5927 5661 5244 4885 4629 4337 4133 4000 3870 3470 2286 1928 1565 908 423 284 0 306 643 878 888 1360 1367 1830 1969 2194 7905 7874 7872 7883 7893 7903 7944 8029 8173 8349 8710 6890 6683 6449 6407 6285 5660 5372 5408 5279 5149 4940 4789 4589 4339 4175 4285 4476 4600 4811 4819 4724 4636 4732 4862 5148 5414 5624 5927 6103 9848 9772 9700 9702 9996 9820 9690 9500 9267 9011 8840 8394 8068 7861 7950 7547 7499 7411 7114 7103 6865 6521 6113 6097 6221 6154 5830 5632 5634 5424 5159 4923 4601 4507 4321 3870 3651 3397 3469 3508 3574 3612 3662 3845 3970 3900 4040 4348 4491 10772 11165 10663 10551 10248 10257 10029 9845 9697 9763 10144 9803 9492 9263 9279 9130 8599 8336 7999 7852 5976 5833 5730 5657 5528 5593 4324 4488 4373 4326 4246 3665 3267 3020 2853 3082 3262 3613 3782 3902 3873 3603 3467 3818 4034 4039 4048 4049 4079 4455 4637 4326 4102 3881 3397 3218 
8914 9091 8891 8597 8279 7895 7496 7414 7127 6745 6082 5811 5384 5014 4750 4446 4257 4142 4029 3622 2445 2086 1708 1045 586 558 306 0 361 636 736 1185 1123 1540 1670 1889 8177 8138 8128 8134 8140 8139 8172 8251 8384 8553 8913 7078 6878 6644 6610 6507 5877 5591 5616 5482 5346 5128 4965 4752 4486 4304 4387 4560 4673 4868 4866 4760 4661 4746 4871 5153 5410 5616 5913 6089 10030 9962 9896 9904 10199 10027 9902 9719 9479 9226 9049 8577 8255 8039 8119 7705 7650 7558 7254 7230 6991 6649 6245 6223 6326 6253 5925 5725 5716 5499 5226 4981 4677 4591 4423 4029 3822 3604 3690 3738 3817 3865 3923 4108 4226 4140 4280 4588 4739 10961 11359 10857 10746 10441 10456 10232 10046 9892 9953 10306 9965 9649 9425 9449 9304 8770 8506 8165 8031 6132 6002 5912 5845 5723 5794 4422 4570 4440 4382 4287 3679 3304 3027 2812 3041 3209 3543 3729 3845 3799 3504 3347 3686 3895 3882 3877 3866 3873 4242 4411 4094 3867 3643 3143 2948 
8988 9156 8940 8635 8326 7938 7537 7459 7168 6771 6094 5816 5377 4996 4721 4404 4237 4146 4054 3642 2489 2136 1752 1122 762 839 643 361 0 298 506 889 770 1186 1330 1564 8373 8318 8292 8286 8287 8265 8286 8355 8472 8629 8987 7133 6945 6711 6689 6614 5978 5695 5705 5563 5419 5189 5008 4778 4494 4289 4338 4487 4587 4762 4749 4630 4521 4592 4712 4987 5235 5435 5725 5900 10072 10015 9957 9975 10272 10105 9988 9817 9565 9317 9131 8623 8305 8077 8144 7716 7651 7555 7243 7202 6962 6624 6226 6194 6271 6191 5860 5658 5636 5413 5130 4877 4595 4519 4374 4054 3865 3699 3806 3868 3968 4033 4106 4292 4397 4283 4424 4731 4893 11011 11416 10915 10805 10498 10522 10305 10115 9952 10007 10320 9977 9657 9440 9473 9334 8797 8532 8188 8071 6145 6033 5961 5904 5791 5873 4367 4496 4348 4277 4167 3533 3187 2879 2615 2841 2995 3309 3513 3622 3560 3246 3069 3396 3599 3573 3558 3537 3530 3896 4058 3740 3511 3286 2782 2587 
8899 9060 8831 8518 8217 7827 7425 7350 7057 6647 5962 5680 5234 4844 4563 4238 4087 4014 3939 3525 2404 2062 1683 1112 868 1015 878 636 298 0 308 598 490 1000 1178 1438 8392 8321 8281 8265 8261 8221 8232 8291 8394 8542 8899 7032 6853 6619 6607 6557 5917 5638 5634 5486 5336 5097 4903 4662 4364 4143 4168 4300 4390 4552 4531 4406 4291 4354 4471 4742 4983 5180 5467 5641 9958 9909 9857 9883 10181 10019 9909 9748 9485 9242 9049 8513 8199 7961 8018 7580 7509 7409 7091 7039 6799 6464 6071 6033 6091 6006 5674 5470 5440 5213 4926 4667 4401 4332 4203 3939 3766 3643 3767 3841 3958 4038 4125 4311 4404 4265 4406 4710 4882 10903 11313 10812 10703 10395 10425 10214 10021 9851 9901 10184 9841 9517 9305 9346 9211 8672 8406 8060 7957 6014 5915 5858 5808 5703 5793 4193 4308 4148 4068 3949 3302 2975 2650 2359 2583 2729 3033 3243 3350 3281 2959 2776 3100 3302 3275 3260 3240 3238 3607 3775 3459 3233 3010 2519 2342 
8593 8753 8523 8210 7909 7519 7117 7042 6749 6339 5654 5372 4926 4538 4258 3934 3780 3706 3631 3218 2101 1763 1387 856 729 936 888 736 506 308 0 472 588 1202 1404 1677 8121 8043 7996 7976 7970 7925 7933 7990 8090 8237 8593 6725 6547 6314 6303 6258 5617 5339 5332 5183 5032 4792 4596 4354 4056 3835 3865 4002 4096 4264 4248 4127 4016 4086 4206 4481 4729 4930 5221 5396 9650 9602 9550 9577 9875 9714 9604 9445 9181 8939 8744 8205 7891 7653 7710 7272 7202 7102 6785 6735 6495 6159 5766 5728 5791 5707 5376 5173 5145 4920 4635 4379 4106 4034 3900 3631 3459 3346 3475 3553 3677 3764 3858 4044 4130 3980 4121 4424 4600 10595 11005 10504 10396 10087 10118 9908 9715 9544 9593 9876 9533 9210 8997 9038 8903 8364 8098 7752 7649 5706 5607 5550 5502 5398 5489 3891 4010 3855 3779 3666 3028 2688 2374 2110 2338 2495 2818 3014 3126 3072 2770 2611 2952 3162 3157 3161 3161 3195 3573 3765 3460 3239 3024 2571 2432 
8599 8747 8495 8168 7882 7488 7087 7017 6721 6292 5593 5305 4848 4447 4157 3819 3699 3662 3620 3210 2182 1882 1541 1173 1176 1399 1360 1185 889 598 472 0 391 1005 1233 1514 8302 8201 8132 8097 8083 8009 8000 8042 8118 8248 8600 6717 6555 6324 6330 6327 5684 5413 5384 5226 5065 4811 4593 4331 4011 3761 3741 3841 3915 4052 4020 3884 3759 3810 3921 4185 4419 4611 4893 5066 9609 9576 9535 9576 9875 9722 9624 9482 9202 8968 8762 8175 7869 7615 7654 7199 7116 7010 6684 6610 6371 6043 5661 5611 5636 5544 5211 5006 4961 4729 4434 4168 3930 3873 3775 3620 3480 3446 3601 3697 3847 3954 4067 4252 4318 4131 4271 4566 4756 10562 10981 10482 10376 10065 10108 9908 9711 9528 9568 9796 9452 9124 8921 8975 8849 8307 8041 7691 7613 5647 5574 5543 5509 5419 5524 3758 3847 3668 3575 3440 2775 2486 2133 1797 2015 2150 2442 2659 2763 2687 2361 2179 2508 2713 2697 2694 2690 2723 3102 3299 2997 2779 2567 2136 2030 
8988 9136 8886 8559 8273 7879 7478 7408 7112 6683 5985 5696 5239 4838 4547 4208 4090 4053 4009 3598 2552 2239 1884 1429 1303 1482 1367 1123 770 490 588 391 0 643 863 1144 8648 8555 8494 8463 8451 8385 8380 8424 8504 8636 8989 7107 6943 6712 6716 6705 6063 5790 5766 5609 5449 5197 4981 4721 4402 4153 4129 4225 4294 4424 4387 4246 4116 4159 4266 4524 4748 4935 5210 5381 10000 9967 9925 9965 10265 10111 10011 9867 9589 9354 9149 8566 8260 8006 8045 7590 7506 7401 7073 6998 6758 6432 6051 5999 6020 5925 5593 5387 5338 5105 4808 4540 4311 4257 4163 4009 3865 3815 3962 4053 4193 4293 4397 4583 4658 4485 4625 4924 5109 10953 11372 10873 10767 10456 10498 10297 10100 9919 9959 10186 9843 9514 9312 9367 9240 8699 8433 8083 8005 6038 5965 5933 5897 5806 5909 4146 4231 4047 3950 3810 3137 2865 2503 2140 2351 2470 2733 2967 3063 2967 2618 2405 2705 2895 2847 2816 2783 2763 3127 3288 2971 2744 2520 2030 1864 
9590 9732 9472 9137 8860 8465 8064 7997 7700 7262 6558 6267 5805 5398 5103 4758 4661 4642 4613 4206 3187 2880 2527 2057 1869 2006 1830 1540 1186 1000 1202 1005 643 0 229 509 9291 9198 9134 9101 9088 9015 9005 9044 9116 9241 9591 7704 7548 7318 7329 7332 6689 6419 6388 6229 6066 5810 5585 5318 4989 4726 4674 4742 4795 4896 4845 4690 4548 4568 4663 4903 5105 5278 5534 5700 10577 10553 10517 10563 10863 10713 10619 10482 10197 9966 9756 9151 8849 8588 8616 8152 8060 7951 7618 7527 7288 6969 6597 6537 6529 6428 6096 5891 5827 5590 5287 5012 4816 4775 4707 4613 4481 4451 4602 4694 4837 4936 5040 5226 5302 5128 5267 5565 5751 11534 11957 11460 11355 11043 11091 10896 10697 10509 10545 10739 10396 10064 9868 9932 9811 9268 9003 8651 8587 6612 6553 6533 6503 6418 6525 4684 4747 4546 4435 4279 3593 3372 2988 2570 2759 2841 3041 3300 3378 3248 2864 2605 2843 3000 2899 2821 2742 2634 2959 3058 2727 2494 2261 1705 1452 
9819 9962 9701 9366 9089 8694 8293 8226 7929 7491 6786 6495 6032 5625 5330 4984 4889 4872 4843 4435 3413 3103 2747 2260 2044 2164 1969 1670 1330 1178 1404 1233 863 229 0 281 9509 9419 9358 9326 9313 9242 9233 9273 9346 9471 9821 7934 7778 7548 7559 7560 6917 6646 6617 6458 6295 6039 5815 5548 5219 4955 4900 4965 5015 5111 5058 4900 4756 4772 4864 5101 5297 5466 5717 5882 10806 10782 10746 10793 11092 10942 10848 10711 10427 10195 9986 9380 9079 8816 8844 8379 8286 8177 7843 7750 7511 7193 6822 6761 6749 6647 6316 6110 6044 5807 5503 5227 5036 4997 4932 4843 4710 4676 4826 4916 5056 5153 5254 5440 5518 5349 5489 5788 5972 11763 12186 11689 11584 11272 11321 11125 10926 10739 10774 10965 10622 10289 10094 10159 10038 9496 9231 8879 8816 6841 6782 6763 6733 6647 6755 4910 4969 4765 4653 4494 3807 3594 3208 2783 2967 3042 3228 3491 3566 3428 3038 2771 2990 3137 3021 2930 2836 2700 3007 3081 2749 2516 2283 1712 1425 
10096 10237 9973 9637 9362 8967 8566 8499 8203 7762 7056 6765 6301 5893 5596 5250 5159 5146 5121 4713 3694 3384 3027 2532 2297 2403 2194 1889 1564 1438 1677 1514 1144 509 281 0 9788 9699 9639 9607 9595 9524 9514 9553 9624 9747 10097 8209 8055 7825 7837 7841 7198 6928 6897 6738 6575 6318 6092 5823 5493 5226 5164 5222 5268 5356 5298 5137 4990 4998 5087 5317 5505 5669 5914 6076 11076 11054 11020 11068 11368 11219 11126 10990 10704 10474 10263 9652 9352 9088 9113 8645 8551 8440 8105 8007 7770 7453 7085 7022 7002 6898 6568 6362 6292 6053 5748 5471 5290 5254 5196 5121 4990 4958 5107 5197 5336 5432 5531 5717 5797 5630 5770 6069 6253 12034 12458 11961 11857 11545 11595 11400 11201 11012 11047 11228 10885 10552 10359 10426 10307 9765 9499 9147 9088 7111 7056 7039 7010 6926 7034 5172 5226 5018 4902 4739 4050 3852 3461 3026 3203 3268 3434 3702 3771 3623 3227 2949 3144 3277 3144 3036 2926 2757 3039 3082 2751 2521 2291 1711 1390 
3208 3478 3769 3925 3621 3638 3644 3571 3651 4004 4364 4536 4836 5121 5340 5606 5444 5253 5115 5421 6149 6423 6764 7279 7619 7625 7905 8177 8373 8392 8121 8302 8648 9291 9509 9788 0 435 843 1124 1264 1760 2051 2313 2722 3031 3189 3387 3209 3269 3065 2617 3087 3241 3417 3598 3785 4062 4368 4673 5026 5365 5708 5945 6093 6339 6497 6668 6818 7005 7090 7214 7414 7549 7741 7812 4469 4182 3969 3751 3896 3666 3415 3040 3175 2928 3059 3724 3534 3769 4073 4301 4488 4572 4707 5038 5030 4942 4853 5017 5476 5599 5646 5697 5907 6014 6163 6309 6041 5931 5701 5115 5098 4914 4725 4614 4455 4357 4268 4081 3991 4177 4040 3757 3554 4890 5039 4660 4553 4393 4214 3918 3877 3985 4167 5271 5095 5035 4774 4554 4356 4214 4148 4143 3728 4330 4074 3824 3709 3634 3450 5762 5960 6216 6385 6589 6969 6759 7106 7575 7583 7718 7967 7785 7867 8076 8284 8498 8770 8940 9163 9350 9524 9843 10166 10501 10363 10249 10148 10025 10096 
2779 3050 3334 3489 3186 3211 3230 3160 3254 3626 4023 4209 4533 4838 5070 5350 5206 5032 4911 5238 6030 6319 6672 7212 7571 7592 7874 8138 8318 8321 8043 8201 8555 9198 9419 9699 435 0 407 688 828 1324 1615 1877 2287 2596 2760 2994 2831 2908 2714 2303 2822 3004 3158 3342 3530 3813 4117 4426 4786 5126 5454 5676 5815 6049 6207 6383 6538 6721 6800 6912 7102 7229 7411 7476 4056 3773 3563 3354 3513 3282 3034 2664 2773 2518 2636 3288 3100 3339 3643 3881 4071 4159 4305 4638 4639 4566 4497 4662 5114 5241 5304 5365 5575 5692 5856 6014 5764 5660 5445 4911 4916 4779 4604 4504 4365 4285 4215 4030 3920 4070 3930 3635 3446 4511 4680 4285 4175 4003 3833 3536 3483 3579 3758 4850 4668 4603 4340 4123 3924 3779 3713 3712 3298 3985 3743 3509 3405 3346 3166 5505 5690 5950 6121 6330 6740 6553 6911 7389 7385 7511 7745 7553 7630 7843 8066 8291 8550 8713 8942 9132 9311 9638 9952 10290 10163 10057 9964 9864 9950 
2379 2651 2929 3082 2781 2815 2851 2785 2895 3288 3725 3928 4275 4599 4844 5138 5013 4857 4755 5099 5952 6254 6615 7177 7554 7588 7872 8128 8292 8281 7996 8132 8494 9134 9358 9639 843 407 0 281 421 917 1208 1470 1880 2189 2360 2642 2499 2596 2415 2054 2622 2831 2959 3143 3332 3617 3916 4228 4593 4933 5243 5448 5579 5799 5956 6137 6297 6476 6549 6647 6826 6946 7118 7176 3672 3395 3189 2990 3164 2932 2689 2329 2405 2142 2244 2881 2695 2940 3243 3495 3687 3779 3938 4273 4284 4227 4182 4346 4791 4922 5001 5073 5283 5410 5588 5758 5528 5431 5231 4755 4782 4691 4531 4443 4324 4263 4211 4030 3902 4016 3875 3572 3399 4163 4354 3943 3831 3645 3486 3189 3123 3204 3380 4458 4269 4200 3936 3720 3520 3371 3307 3311 2899 3685 3460 3244 3153 3113 2939 5290 5462 5726 5898 6109 6550 6386 6755 7240 7224 7341 7559 7358 7429 7645 7884 8118 8365 8521 8754 8949 9132 9466 9771 10111 9995 9897 9812 9734 9833 
2104 2378 2649 2801 2502 2544 2594 2533 2656 3065 3533 3747 4112 4449 4702 5006 4896 4753 4664 5021 5914 6225 6591 7167 7555 7599 7883 8134 8286 8265 7976 8097 8463 9101 9326 9607 1124 688 281 0 140 636 927 1189 1598 1909 2086 2410 2284 2398 2229 1915 2513 2741 2848 3030 3218 3503 3798 4109 4476 4815 5112 5304 5428 5638 5794 5978 6141 6316 6384 6474 6645 6758 6922 6976 3410 3138 2936 2745 2932 2700 2462 2112 2159 1889 1977 2600 2416 2666 2968 3231 3426 3520 3689 4026 4045 4001 3974 4138 4577 4710 4802 4881 5090 5226 5413 5592 5377 5285 5098 4664 4707 4650 4502 4423 4319 4271 4232 4054 3915 4003 3861 3555 3394 3930 4137 3715 3601 3405 3254 2958 2882 2950 3123 4189 3995 3921 3656 3443 3242 3090 3027 3036 2625 3491 3280 3080 3000 2975 2807 5156 5317 5583 5756 5969 6430 6285 6660 7149 7125 7235 7442 7233 7301 7520 7769 8009 8247 8398 8634 8831 9017 9356 9655 9995 9887 9795 9716 9654 9763 
1967 2242 2509 2661 2364 2411 2469 2409 2541 2958 3442 3662 4035 4379 4637 4945 4842 4707 4625 4988 5900 6215 6584 7166 7560 7609 7893 8140 8287 8261 7970 8083 8451 9088 9313 9595 1264 828 421 140 0 497 787 1049 1458 1769 1949 2298 2183 2306 2144 1858 2469 2706 2802 2982 3169 3454 3745 4056 4424 4762 5051 5237 5357 5561 5716 5903 6066 6240 6306 6390 6557 6667 6827 6878 3281 3012 2812 2626 2819 2588 2353 2010 2040 1767 1846 2460 2277 2530 2832 3101 3297 3393 3567 3904 3928 3892 3874 4038 4472 4607 4706 4789 4997 5137 5330 5513 5306 5218 5037 4625 4677 4637 4495 4420 4323 4282 4249 4074 3930 4004 3863 3555 3401 3816 4032 3603 3489 3287 3142 2846 2765 2825 2997 4055 3859 3783 3517 3305 3104 2950 2888 2899 2489 3398 3196 3005 2931 2914 2750 5094 5249 5517 5690 5903 6375 6239 6617 7107 7079 7186 7387 7175 7241 7460 7715 7958 8192 8340 8577 8775 8963 9304 9599 9941 9836 9747 9671 9617 9730 
1505 1783 2024 2164 1867 1928 2015 1965 2125 2572 3112 3353 3755 4120 4392 4715 4641 4532 4477 4857 5834 6162 6538 7143 7555 7620 7903 8139 8265 8221 7925 8009 8385 9015 9242 9524 1760 1324 917 636 497 0 291 554 966 1281 1489 1901 1830 1986 1857 1690 2331 2596 2648 2820 2999 3279 3555 3862 4229 4561 4821 4983 5089 5273 5425 5616 5785 5951 6008 6074 6226 6325 6470 6512 2852 2599 2411 2253 2475 2248 2033 1728 1674 1389 1415 1964 1781 2041 2341 2630 2829 2931 3124 3462 3502 3491 3509 3670 4089 4228 4350 4448 4653 4808 5018 5217 5039 4961 4804 4477 4557 4578 4459 4401 4331 4314 4304 4138 3977 4003 3864 3556 3428 3457 3711 3258 3141 2914 2794 2504 2397 2422 2584 3602 3392 3302 3033 2827 2624 2455 2391 2408 2000 3065 2896 2739 2689 2703 2555 4858 4993 5263 5436 5652 6159 6055 6443 6939 6895 6991 7169 6946 7005 7227 7500 7754 7971 8109 8351 8553 8745 9094 9377 9719 9629 9550 9485 9459 9589 
1238 1516 1738 1873 1579 1657 1772 1731 1914 2380 2958 3212 3631 4009 4288 4619 4563 4471 4433 4823 5835 6170 6549 7165 7586 7661 7944 8172 8286 8232 7933 8000 8380 9005 9233 9514 2051 1615 1208 927 787 291 0 265 677 995 1222 1708 1675 1854 1753 1675 2317 2594 2618 2782 2955 3227 3492 3793 4158 4484 4725 4870 4966 5136 5286 5480 5651 5812 5864 5918 6059 6151 6285 6321 2601 2359 2181 2043 2283 2063 1865 1594 1479 1193 1174 1673 1494 1762 2061 2368 2570 2676 2884 3222 3273 3282 3327 3486 3892 4032 4171 4278 4482 4645 4866 5075 4917 4847 4706 4433 4530 4589 4483 4436 4382 4378 4382 4221 4052 4051 3914 3609 3496 3249 3525 3059 2941 2701 2598 2313 2191 2190 2345 3333 3115 3017 2747 2545 2341 2164 2101 2126 1722 2909 2764 2634 2601 2635 2501 4758 4879 5150 5322 5539 6066 5984 6377 6874 6822 6909 7074 6844 6898 7122 7406 7667 7871 8003 8248 8452 8647 9000 9275 9617 9537 9464 9405 9397 9537 
