6
164
23 0 1 2 3 4 5 6 7 8 9 10 11 12 13 14 15 16 17 18 19 20 21 22
39 23 24 25 26 27 28 29 30 31 32 33 34 35 36 37 38 39 40 41 42 43 44 45 46 47 48 49 50 51 52 53 54 55 56 57 58 59 60 61
29 62 63 19 20 21 22 64 65 66 67 68 69 70 71 72 73 74 75 76 77 78 79 80 81 82 83 84 85 86
48 87 88 89 90 91 92 93 94 95 96 97 98 99 100 101 102 103 104 105 53 54 55 56 106 107 108 109 110 111 112 113 114 115 116 117 118 119 120 121 122 123 67 68 124 125 126 127 128
47 129 130 131 132 133 134 135 136 137 138 98 99 100 101 102 103 104 105 53 54 55 56 106 107 108 109 110 111 112 113 114 115 116 117 118 119 120 121 122 123 67 68 124 125 126 127 128
35 139 140 141 142 143 144 145 146 147 148 149 150 151 152 153 154 41 155 43 44 45 46 47 48 49 50 51 156 157 158 159 160 161 162 163
1800 1200 900 600 600 900 
0 308 408 901 1189 1461 1657 1579 1864 1996 2202 2325 2323 2538 2605 2769 2914 2757 2696 3300 3324 3384 3535 1180 1459 1697 1842 2136 2362 2652 2653 2528 2464 2409 2378 2358 2688 2987 2892 2818 2719 3552 3901 3973 4051 4302 4582 4861 5259 5693 5985 6681 7078 7032 6853 6619 6607 6771 6723 6915 6922 6996 3960 3525 3706 3975 4183 4354 4471 4719 4970 5299 5578 5646 5511 5337 5222 5255 5321 5266 5175 5125 5102 5340 5494 5696 5578 9958 9909 9857 9883 10181 10019 9909 9748 9485 9242 9049 8899 9060 8831 8518 8217 7827 7425 7350 6557 5917 5638 5634 5486 5336 5097 4903 4662 4364 4143 4168 4300 4390 4552 4531 4406 4291 4742 4983 5180 5467 5641 8392 8321 8281 8265 8261 8221 8232 8291 8394 8542 1475 1187 943 488 610 251 57 293 613 862 1009 858 1141 1746 2129 2385 3901 7093 7422 7845 8209 8511 8855 9060 8908 
308 0 107 668 964 1275 1436 1333 1590 1709 1918 2053 2065 2279 2329 2484 2626 2457 2391 2992 3018 3082 3239 1073 1329 1623 1807 2098 2327 2578 2560 2386 2283 2205 2153 2109 2411 2700 2591 2512 2411 3244 3593 3665 3745 3997 4276 4554 4952 5385 5677 6373 6770 6725 6547 6314 6303 6467 6424 6617 6630 6709 3652 3218 3419 3699 3912 4086 4206 4451 4700 5021 5297 5359 5218 5039 4919 4950 5014 4958 4867 4818 4796 5035 5191 5395 5283 9650 9602 9550 9577 9875 9714 9604 9445 9181 8939 8744 8593 8753 8523 8210 7909 7519 7117 7042 6258 5617 5339 5332 5183 5032 4792 4596 4354 4056 3835 3865 4002 4096 4264 4248 4127 4016 4481 4729 4930 5221 5396 8121 8043 7996 7976 7970 7925 7933 7990 8090 8237 1712 1412 1136 578 477 57 365 501 718 878 931 711 877 1448 1829 2082 3593 6785 7114 7537 7901 8202 8547 8753 8602 
408 107 0 574 869 1189 1340 1231 1484 1602 1811 1947 1961 2175 2222 2377 2519 2351 2288 2894 2927 2995 3158 1098 1341 1652 1848 2137 2367 2603 2579 2387 2267 2179 2117 2060 2345 2625 2505 2421 2314 3144 3493 3567 3651 3907 4184 4461 4857 5289 5580 6275 6670 6624 6444 6211 6199 6363 6318 6511 6523 6602 3551 3117 3345 3631 3847 4024 4145 4388 4635 4952 5226 5284 5137 4955 4831 4859 4919 4862 4768 4717 4693 4931 5086 5290 5177 9550 9501 9448 9474 9772 9610 9500 9340 9077 8834 8641 8490 8651 8423 8110 7809 7419 7017 6941 6152 5512 5233 5227 5079 4928 4689 4494 4254 3958 3741 3776 3918 4016 4188 4175 4058 3950 4422 4674 4876 5170 5345 8014 7936 7889 7869 7863 7819 7827 7885 7986 8134 1816 1516 1236 669 513 159 465 568 742 866 885 646 773 1342 1723 1977 3493 6686 7014 7437 7801 8103 8447 8651 8499 
901 668 574 0 295 625 768 678 985 1143 1338 1437 1423 1639 1722 1903 2052 1949 1931 2599 2706 2818 3030 1564 1761 2116 2342 2620 2848 3037 2991 2735 2550 2417 2307 2183 2348 2564 2355 2216 2040 2824 3170 3272 3403 3688 3946 4207 4584 4998 5280 5955 6333 6263 6067 5833 5806 5961 5886 6073 6058 6124 3215 2796 3266 3599 3832 4020 4151 4379 4612 4895 5153 5180 4993 4783 4620 4621 4647 4574 4445 4371 4327 4542 4686 4877 4727 9211 9146 9083 9096 9392 9223 9103 8928 8679 8430 8247 8107 8280 8074 7777 7461 7076 6676 6595 5722 5087 4803 4817 4678 4538 4314 4144 3928 3661 3481 3574 3759 3881 4091 4099 4006 3920 4439 4709 4922 5227 5404 7496 7432 7401 7392 7393 7370 7393 7463 7585 7748 2369 2073 1803 1243 1038 703 945 891 826 729 548 278 272 953 1339 1604 3170 6356 6676 7094 7454 7770 8096 8279 8117 
1189 964 869 295 0 357 472 404 752 937 1115 1183 1149 1365 1471 1668 1821 1760 1772 2465 2612 2748 2983 1819 1995 2363 2599 2872 3097 3264 3209 2927 2714 2563 2433 2280 2382 2560 2308 2142 1930 2672 3013 3130 3286 3585 3831 4081 4445 4848 5124 5787 6154 6072 5869 5635 5599 5748 5658 5841 5813 5871 3050 2644 3242 3596 3835 4028 4163 4382 4606 4869 5118 5129 4922 4697 4515 4501 4509 4427 4280 4193 4139 4340 4478 4661 4492 9027 8955 8886 8893 9187 9015 8889 8707 8466 8213 8036 7902 8081 7886 7597 7275 6893 6495 6411 5495 4865 4578 4604 4470 4336 4121 3966 3763 3514 3356 3481 3687 3821 4049 4069 3989 3915 4455 4733 4949 5259 5436 7223 7166 7142 7140 7143 7132 7162 7239 7371 7541 2661 2367 2099 1538 1319 998 1230 1148 1019 841 577 414 228 818 1182 1444 3013 6181 6496 6911 7268 7591 7908 8079 7912 
1461 1275 1189 625 357 0 280 400 768 981 1109 1104 1011 1217 1385 1610 1764 1784 1841 2553 2748 2907 3164 2175 2352 2721 2955 3229 3454 3621 3565 3276 3053 2895 2755 2587 2644 2788 2498 2306 2058 2731 3060 3197 3385 3698 3927 4162 4507 4893 5158 5802 6151 6050 5835 5602 5552 5692 5573 5750 5693 5737 3087 2704 3445 3817 4060 4256 4395 4604 4818 5062 5300 5294 5065 4825 4621 4588 4572 4479 4306 4201 4130 4307 4433 4602 4398 9012 8927 8850 8845 9138 8959 8825 8629 8402 8144 7978 7853 8043 7866 7591 7259 6882 6488 6401 5414 4793 4504 4549 4425 4302 4105 3973 3793 3572 3445 3607 3837 3983 4229 4260 4194 4131 4688 4972 5191 5504 5680 7035 6997 6992 7002 7012 7025 7068 7158 7309 7491 2935 2649 2396 1853 1663 1302 1496 1363 1155 902 604 609 571 979 1280 1523 3060 6185 6491 6900 7252 7585 7887 8040 7864 
1657 1436 1340 768 472 280 0 213 516 730 839 823 735 945 1105 1330 1483 1514 1584 2297 2510 2681 2949 2240 2388 2769 3017 3281 3502 3638 3570 3253 3005 2831 2675 2486 2491 2606 2292 2086 1822 2466 2791 2933 3131 3448 3670 3900 4240 4622 4885 5525 5873 5770 5555 5322 5271 5412 5295 5473 5421 5467 2815 2439 3242 3624 3869 4067 4208 4409 4617 4848 5079 5063 4825 4579 4366 4328 4305 4209 4032 3924 3852 4026 4153 4322 4121 8732 8647 8570 8565 8857 8679 8545 8351 8123 7865 7698 7573 7762 7586 7312 6979 6603 6208 6121 5135 4514 4225 4269 4145 4022 3825 3696 3520 3304 3187 3363 3602 3754 4009 4047 3989 3935 4502 4790 5011 5326 5501 6783 6738 6727 6734 6742 6750 6791 6879 7029 7211 3131 2838 2571 2009 1774 1471 1696 1592 1412 1173 876 834 610 790 1043 1273 2791 5907 6212 6621 6972 7306 7607 7759 7584 
1579 1333 1231 678 404 400 213 0 379 587 737 781 746 962 1070 1274 1427 1404 1447 2156 2347 2508 2768 2067 2202 2587 2841 3099 3318 3442 3371 3047 2795 2619 2462 2272 2283 2407 2104 1907 1657 2341 2675 2806 2988 3299 3530 3768 4119 4510 4779 5432 5789 5698 5490 5256 5214 5360 5262 5444 5410 5467 2705 2314 3053 3430 3674 3871 4011 4216 4427 4666 4902 4893 4664 4425 4223 4194 4183 4094 3930 3833 3770 3960 4093 4272 4093 8657 8579 8507 8509 8803 8628 8500 8313 8077 7822 7649 7517 7701 7513 7231 6904 6524 6128 6043 5100 4472 4184 4216 4085 3956 3748 3605 3415 3183 3049 3207 3436 3583 3831 3864 3801 3743 4306 4592 4812 5127 5302 6821 6762 6738 6736 6739 6732 6764 6844 6982 7157 3043 2745 2467 1893 1631 1373 1624 1552 1415 1211 923 814 465 589 880 1126 2675 5820 6130 6542 6897 7225 7535 7698 7528 
1864 1590 1484 985 752 768 516 379 0 214 363 462 512 709 740 919 1070 1024 1073 1785 1995 2168 2442 2164 2253 2646 2914 3152 3361 3440 3354 2994 2708 2512 2335 2116 2049 2128 1793 1578 1307 1964 2296 2429 2618 2934 3159 3393 3741 4131 4400 5053 5412 5324 5118 4884 4846 4995 4907 5092 5073 5139 2326 1937 2742 3131 3378 3577 3719 3914 4116 4339 4567 4549 4309 4064 3854 3820 3805 3715 3551 3454 3394 3588 3725 3908 3745 8281 8206 8136 8140 8435 8262 8136 7955 7713 7460 7284 7149 7330 7139 6854 6529 6148 5751 5666 4744 4113 3827 3851 3717 3584 3373 3226 3035 2805 2677 2847 3086 3240 3498 3539 3487 3439 4014 4305 4527 4844 5018 6530 6456 6419 6408 6408 6387 6413 6488 6619 6789 3297 2994 2703 2118 1810 1638 1914 1876 1771 1583 1300 1167 725 372 529 758 2296 5442 5753 6166 6522 6848 7160 7328 7160 
1996 1709 1602 1143 937 981 730 587 214 0 211 406 536 691 638 774 918 823 860 1571 1781 1958 2236 2182 2245 2638 2911 3137 3340 3392 3298 2920 2618 2414 2226 1994 1886 1942 1594 1373 1095 1754 2088 2218 2404 2719 2945 3181 3531 3924 4195 4853 5216 5134 4933 4699 4666 4819 4743 4931 4926 5000 2120 1727 2541 2935 3182 3381 3525 3716 3914 4132 4357 4336 4095 3849 3639 3607 3595 3507 3348 3257 3201 3404 3545 3734 3588 8089 8018 7950 7959 8254 8083 7961 7785 7538 7287 7106 6968 7146 6948 6660 6337 5955 5557 5474 4579 3944 3660 3675 3538 3401 3184 3029 2832 2596 2463 2632 2873 3028 3289 3332 3284 3240 3819 4112 4334 4651 4825 6421 6335 6286 6268 6264 6232 6251 6320 6443 6609 3400 3095 2797 2212 1881 1760 2047 2032 1950 1776 1499 1348 873 321 322 543 2088 5245 5559 5973 6330 6654 6970 7144 6978 
2202 1918 1811 1338 1115 1109 839 737 363 211 0 235 414 520 429 567 714 675 760 1471 1721 1917 2210 2383 2437 2829 3104 3324 3523 3562 3462 3074 2760 2549 2354 2111 1955 1971 1595 1356 1052 1628 1952 2095 2304 2628 2839 3064 3401 3784 4049 4696 5052 4962 4755 4521 4483 4633 4548 4734 4723 4794 1977 1602 2529 2933 3181 3382 3526 3706 3895 4094 4309 4275 4018 3762 3537 3493 3466 3370 3197 3096 3033 3225 3362 3546 3389 7920 7844 7773 7777 8072 7899 7774 7593 7351 7098 6921 6786 6967 6777 6494 6167 5787 5390 5305 4385 3752 3466 3488 3354 3221 3011 2868 2684 2465 2355 2552 2809 2973 3247 3300 3263 3231 3820 4115 4339 4657 4829 6209 6125 6078 6062 6060 6032 6054 6127 6256 6426 3611 3307 3009 2423 2092 1968 2253 2230 2133 1945 1660 1529 1072 523 364 485 1952 5083 5393 5805 6160 6488 6798 6965 6797 
2325 2053 1947 1437 1183 1104 823 781 462 406 235 0 201 287 288 506 660 755 895 1584 1870 2080 2382 2587 2652 3045 3318 3543 3745 3791 3694 3308 2996 2785 2590 2345 2179 2178 1790 1543 1226 1708 2013 2173 2407 2738 2932 3141 3461 3827 4082 4711 5053 4947 4731 4498 4448 4590 4483 4663 4629 4689 2026 1682 2710 3119 3367 3568 3713 3885 4066 4250 4456 4410 4139 3873 3632 3572 3525 3421 3227 3110 3032 3203 3329 3501 3312 7909 7823 7746 7742 8035 7858 7726 7536 7303 7047 6877 6750 6939 6763 6490 6156 5781 5387 5299 4321 3696 3407 3446 3321 3198 3004 2883 2720 2529 2448 2674 2947 3118 3401 3462 3435 3411 4005 4302 4526 4844 5015 6068 5997 5964 5958 5960 5950 5984 6066 6209 6389 3760 3457 3165 2580 2264 2100 2373 2325 2197 1983 1689 1595 1183 728 596 673 2013 5088 5392 5799 6150 6485 6783 6936 6761 
2323 2065 1961 1423 1149 1011 735 746 512 536 414 201 0 216 398 642 789 943 1093 1774 2068 2280 2583 2675 2759 3152 3422 3656 3862 3926 3833 3457 3153 2947 2756 2518 2369 2377 1991 1744 1427 1885 2181 2348 2591 2924 3112 3314 3624 3981 4231 4848 5180 5065 4842 4610 4552 4688 4562 4739 4685 4734 2189 1861 2912 3321 3569 3769 3914 4087 4267 4448 4652 4603 4327 4058 3811 3745 3689 3580 3375 3249 3162 3318 3437 3599 3387 8026 7934 7853 7843 8134 7953 7817 7618 7395 7135 6972 6850 7044 6879 6614 6275 5903 5512 5422 4403 3785 3495 3547 3429 3314 3130 3023 2873 2696 2629 2865 3141 3314 3600 3661 3636 3613 4207 4504 4728 5046 5216 6074 6017 5998 6001 6008 6014 6057 6147 6301 6488 3778 3477 3192 2611 2315 2109 2368 2298 2142 1909 1611 1550 1188 842 778 873 2181 5219 5517 5921 6268 6608 6899 7041 6862 
2538 2279 2175 1639 1365 1217 945 962 709 691 520 287 216 0 282 517 646 882 1067 1706 2029 2253 2565 2862 2935 3328 3600 3828 4031 4079 3981 3594 3280 3068 2870 2623 2434 2410 2007 1752 1426 1788 2065 2242 2504 2841 3012 3201 3496 3839 4082 4686 5009 4886 4658 4427 4364 4496 4362 4536 4476 4522 2063 1764 2903 3317 3565 3764 3910 4071 4241 4404 4598 4535 4247 3970 3709 3631 3560 3445 3226 3091 2996 3139 3253 3409 3184 7846 7749 7665 7651 7941 7759 7620 7418 7198 6937 6777 6659 6856 6698 6438 6096 5727 5338 5247 4203 3589 3299 3358 3245 3135 2960 2867 2732 2576 2533 2793 3082 3261 3556 3627 3613 3600 4200 4499 4723 5040 5209 5858 5801 5784 5788 5796 5807 5853 5946 6106 6297 3991 3690 3403 2821 2519 2323 2584 2514 2355 2118 1820 1765 1402 1010 872 905 2065 5051 5344 5745 6090 6433 6717 6852 6670 
2605 2329 2222 1722 1471 1385 1105 1070 740 638 429 288 398 282 0 245 390 602 796 1423 1750 1977 2291 2809 2854 3246 3522 3735 3931 3952 3846 3444 3116 2897 2693 2436 2210 2160 1750 1491 1163 1509 1793 1966 2223 2560 2735 2929 3231 3584 3833 4450 4784 4672 4453 4220 4167 4306 4195 4375 4341 4402 1796 1485 2631 3047 3294 3493 3639 3796 3963 4123 4315 4253 3966 3690 3433 3359 3295 3185 2977 2851 2765 2926 3049 3217 3024 7634 7545 7466 7460 7752 7574 7441 7249 7018 6761 6593 6467 6658 6487 6219 5882 5509 5117 5028 4034 3410 3121 3164 3041 2922 2734 2624 2476 2307 2254 2510 2799 2979 3275 3347 3336 3327 3928 4227 4451 4768 4936 5792 5715 5679 5671 5672 5661 5695 5778 5924 6106 4031 3727 3431 2845 2519 2377 2655 2612 2485 2270 1975 1884 1465 951 713 678 1793 4822 5122 5527 5876 6214 6507 6655 6479 
2769 2484 2377 1903 1668 1610 1330 1274 919 774 567 506 642 517 245 0 154 413 634 1202 1547 1783 2102 2883 2904 3291 3570 3769 3957 3951 3839 3423 3082 2858 2647 2381 2108 2021 1600 1338 1011 1270 1549 1724 1988 2326 2494 2685 2985 3338 3588 4209 4547 4441 4225 3991 3943 4087 3989 4173 4156 4227 1551 1248 2447 2866 3110 3308 3454 3602 3761 3908 4094 4025 3732 3453 3191 3115 3050 2939 2732 2609 2527 2696 2824 2998 2825 7402 7317 7240 7238 7531 7355 7226 7039 6802 6547 6375 6246 6433 6256 5984 5650 5274 4881 4793 3827 3197 2910 2943 2816 2692 2498 2382 2231 2062 2015 2282 2578 2761 3063 3140 3138 3137 3740 4040 4263 4580 4745 5654 5562 5512 5495 5492 5467 5494 5571 5708 5885 4170 3865 3564 2979 2638 2534 2820 2795 2687 2483 2191 2083 1638 1059 746 620 1549 4584 4886 5292 5643 5979 6277 6430 6257 
2914 2626 2519 2052 1821 1764 1483 1427 1070 918 714 660 789 646 390 154 0 403 633 1118 1483 1726 2047 2994 3005 3389 3668 3861 4044 4024 3908 3485 3138 2911 2696 2427 2124 2011 1585 1323 1003 1159 1421 1604 1879 2218 2376 2558 2849 3196 3443 4060 4396 4287 4071 3838 3789 3933 3837 4022 4009 4082 1418 1137 2396 2816 3058 3254 3400 3539 3690 3823 4002 3925 3623 3339 3070 2987 2914 2800 2587 2460 2376 2542 2670 2844 2674 7249 7163 7087 7084 7377 7201 7072 6886 6649 6394 6221 6092 6279 6103 5832 5496 5122 4729 4640 3674 3044 2757 2789 2662 2538 2345 2234 2089 1931 1901 2183 2487 2674 2981 3064 3071 3078 3683 3983 4206 4521 4684 5522 5425 5370 5350 5346 5317 5342 5418 5554 5731 4306 4001 3699 3114 2768 2677 2966 2944 2839 2637 2345 2235 1787 1192 857 695 1421 4433 4734 5140 5490 5826 6123 6276 6103 
2757 2457 2351 1949 1760 1784 1514 1404 1024 823 675 755 943 882 602 413 403 0 230 831 1147 1377 1693 2700 2684 3060 3340 3518 3693 3654 3533 3104 2752 2522 2306 2034 1721 1614 1189 928 603 957 1277 1424 1651 1982 2178 2394 2726 3109 3376 4029 4393 4315 4118 3884 3859 4018 3967 4161 4191 4286 1302 931 2036 2455 2700 2898 3044 3197 3361 3521 3717 3661 3384 3117 2877 2824 2791 2695 2526 2433 2380 2593 2741 2939 2835 7267 7199 7134 7147 7444 7276 7159 6992 6735 6489 6301 6159 6331 6128 5837 5516 5133 4734 4651 3801 3160 2882 2878 2733 2590 2365 2205 2011 1790 1694 1922 2203 2380 2674 2744 2735 2729 3331 3631 3855 4171 4338 5785 5664 5584 5547 5534 5472 5476 5534 5642 5800 4091 3786 3479 2901 2536 2511 2812 2826 2767 2600 2322 2168 1677 1012 628 386 1277 4421 4736 5151 5509 5830 6150 6330 6168 
2696 2391 2288 1931 1772 1841 1584 1447 1073 860 760 895 1093 1067 796 634 633 230 0 713 974 1189 1498 2550 2516 2884 3164 3332 3501 3448 3325 2891 2535 2305 2087 1813 1491 1387 965 704 376 899 1241 1360 1547 1868 2086 2320 2675 3076 3352 4024 4403 4342 4157 3923 3912 4078 4052 4250 4304 4410 1284 872 1836 2251 2498 2697 2843 3004 3177 3354 3560 3518 3258 3002 2782 2747 2739 2655 2514 2442 2408 2644 2801 3011 2942 7282 7223 7166 7188 7485 7323 7213 7056 6789 6548 6353 6203 6366 6148 5846 5535 5147 4747 4668 3885 3242 2970 2947 2794 2641 2401 2216 1996 1742 1604 1791 2054 2222 2506 2568 2548 2533 3133 3432 3656 3973 4141 5938 5804 5712 5664 5646 5566 5559 5606 5699 5846 3987 3683 3373 2804 2429 2447 2752 2788 2756 2612 2346 2168 1661 978 593 328 1241 4425 4746 5166 5527 5840 6171 6366 6211 
3300 2992 2894 2599 2465 2553 2297 2156 1785 1571 1471 1584 1774 1706 1423 1202 1118 831 713 0 404 656 973 2955 2857 3186 3457 3574 3711 3578 3437 2981 2608 2377 2158 1887 1420 1152 773 614 581 283 614 675 833 1156 1373 1615 1984 2402 2689 3381 3780 3750 3590 3360 3376 3557 3596 3802 3923 4064 691 262 1324 1740 1973 2164 2308 2432 2574 2706 2892 2831 2554 2292 2069 2038 2048 1976 1875 1841 1847 2129 2306 2540 2575 6658 6615 6570 6608 6908 6755 6660 6528 6239 6009 5797 5633 5779 5535 5217 4922 4529 4128 4055 3427 2790 2543 2470 2300 2127 1860 1626 1366 1066 893 1091 1376 1559 1863 1946 1960 1980 2584 2883 3104 3417 3577 5678 5498 5361 5284 5250 5118 5082 5104 5160 5282 4491 4194 3883 3340 2952 3049 3357 3423 3424 3300 3042 2849 2335 1653 1285 1030 614 3793 4124 4547 4913 5210 5560 5781 5640 
3324 3018 2927 2706 2612 2748 2510 2347 1995 1781 1721 1870 2068 2029 1750 1547 1483 1147 974 404 0 252 572 2835 2703 3002 3263 3352 3471 3303 3156 2698 2325 2100 1887 1628 1125 806 515 506 690 595 808 755 732 985 1257 1538 1944 2388 2688 3402 3824 3829 3696 3472 3514 3705 3790 4000 4160 4319 909 588 924 1342 1580 1774 1918 2056 2214 2380 2588 2555 2317 2085 1915 1932 2004 1964 1935 1950 1997 2309 2495 2740 2838 6684 6660 6628 6683 6983 6841 6760 6649 6342 6124 5898 5722 5850 5579 5243 4968 4573 4173 4108 3623 3000 2773 2668 2490 2307 2027 1758 1462 1110 832 869 1091 1251 1531 1597 1590 1595 2200 2500 2722 3037 3201 5964 5763 5605 5511 5469 5306 5249 5252 5278 5378 4417 4128 3819 3304 2914 3076 3381 3478 3518 3427 3188 2970 2454 1795 1469 1244 808 3826 4165 4591 4959 5235 5606 5854 5728 
3384 3082 2995 2818 2748 2907 2681 2508 2168 1958 1917 2080 2280 2253 1977 1783 1726 1377 1189 656 252 0 322 2809 2654 2929 3182 3251 3356 3163 3012 2556 2186 1967 1763 1519 1000 644 495 606 866 824 983 882 756 931 1227 1521 1940 2394 2698 3418 3852 3879 3763 3544 3601 3797 3909 4121 4304 4472 1086 821 674 1093 1333 1528 1674 1820 1988 2176 2398 2386 2176 1967 1838 1886 1997 1978 1993 2038 2106 2431 2621 2870 3002 6691 6679 6656 6721 7021 6885 6813 6715 6398 6187 5954 5771 5887 5601 5255 4993 4597 4200 4140 3744 3133 2920 2797 2616 2430 2145 1861 1555 1189 871 786 941 1076 1331 1382 1359 1353 1958 2258 2481 2797 2962 6134 5921 5750 5646 5599 5416 5347 5338 5346 5432 4410 4127 3821 3327 2939 3139 3441 3555 3618 3545 3318 3089 2576 1938 1639 1433 983 3847 4189 4615 4983 5246 5628 5892 5775 
3535 3239 3158 3030 2983 3164 2949 2768 2442 2236 2210 2382 2583 2565 2291 2102 2047 1693 1498 973 572 322 0 2862 2679 2921 3159 3199 3284 3056 2900 2451 2091 1888 1701 1488 973 602 675 863 1158 1114 1214 1072 850 906 1208 1507 1929 2385 2690 3412 3857 3912 3819 3608 3684 3886 4033 4245 4458 4638 1317 1115 351 770 1011 1207 1352 1506 1685 1898 2136 2150 1979 1806 1733 1821 1980 1988 2059 2138 2233 2569 2761 3013 3189 6660 6663 6651 6729 7028 6901 6841 6760 6431 6230 5987 5795 5896 5590 5232 4989 4594 4202 4149 3871 3278 3084 2940 2757 2568 2283 1985 1673 1307 968 738 771 858 1066 1097 1053 1035 1638 1938 2161 2478 2645 6318 6088 5900 5783 5729 5522 5437 5413 5396 5464 4475 4202 3902 3436 3053 3295 3591 3724 3811 3759 3545 3305 2799 2187 1914 1724 1214 3843 4188 4611 4978 5223 5619 5902 5798 
1180 1073 1098 1564 1819 2175 2240 2067 2164 2182 2383 2587 2675 2862 2809 2883 2994 2700 2550 2955 2835 2809 2862 0 288 556 780 1056 1283 1505 1487 1351 1328 1324 1359 1440 1902 2262 2330 2363 2407 3236 3564 3573 3553 3733 4033 4330 4750 5203 5507 6226 6655 6664 6525 6299 6327 6511 6545 6749 6838 6954 3645 3212 2938 3119 3293 3439 3537 3796 4058 4423 4717 4828 4761 4639 4595 4677 4806 4785 4770 4774 4798 5084 5260 5490 5476 9500 9487 9460 9518 9818 9676 9593 9474 9174 8952 8731 8557 8685 8408 8064 7799 7403 7004 6941 6376 5735 5478 5421 5253 5082 4814 4569 4288 3944 3661 3576 3625 3670 3764 3711 3556 3415 3784 3996 4176 4443 4613 8485 8354 8257 8201 8177 8067 8036 8058 8104 8212 1615 1351 1066 780 597 1093 1213 1473 1767 1952 1980 1724 1632 1861 2138 2322 3564 6653 6995 7421 7789 8055 8435 8689 8563 
1459 1329 1341 1761 1995 2352 2388 2202 2253 2245 2437 2652 2759 2935 2854 2904 3005 2684 2516 2857 2703 2654 2679 288 0 393 667 899 1115 1276 1240 1068 1042 1050 1105 1219 1708 2077 2189 2252 2334 3141 3458 3452 3406 3566 3869 4167 4589 5044 5349 6071 6506 6528 6399 6175 6212 6400 6453 6660 6768 6894 3544 3119 2730 2886 3050 3190 3284 3544 3807 4178 4475 4595 4543 4434 4407 4500 4644 4631 4635 4652 4687 4983 5162 5397 5409 9335 9330 9309 9374 9674 9537 9461 9352 9044 8827 8600 8421 8541 8253 7903 7647 7251 6853 6794 6285 5648 5397 5328 5156 4981 4708 4453 4164 3813 3518 3405 3433 3466 3543 3483 3322 3175 3524 3729 3906 4169 4338 8452 8307 8196 8131 8102 7976 7935 7948 7981 8079 1829 1584 1317 1068 861 1354 1494 1751 2036 2205 2211 1945 1792 1925 2160 2317 3458 6500 6843 7268 7636 7894 8281 8545 8426 
1697 1623 1652 2116 2363 2721 2769 2587 2646 2638 2829 3045 3152 3328 3246 3291 3389 3060 2884 3186 3002 2929 2921 556 393 0 280 511 733 957 957 926 1040 1131 1254 1433 1949 2322 2486 2574 2682 3470 3777 3756 3686 3822 4125 4424 4847 5303 5609 6331 6772 6808 6691 6470 6516 6707 6777 6985 7107 7240 3867 3449 2931 3039 3179 3301 3382 3643 3908 4294 4595 4736 4715 4629 4629 4738 4900 4898 4922 4952 4997 5301 5483 5722 5752 9580 9585 9571 9644 9944 9812 9743 9644 9328 9117 8884 8700 8811 8511 8153 7909 7513 7118 7063 6609 5975 5730 5651 5477 5299 5022 4759 4464 4106 3800 3657 3655 3669 3714 3640 3467 3310 3602 3783 3944 4189 4352 8813 8660 8541 8469 8437 8298 8249 8254 8274 8362 1730 1535 1321 1246 1145 1638 1723 1991 2300 2500 2536 2280 2167 2318 2548 2698 3777 6762 7106 7530 7898 8144 8540 8816 8704 
1842 1807 1848 2342 2599 2955 3017 2841 2914 2911 3104 3318 3422 3600 3522 3570 3668 3340 3164 3457 3263 3182 3159 780 667 280 0 294 522 842 888 992 1191 1322 1470 1672 2193 2565 2747 2844 2959 3741 4044 4018 3938 4063 4367 4666 5088 5544 5849 6572 7015 7058 6945 6725 6776 6968 7044 7253 7380 7514 4135 3720 3150 3233 3360 3471 3544 3804 4069 4463 4764 4916 4913 4840 4854 4970 5140 5142 5176 5211 5260 5567 5750 5989 6026 9811 9821 9810 9888 10187 10058 9992 9898 9578 9369 9135 8948 9055 8749 8388 8149 7754 7361 7307 6876 6244 6001 5919 5744 5564 5287 5021 4723 4364 4054 3897 3881 3886 3915 3834 3655 3493 3751 3915 4067 4299 4457 9091 8936 8815 8741 8708 8564 8512 8514 8528 8612 1637 1484 1319 1366 1335 1815 1860 2131 2454 2673 2733 2488 2411 2590 2826 2978 4044 7003 7348 7771 8138 8379 8778 9060 8952 
2136 2098 2137 2620 2872 3229 3281 3099 3152 3137 3324 3543 3656 3828 3735 3769 3861 3518 3332 3574 3352 3251 3199 1056 899 511 294 0 229 574 649 870 1146 1318 1497 1731 2251 2618 2841 2960 3102 3856 4147 4107 4003 4105 4407 4705 5126 5581 5885 6606 7054 7111 7009 6793 6852 7048 7142 7352 7496 7639 4241 3836 3158 3202 3310 3406 3468 3726 3990 4390 4693 4859 4879 4826 4861 4990 5175 5187 5240 5288 5347 5662 5847 6091 6150 9823 9843 9839 9924 10223 10099 10040 9957 9630 9427 9186 8995 9093 8776 8409 8180 7786 7397 7347 6975 6348 6112 6019 5842 5660 5379 5105 4803 4439 4120 3937 3896 3885 3889 3798 3613 3445 3658 3804 3944 4161 4314 9235 9069 8936 8854 8817 8658 8597 8590 8590 8663 1838 1718 1581 1660 1625 2107 2154 2425 2749 2967 3023 2774 2678 2818 3031 3166 4147 7037 7383 7803 8169 8399 8806 9099 8998 
2362 2327 2367 2848 3097 3454 3502 3318 3361 3340 3523 3745 3862 4031 3931 3957 4044 3693 3501 3711 3471 3356 3284 1283 1115 733 522 229 0 422 541 874 1199 1396 1592 1842 2356 2716 2964 3099 3257 3991 4273 4222 4103 4188 4488 4785 5204 5657 5960 6678 7129 7196 7102 6889 6955 7153 7260 7471 7626 7774 4368 3972 3219 3234 3326 3410 3463 3718 3979 4385 4687 4864 4903 4864 4917 5055 5251 5270 5336 5393 5460 5779 5966 6212 6286 9876 9903 9904 9995 10293 10174 10120 10045 9712 9514 9269 9074 9165 8841 8469 8249 7856 7470 7423 7094 6471 6240 6140 5961 5777 5495 5216 4911 4545 4221 4018 3959 3937 3922 3824 3634 3462 3638 3768 3897 4101 4250 9383 9210 9068 8981 8941 8771 8703 8690 8681 8746 1985 1890 1775 1884 1854 2336 2380 2650 2975 3196 3252 3003 2901 3022 3222 3348 4273 7109 7454 7873 8238 8460 8871 9173 9076 
2652 2578 2603 3037 3264 3621 3638 3442 3440 3392 3562 3791 3926 4079 3952 3951 4024 3654 3448 3578 3303 3163 3056 1505 1276 957 842 574 422 0 159 607 978 1204 1420 1691 2178 2518 2813 2976 3171 3851 4111 4042 3894 3949 4245 4537 4951 5400 5700 6414 6868 6950 6870 6662 6740 6941 7072 7284 7462 7622 4210 3834 2953 2926 2997 3067 3109 3360 3618 4027 4327 4515 4576 4557 4632 4783 4995 5025 5115 5188 5268 5594 5784 6033 6138 9580 9616 9625 9724 10021 9908 9863 9800 9459 9268 9018 8816 8898 8562 8184 7976 7586 7205 7162 6907 6295 6076 5960 5779 5593 5308 5021 4712 4344 4012 3779 3691 3652 3611 3503 3309 3133 3269 3383 3504 3699 3845 9256 9065 8908 8808 8762 8573 8493 8469 8442 8495 2400 2291 2153 2191 2100 2594 2676 2945 3258 3456 3482 3219 3055 3084 3238 3333 4111 6843 7188 7603 7965 8174 8592 8906 8818 
2653 2560 2579 2991 3209 3565 3570 3371 3354 3298 3462 3694 3833 3981 3846 3839 3908 3533 3325 3437 3156 3012 2900 1487 1240 957 888 649 541 159 0 457 830 1059 1278 1552 2031 2367 2669 2837 3039 3708 3964 3892 3740 3793 4088 4380 4793 5242 5542 6255 6710 6792 6714 6506 6585 6786 6920 7132 7313 7475 4064 3692 2795 2767 2839 2910 2954 3206 3465 3873 4174 4360 4419 4398 4473 4625 4837 4868 4960 5034 5116 5443 5633 5882 5992 9421 9457 9465 9565 9862 9750 9704 9643 9301 9110 8859 8658 8739 8403 8025 7818 7427 7046 7003 6755 6145 5927 5810 5628 5442 5157 4869 4559 4191 3859 3622 3532 3493 3452 3345 3151 2976 3117 3237 3361 3561 3709 9113 8919 8759 8658 8611 8420 8338 8313 8285 8337 2488 2362 2207 2203 2084 2580 2680 2947 3252 3439 3451 3184 2996 2993 3133 3219 3964 6684 7029 7444 7806 8015 8433 8747 8660 
2528 2386 2387 2735 2927 3276 3253 3047 2994 2920 3074 3308 3457 3594 3444 3423 3485 3104 2891 2981 2698 2556 2451 1351 1068 926 992 870 874 607 457 0 373 604 824 1100 1573 1911 2212 2385 2595 3252 3507 3435 3287 3347 3644 3938 4354 4804 5106 5822 6275 6351 6268 6058 6134 6335 6465 6676 6856 7017 3606 3236 2360 2360 2453 2542 2600 2857 3120 3522 3825 3995 4029 3991 4050 4194 4399 4425 4510 4581 4660 4987 5177 5426 5535 9006 9037 9041 9136 9434 9318 9269 9202 8863 8670 8421 8222 8308 7978 7603 7389 6997 6613 6569 6300 5688 5470 5353 5172 4986 4701 4414 4105 3737 3405 3177 3099 3069 3049 2950 2760 2589 2788 2937 3082 3308 3465 8656 8462 8302 8201 8155 7966 7887 7864 7842 7898 2625 2452 2247 2122 1927 2415 2563 2819 3100 3253 3229 2953 2705 2626 2734 2802 3507 6252 6597 7014 7377 7594 8008 8315 8224 
2464 2283 2267 2550 2714 3053 3005 2795 2708 2618 2760 2996 3153 3280 3116 3082 3138 2752 2535 2608 2325 2186 2091 1328 1042 1040 1191 1146 1199 978 830 373 0 233 454 731 1200 1541 1839 2014 2231 2878 3134 3064 2921 2992 3291 3587 4005 4458 4760 5479 5930 5999 5910 5699 5772 5971 6096 6307 6484 6644 3233 2862 2020 2056 2172 2280 2352 2613 2878 3271 3573 3727 3735 3679 3720 3856 4052 4073 4149 4215 4292 4617 4807 5055 5162 8681 8705 8705 8796 9094 8974 8922 8849 8514 8318 8072 7875 7966 7642 7271 7049 6657 6270 6223 5931 5317 5098 4983 4802 4616 4331 4046 3737 3370 3040 2822 2760 2742 2743 2654 2471 2306 2565 2742 2905 3154 3319 8282 8088 7929 7831 7785 7599 7523 7504 7487 7549 2770 2565 2327 2107 1853 2319 2505 2748 3001 3124 3068 2786 2487 2336 2412 2463 3134 5909 6255 6674 7038 7262 7671 7973 7878 
2409 2205 2179 2417 2563 2895 2831 2619 2512 2414 2549 2785 2947 3068 2897 2858 2911 2522 2305 2377 2100 1967 1888 1324 1050 1131 1322 1318 1396 1204 1059 604 233 0 221 498 975 1324 1609 1781 1998 2648 2908 2842 2709 2792 3093 3390 3810 4265 4568 5289 5738 5800 5705 5492 5561 5759 5877 6088 6260 6418 3006 2632 1840 1912 2047 2171 2254 2516 2781 3164 3464 3604 3591 3520 3544 3672 3859 3874 3940 4001 4074 4397 4586 4834 4934 8506 8524 8520 8606 8905 8783 8726 8649 8317 8118 7874 7680 7775 7458 7090 6862 6468 6080 6031 5712 5095 4873 4762 4581 4396 4112 3829 3521 3154 2827 2623 2577 2570 2593 2513 2337 2179 2484 2681 2856 3119 3288 8053 7861 7705 7608 7564 7384 7311 7295 7284 7351 2843 2619 2363 2088 1801 2245 2454 2685 2920 3022 2947 2664 2335 2140 2197 2239 2908 5719 6065 6485 6851 7081 7487 7782 7683 
2378 2153 2117 2307 2433 2755 2675 2462 2335 2226 2354 2590 2756 2870 2693 2647 2696 2306 2087 2158 1887 1763 1701 1359 1105 1254 1470 1497 1592 1420 1278 824 454 221 0 277 765 1124 1392 1560 1777 2431 2694 2634 2510 2607 2910 3208 3630 4085 4389 5111 5558 5613 5513 5298 5362 5560 5670 5882 6048 6204 2792 2414 1681 1791 1947 2085 2179 2439 2702 3074 3371 3497 3463 3376 3383 3502 3679 3690 3745 3800 3869 4190 4378 4625 4719 8341 8354 8347 8429 8728 8603 8542 8460 8132 7929 7688 7497 7597 7285 6921 6687 6292 5901 5850 5505 4886 4661 4553 4373 4188 3905 3624 3318 2952 2628 2439 2411 2417 2462 2392 2224 2074 2425 2640 2826 3101 3274 7835 7646 7493 7398 7355 7180 7111 7098 7093 7165 2928 2689 2420 2095 1780 2197 2426 2644 2859 2941 2846 2563 2204 1962 1998 2030 2694 5542 5887 6309 6676 6912 7314 7603 7500 
2358 2109 2060 2183 2280 2587 2486 2272 2116 1994 2111 2345 2518 2623 2436 2381 2427 2034 1813 1887 1628 1519 1488 1440 1219 1433 1672 1731 1842 1691 1552 1100 731 498 277 0 522 893 1125 1285 1500 2161 2432 2379 2273 2391 2695 2994 3416 3873 4178 4900 5343 5388 5280 5063 5121 5317 5417 5628 5786 5939 2529 2144 1512 1679 1861 2017 2125 2379 2637 2991 3282 3388 3325 3216 3200 3305 3468 3470 3511 3557 3618 3936 4123 4369 4453 8146 8152 8139 8215 8515 8386 8321 8231 7908 7701 7464 7276 7383 7079 6720 6477 6082 5689 5634 5251 4628 4400 4297 4118 3934 3652 3376 3072 2708 2390 2225 2225 2249 2326 2271 2117 1980 2388 2625 2822 3112 3287 7565 7379 7230 7139 7098 6930 6866 6858 6862 6941 3045 2790 2506 2126 1781 2157 2409 2608 2796 2850 2730 2449 2053 1746 1750 1767 2432 5331 5676 6099 6466 6711 7107 7388 7280 
2688 2411 2345 2348 2382 2644 2491 2283 2049 1886 1955 2179 2369 2434 2210 2108 2124 1721 1491 1420 1125 1000 973 1902 1708 1949 2193 2251 2356 2178 2031 1573 1200 975 765 522 0 372 647 857 1134 1684 1933 1868 1751 1872 2175 2474 2897 3353 3659 4381 4823 4866 4758 4541 4601 4797 4905 5116 5285 5444 2033 1669 1042 1287 1503 1683 1809 2046 2290 2610 2890 2967 2869 2737 2698 2794 2950 2949 2989 3038 3103 3425 3613 3860 3961 7634 7635 7621 7695 7995 7865 7799 7708 7386 7179 6942 6754 6862 6561 6205 5959 5563 5169 5114 4739 4121 3898 3788 3608 3423 3140 2859 2554 2189 1868 1707 1726 1768 1882 1848 1718 1605 2094 2361 2574 2881 3057 7084 6888 6730 6634 6590 6415 6347 6338 6340 6419 3517 3251 2956 2525 2155 2465 2743 2911 3053 3058 2894 2625 2167 1706 1594 1533 1933 4812 5156 5580 5948 6196 6590 6868 6758 
2987 2700 2625 2564 2560 2788 2606 2407 2128 1942 1971 2178 2377 2410 2160 2021 2011 1614 1387 1152 806 644 602 2262 2077 2322 2565 2618 2716 2518 2367 1911 1541 1324 1124 893 372 0 428 687 1010 1393 1609 1525 1386 1499 1802 2102 2524 2981 3286 4008 4450 4495 4390 4174 4238 4436 4554 4766 4947 5113 1711 1381 719 1037 1274 1468 1606 1821 2048 2336 2603 2659 2533 2386 2333 2424 2577 2577 2622 2677 2750 3076 3266 3515 3637 7262 7263 7248 7322 7622 7492 7427 7339 7015 6809 6571 6383 6489 6189 5832 5586 5190 4796 4741 4389 3777 3562 3442 3261 3074 2790 2505 2197 1830 1504 1334 1363 1420 1564 1550 1443 1356 1900 2184 2405 2720 2895 6767 6560 6393 6290 6244 6059 5987 5974 5972 6048 3877 3606 3308 2857 2479 2755 3043 3194 3310 3288 3100 2843 2358 1817 1627 1508 1609 4439 4783 5207 5575 5823 6217 6495 6386 
2892 2591 2505 2355 2308 2498 2292 2104 1793 1594 1595 1790 1991 2007 1750 1600 1585 1189 965 773 515 495 675 2330 2189 2486 2747 2841 2964 2813 2669 2212 1839 1609 1392 1125 647 428 0 261 589 1039 1308 1270 1223 1425 1718 2010 2426 2877 3179 3897 4325 4339 4210 3987 4030 4221 4302 4511 4661 4813 1403 1023 950 1341 1588 1788 1932 2122 2325 2565 2810 2825 2643 2450 2332 2380 2484 2457 2446 2466 2512 2822 3007 3250 3327 7175 7158 7130 7189 7489 7350 7271 7163 6854 6637 6410 6232 6356 6079 5737 5469 5073 4674 4611 4134 3508 3275 3178 3001 2820 2540 2273 1978 1623 1332 1281 1414 1526 1741 1763 1697 1646 2227 2521 2744 3062 3234 6443 6254 6105 6016 5977 5819 5764 5768 5792 5890 3923 3638 3331 2832 2444 2648 2949 3068 3142 3084 2870 2630 2124 1519 1272 1117 1308 4324 4665 5091 5459 5729 6105 6360 6237 
2818 2512 2421 2216 2142 2306 2086 1907 1578 1373 1356 1543 1744 1752 1491 1338 1323 928 704 614 506 606 863 2363 2252 2574 2844 2960 3099 2976 2837 2385 2014 1781 1560 1285 857 687 261 0 328 897 1206 1211 1236 1487 1763 2044 2448 2890 3188 3898 4314 4307 4163 3935 3964 4150 4203 4411 4537 4678 1293 876 1173 1577 1825 2026 2170 2350 2542 2761 2994 2990 2781 2566 2415 2437 2509 2464 2416 2411 2436 2731 2911 3147 3189 7181 7152 7116 7165 7465 7319 7232 7110 6812 6588 6369 6198 6333 6071 5740 5459 5064 4663 4596 4035 3400 3156 3077 2905 2728 2456 2206 1925 1589 1333 1362 1546 1680 1923 1961 1911 1874 2464 2760 2984 3302 3473 6287 6111 5975 5897 5863 5725 5683 5698 5740 5851 3928 3636 3325 2803 2413 2570 2875 2974 3022 2942 2713 2485 1972 1333 1050 873 1206 4319 4656 5082 5450 5732 6097 6336 6205 
2719 2411 2314 2040 1930 2058 1822 1657 1307 1095 1052 1226 1427 1426 1163 1011 1003 603 376 581 690 866 1158 2407 2334 2682 2959 3102 3257 3171 3039 2595 2231 1998 1777 1500 1134 1010 589 328 0 846 1191 1253 1363 1655 1906 2167 2551 2977 3266 3961 4362 4329 4165 3934 3944 4122 4138 4342 4435 4560 1260 821 1484 1895 2142 2343 2488 2659 2843 3043 3263 3241 3007 2771 2586 2580 2614 2550 2457 2420 2417 2688 2859 3085 3075 7240 7197 7151 7187 7487 7332 7235 7097 6813 6580 6372 6211 6359 6117 5799 5503 5111 4709 4636 3970 3329 3070 3017 2852 2685 2425 2203 1947 1644 1441 1553 1780 1933 2197 2247 2212 2185 2780 3078 3302 3619 3789 6134 5978 5862 5798 5772 5660 5634 5665 5731 5858 3919 3621 3309 2761 2374 2468 2776 2848 2861 2753 2507 2298 1781 1111 779 567 1191 4375 4705 5129 5495 5792 6142 6361 6218 
3552 3244 3144 2824 2672 2731 2466 2341 1964 1754 1628 1708 1885 1788 1509 1270 1159 957 899 283 595 824 1114 3236 3141 3470 3741 3856 3991 3851 3708 3252 2878 2648 2431 2161 1684 1393 1039 897 846 0 349 467 720 1060 1226 1436 1777 2177 2456 3136 3526 3485 3319 3087 3099 3278 3312 3519 3640 3783 413 27 1452 1852 2072 2254 2394 2491 2607 2697 2858 2769 2464 2182 1925 1866 1841 1755 1625 1575 1571 1848 2023 2256 2295 6406 6357 6308 6342 6641 6486 6388 6251 5966 5734 5525 5364 5514 5278 4967 4665 4274 3872 3797 3144 2506 2260 2187 2017 1845 1581 1356 1110 842 745 1035 1354 1551 1872 1974 2017 2061 2657 2952 3169 3475 3630 5404 5219 5079 5000 4967 4834 4799 4824 4885 5012 4765 4467 4155 3607 3221 3301 3609 3665 3650 3512 3245 3066 2555 1871 1491 1227 349 3543 3870 4292 4656 4960 5303 5516 5372 
3901 3593 3493 3170 3013 3060 2791 2675 2296 2088 1952 2013 2181 2065 1793 1549 1421 1277 1241 614 808 983 1214 3564 3458 3777 4044 4147 4273 4111 3964 3507 3134 2908 2694 2432 1933 1609 1308 1206 1191 349 0 214 554 872 967 1136 1449 1836 2111 2787 3177 3138 2976 2745 2763 2946 2999 3208 3354 3510 103 376 1516 1881 2077 2243 2375 2436 2519 2558 2688 2570 2238 1939 1652 1566 1514 1419 1277 1228 1234 1524 1705 1945 2029 6057 6009 5960 5996 6295 6142 6046 5914 5625 5395 5183 5020 5168 4930 4618 4316 3925 3524 3448 2832 2201 1968 1874 1700 1522 1250 1012 761 515 524 902 1238 1442 1771 1894 1969 2043 2617 2904 3112 3409 3554 5157 4954 4798 4708 4669 4520 4476 4493 4546 4668 5105 4808 4497 3952 3565 3650 3958 4013 3996 3853 3584 3409 2901 2217 1834 1569 0 3194 3521 3943 4307 4611 4954 5169 5027 
3973 3665 3567 3272 3130 3197 2933 2806 2429 2218 2095 2173 2348 2242 1966 1724 1604 1424 1360 675 755 882 1072 3573 3452 3756 4018 4107 4222 4042 3892 3435 3064 2842 2634 2379 1868 1525 1270 1211 1253 467 214 0 342 658 772 969 1315 1727 2013 2708 3113 3097 2952 2725 2761 2951 3037 3248 3422 3590 289 493 1351 1698 1886 2047 2176 2230 2308 2343 2475 2361 2034 1740 1467 1399 1379 1302 1209 1201 1241 1556 1744 1991 2124 5988 5951 5910 5955 6255 6108 6020 5901 5601 5378 5158 4987 5124 4870 4547 4257 3863 3462 3391 2871 2253 2037 1919 1739 1555 1272 1003 714 390 312 690 1027 1230 1560 1684 1766 1845 2413 2698 2905 3199 3343 5256 5039 4867 4766 4721 4551 4494 4498 4531 4640 5137 4843 4532 3999 3610 3722 4030 4099 4098 3968 3705 3519 3006 2322 1947 1686 214 3123 3457 3881 4248 4540 4895 5127 4993 
4051 3745 3651 3403 3286 3385 3131 2988 2618 2404 2304 2407 2591 2504 2223 1988 1879 1651 1547 833 732 756 850 3553 3406 3686 3938 4003 4103 3894 3740 3287 2921 2709 2510 2273 1751 1386 1223 1236 1363 720 554 342 0 339 544 809 1212 1657 1958 2675 3102 3123 3007 2789 2852 3050 3184 3396 3609 3792 631 741 1075 1390 1563 1717 1843 1889 1965 2007 2149 2050 1744 1467 1235 1217 1272 1234 1237 1294 1383 1719 1911 2163 2356 5954 5935 5907 5968 6268 6131 6057 5959 5642 5431 5198 5015 5135 4855 4515 4246 3850 3451 3389 3021 2428 2239 2090 1907 1718 1433 1135 823 457 118 347 684 888 1217 1342 1428 1515 2075 2357 2563 2857 3001 5478 5242 5050 4933 4880 4679 4602 4587 4590 4676 5144 4856 4548 4036 3646 3802 4109 4198 4223 4115 3864 3661 3144 2469 2112 1861 554 3100 3441 3867 4236 4507 4882 5139 5020 
4302 3997 3907 3688 3585 3698 3448 3299 2934 2719 2628 2738 2924 2841 2560 2326 2218 1982 1868 1156 985 931 906 3733 3566 3822 4063 4105 4188 3949 3793 3347 2992 2792 2607 2391 1872 1499 1425 1487 1655 1060 872 658 339 0 303 602 1025 1481 1786 2509 2952 3007 2921 2714 2802 3007 3189 3401 3653 3853 934 1081 1023 1249 1380 1509 1622 1632 1679 1688 1817 1712 1406 1135 931 955 1078 1082 1179 1296 1428 1769 1960 2211 2469 5769 5765 5749 5824 6123 5996 5935 5857 5525 5325 5082 4889 4991 4690 4336 4086 3691 3297 3244 3032 2474 2318 2139 1957 1770 1494 1188 891 584 348 170 421 614 936 1076 1193 1308 1827 2097 2294 2577 2714 5555 5296 5081 4948 4886 4653 4556 4521 4494 4558 5338 5057 4752 4258 3869 4055 4359 4462 4503 4407 4162 3951 3434 2766 2420 2175 872 2940 3284 3708 4076 4328 4718 4997 4892 
4582 4276 4184 3946 3831 3927 3670 3530 3159 2945 2839 2932 3112 3012 2735 2494 2376 2178 2086 1373 1257 1227 1208 4033 3869 4125 4367 4407 4488 4245 4088 3644 3291 3093 2910 2695 2175 1802 1718 1763 1906 1226 967 772 544 303 0 299 722 1178 1483 2206 2649 2707 2627 2424 2521 2727 2928 3139 3411 3620 1001 1251 1304 1485 1585 1688 1786 1755 1757 1694 1774 1625 1275 972 699 675 775 781 910 1056 1210 1548 1733 1981 2279 5467 5462 5445 5521 5820 5693 5633 5557 5224 5026 4781 4587 4688 4386 4034 3783 3387 2994 2940 2775 2240 2106 1911 1732 1548 1286 986 723 528 484 470 620 770 1051 1205 1356 1495 1958 2207 2389 2653 2777 5327 5056 4829 4687 4621 4376 4271 4231 4197 4257 5637 5354 5048 4549 4159 4333 4639 4735 4765 4659 4408 4205 3688 3013 2655 2403 967 2636 2981 3405 3772 4025 4414 4694 4590 
4861 4554 4461 4207 4081 4162 3900 3768 3393 3181 3064 3141 3314 3201 2929 2685 2558 2394 2320 1615 1538 1521 1507 4330 4167 4424 4666 4705 4785 4537 4380 3938 3587 3390 3208 2994 2474 2102 2010 2044 2167 1436 1136 969 809 602 299 0 422 879 1184 1906 2350 2413 2341 2142 2249 2457 2681 2889 3184 3402 1146 1462 1589 1738 1813 1895 1979 1915 1879 1751 1780 1591 1207 885 543 430 476 488 674 860 1041 1361 1537 1776 2119 5170 5163 5146 5221 5521 5394 5335 5263 4927 4731 4484 4289 4389 4087 3735 3484 3088 2694 2642 2532 2028 1923 1709 1537 1363 1125 850 662 632 726 769 876 992 1229 1387 1557 1711 2120 2348 2514 2758 2868 5111 4826 4587 4436 4366 4106 3994 3947 3905 3961 5931 5648 5341 4838 4448 4612 4918 5007 5029 4914 4658 4462 3946 3266 2901 2643 1136 2337 2682 3105 3473 3727 4115 4395 4292 
