7
255
33 0 1 2 3 4 5 6 7 8 9 10 11 12 13 14 15 16 17 18 19 20 21 22 23 24 25 26 27 28 29 30 31 32
41 33 34 35 36 37 38 0 1 2 39 40 41 42 43 44 45 46 47 48 49 50 51 52 53 54 55 56 57 58 59 60 61 62 63 64 65 66 67 68 69 70
70 71 72 73 74 75 76 77 78 79 80 81 82 83 84 85 86 87 88 89 90 91 92 93 94 95 96 97 98 99 100 101 102 103 104 105 106 107 108 109 13 110 111 112 15 16 17 18 19 20 21 113 114 115 116 117 118 119 120 121 122 123 124 125 126 127 128 129 130 131 132
29 12 133 134 135 136 137 138 139 140 141 142 143 144 145 146 147 148 149 150 151 152 153 154 155 156 157 158 159 160
48 161 123 124 125 126 162 163 164 165 166 167 168 169 170 171 172 173 174 175 176 177 178 179 180 181 182 133 134 135 183 184 185 186 187 46 47 48 49 188 189 190 191 192 193 194 195 196 197
50 197 198 199 200 201 202 150 151 203 204 205 206 207 208 100 101 102 103 104 105 106 107 108 109 209 210 211 212 213 214 215 216 18 19 20 217 218 219 220 221 222 223 224 225 226 227 228 229 230 231
35 232 233 234 235 236 237 238 239 240 241 242 243 244 245 246 247 159 248 44 45 249 250 251 252 253 254 17 18 19 20 217 218 219 220 221
1200 900 1800 900 600 600 900 
0 201 411 624 596 834 920 793 782 1443 1464 1499 1780 2312 2615 3011 3233 3651 3940 4182 4542 4696 4870 5190 5560 5836 5981 6208 6360 6528 6682 6661 6238 932 837 589 478 357 186 660 826 1063 1615 1842 2052 2395 2743 3079 3283 3613 3676 3731 3802 3879 3767 3886 4121 3994 3740 3654 4009 4338 4542 4398 4605 4624 4600 4935 4676 4834 5151 5951 5948 6219 6305 6432 6648 6314 5887 5723 5566 5457 5241 5075 4695 4575 4551 4338 4239 4262 3945 3761 3680 3308 3108 3503 3471 3386 3209 3088 2763 2388 2296 2170 2102 2056 1996 2038 2077 2147 2400 2534 2725 4949 5226 5479 5956 6122 6166 6464 6701 7056 6623 6439 6329 6282 6563 6848 6877 7190 7280 7801 7456 2118 2068 2033 2050 2254 2529 2829 2920 3162 3313 3585 3972 4350 4459 4366 4354 4275 4168 4062 3843 3666 3260 2876 2610 2328 2000 1825 1764 6573 6366 6205 5972 5790 5517 5389 5300 5526 5433 5229 4860 4525 4167 4065 3679 3414 3199 3081 2801 2255 1976 1985 2056 2102 2175 2348 3736 3808 3870 4067 4204 4455 4744 4954 5251 5396 5450 5261 4964 4784 4437 3876 3806 3743 3670 3242 3089 1977 2302 2845 3068 3294 3433 3689 3827 4856 5226 5447 5518 5314 4937 4712 4516 4388 4303 4254 4231 4217 4224 4283 5557 5253 4960 4374 4047 3896 4164 4097 3929 3678 3381 3346 2977 2472 2170 2010 1842 2693 2704 2748 2865 3051 3207 
201 0 210 430 497 780 916 861 853 1512 1499 1482 1733 2223 2508 2878 3097 3539 3843 4095 4465 4616 4780 5090 5451 5717 5859 6077 6224 6389 6539 6516 6094 925 784 488 365 356 347 460 625 864 1414 1642 1853 2196 2543 2880 3084 3413 3478 3536 3612 3693 3586 3709 3950 3828 3581 3502 3861 4193 4403 4270 4486 4512 4494 4843 4597 4768 5084 5814 5801 6060 6144 6268 6478 6142 5716 5549 5389 5278 5058 4894 4517 4391 4362 4146 4048 4076 3762 3580 3505 3123 2917 3307 3269 3185 3009 2889 2564 2189 2099 1981 1927 1898 1857 1922 1977 2068 2295 2420 2610 4865 5142 5399 5883 6047 6083 6377 6620 6978 6563 6390 6286 6248 6532 6815 6834 7151 7240 7762 7409 2033 1968 1917 1908 2103 2370 2664 2753 2985 3131 3402 3787 4161 4267 4170 4155 4075 3966 3860 3641 3465 3059 2676 2411 2129 1802 1624 1566 6515 6339 6184 5961 5767 5497 5359 5261 5480 5371 5155 4790 4447 4082 3981 3599 3341 3121 3015 2768 2197 1911 1846 1897 1925 1985 2150 3536 3606 3668 3866 4002 4254 4543 4753 5051 5196 5250 5061 4764 4583 4236 3674 3605 3543 3471 3043 2890 1911 2245 2814 3000 3216 3360 3607 3736 4786 5152 5387 5473 5275 4897 4681 4501 4384 4312 4286 4272 4269 4293 4372 5458 5154 4856 4270 3935 3805 4080 4025 3872 3630 3332 3281 2891 2356 2038 1863 1642 2496 2513 2566 2697 2901 3068 
411 210 0 243 472 780 961 973 969 1611 1565 1496 1711 2150 2410 2750 2963 3433 3752 4016 4395 4543 4696 4995 5345 5601 5739 5946 6088 6248 6394 6370 5948 965 784 461 349 462 545 251 417 657 1204 1434 1646 1988 2336 2673 2876 3206 3272 3335 3415 3501 3400 3527 3776 3660 3421 3350 3713 4050 4265 4143 4371 4405 4393 4757 4525 4708 5024 5674 5651 5895 5977 6097 6302 5964 5539 5368 5205 5092 4868 4705 4333 4200 4166 3945 3849 3883 3572 3393 3325 2932 2717 3102 3059 2974 2800 2682 2357 1982 1894 1787 1752 1744 1728 1820 1892 2006 2201 2316 2504 4788 5063 5324 5815 5977 6003 6294 6542 6904 6508 6347 6250 6221 6508 6789 6797 7118 7206 7730 7368 1965 1883 1815 1773 1956 2213 2498 2584 2804 2946 3215 3596 3966 4068 3967 3948 3865 3756 3650 3431 3255 2850 2467 2203 1922 1597 1414 1359 6463 6319 6172 5959 5752 5486 5338 5231 5442 5316 5087 4728 4377 4004 3906 3528 3278 3054 2962 2751 2157 1867 1717 1742 1748 1789 1945 3328 3397 3458 3656 3792 4044 4334 4544 4842 4989 5041 4852 4555 4374 4026 3464 3396 3335 3264 2836 2683 1866 2206 2799 2943 3149 3297 3533 3652 4724 5083 5333 5436 5244 4867 4661 4497 4393 4334 4331 4327 4334 4377 4475 5359 5054 4753 4168 3824 3718 3999 3957 3819 3588 3290 3222 2811 2247 1911 1720 1434 2292 2317 2380 2529 2753 2934 
624 430 243 0 405 696 914 1008 1008 1606 1522 1395 1568 1957 2198 2519 2730 3213 3541 3812 4198 4343 4489 4780 5123 5374 5509 5712 5852 6010 6155 6130 5709 914 700 394 336 544 721 196 305 529 1007 1223 1431 1774 2121 2457 2661 2990 3053 3106 3181 3263 3159 3285 3532 3417 3179 3109 3473 3811 4028 3912 4146 4183 4175 4549 4327 4520 4834 5661 5621 5840 5919 6032 6225 5881 5460 5282 5111 4993 4760 4601 4239 4091 4042 3809 3719 3768 3468 3296 3243 2826 2588 2953 2871 2776 2591 2465 2141 1765 1671 1550 1509 1504 1498 1606 1692 1823 1992 2100 2285 4586 4859 5123 5619 5780 5799 6086 6339 6702 6322 6170 6079 6058 6347 6626 6625 6948 7036 7560 7192 1778 1683 1602 1541 1717 1971 2255 2341 2562 2705 2975 3357 3730 3836 3741 3731 3658 3558 3454 3240 3069 2671 2297 2042 1768 1452 1242 1142 6279 6162 6021 5819 5600 5338 5181 5066 5270 5131 4892 4537 4180 3802 3706 3332 3089 2862 2781 2604 1992 1702 1488 1501 1505 1554 1724 3116 3192 3260 3460 3594 3840 4127 4336 4631 4774 4829 4640 4346 4167 3822 3266 3191 3122 3048 2620 2466 1699 2041 2653 2761 2957 3109 3336 3446 4532 4887 5148 5265 5078 4701 4506 4356 4266 4220 4242 4249 4269 4332 4455 5405 5099 4795 4212 3858 3782 4070 4044 3924 3705 3408 3322 2889 2291 1935 1721 1223 2069 2082 2139 2285 2513 2699 
596 497 472 405 0 308 510 625 628 1201 1119 1024 1245 1727 2021 2417 2641 3056 3351 3600 3968 4119 4286 4599 4965 5239 5384 5612 5765 5936 6092 6071 5648 511 312 11 133 294 578 592 708 919 1306 1482 1674 2008 2348 2679 2880 3207 3258 3274 3318 3373 3245 3351 3568 3433 3167 3073 3423 3749 3950 3803 4009 4029 4007 4349 4100 4270 4586 6067 6024 6238 6315 6425 6613 6268 5848 5666 5492 5371 5132 4975 4621 4463 4401 4158 4073 4136 3844 3677 3632 3203 2948 3290 3153 3037 2828 2683 2363 1993 1882 1699 1571 1489 1406 1442 1485 1570 1806 1938 2129 4369 4645 4902 5385 5550 5586 5882 6123 6481 6066 5896 5794 5760 6045 6328 6342 6660 6749 7272 6916 1536 1477 1437 1464 1676 1961 2269 2364 2630 2795 3069 3465 3855 3985 3918 3939 3892 3815 3715 3514 3353 2971 2613 2371 2109 1807 1571 1388 6019 5855 5704 5489 5285 5018 4874 4772 4987 4874 4658 4293 3950 3585 3485 3102 2843 2624 2518 2284 1702 1415 1395 1491 1576 1712 1940 3342 3436 3520 3722 3851 4082 4362 4563 4849 4985 5045 4858 4572 4400 4065 3526 3434 3345 3260 2835 2684 1415 1751 2331 2502 2719 2862 3110 3241 4289 4654 4890 4981 4785 4407 4197 4027 3921 3861 3864 3863 3877 3932 4050 5802 5496 5193 4609 4258 4171 4456 4421 4289 4060 3762 3690 3270 2687 2336 2126 1482 2271 2233 2237 2311 2468 2615 
834 780 780 696 308 0 241 491 503 948 832 716 954 1485 1807 2249 2479 2844 3117 3351 3709 3863 4040 4366 4745 5032 5183 5426 5588 5766 5929 5910 5487 235 4 320 433 479 756 889 988 1178 1475 1614 1787 2105 2431 2753 2950 3270 3312 3298 3317 3350 3203 3294 3487 3337 3055 2944 3281 3595 3785 3617 3804 3814 3782 4106 3842 4001 4317 6341 6289 6486 6561 6666 6844 6495 6078 5891 5711 5586 5339 5187 4843 4671 4596 4341 4262 4341 4061 3900 3868 3422 3149 3464 3274 3141 2913 2754 2442 2085 1963 1737 1549 1411 1273 1252 1263 1315 1592 1737 1929 4116 4394 4646 5121 5288 5334 5633 5868 6222 5791 5613 5507 5468 5751 6035 6055 6371 6461 6982 6631 1289 1255 1248 1340 1571 1869 2188 2289 2583 2762 3036 3439 3838 3986 3943 3989 3966 3909 3815 3625 3475 3111 2770 2545 2297 2012 1757 1513 5742 5558 5405 5186 4987 4719 4579 4481 4701 4600 4395 4026 3691 3335 3233 2846 2580 2366 2247 1988 1423 1142 1262 1416 1560 1757 2023 3412 3522 3618 3821 3944 4162 4433 4627 4903 5032 5097 4912 4636 4470 4144 3625 3519 3413 3319 2902 2755 1143 1470 2034 2234 2461 2599 2857 2999 4022 4392 4615 4694 4495 4117 3901 3724 3615 3553 3556 3557 3574 3637 3767 6100 5795 5491 4908 4554 4475 4761 4728 4597 4368 4071 3999 3576 2987 2631 2414 1614 2336 2258 2220 2237 2340 2456 
920 916 961 914 510 241 0 326 342 707 609 578 884 1487 1839 2322 2554 2868 3112 3327 3668 3825 4018 4358 4751 5052 5208 5466 5636 5821 5990 5974 5551 17 238 521 614 571 798 1102 1214 1412 1715 1848 2016 2328 2649 2968 3162 3479 3518 3489 3496 3518 3362 3442 3618 3460 3166 3043 3368 3672 3849 3664 3830 3828 3787 4085 3803 3942 4259 6572 6524 6725 6800 6906 7085 6736 6320 6133 5953 5828 5580 5428 5084 4913 4836 4580 4503 4582 4302 4142 4108 3663 3390 3703 3502 3364 3131 2967 2659 2307 2182 1942 1730 1564 1392 1323 1299 1303 1626 1784 1973 4083 4362 4607 5070 5239 5298 5602 5828 6176 5721 5528 5414 5363 5643 5929 5962 6272 6363 6883 6542 1291 1291 1318 1463 1702 2005 2328 2431 2741 2927 3199 3605 4008 4166 4134 4191 4177 4128 4035 3850 3703 3344 3006 2784 2537 2254 1998 1746 5669 5445 5284 5053 4869 4597 4469 4383 4612 4533 4347 3972 3651 3308 3204 2814 2538 2334 2196 1884 1367 1105 1381 1570 1744 1966 2243 3623 3738 3839 4041 4163 4375 4643 4834 5106 5232 5298 5115 4843 4679 4358 3845 3735 3623 3526 3114 2967 1109 1412 1927 2187 2428 2556 2828 2985 3969 4345 4547 4604 4398 4021 3792 3596 3472 3396 3374 3366 3374 3423 3540 6310 6005 5702 5118 4768 4676 4959 4918 4777 4541 4243 4182 3771 3196 2846 2636 1848 2548 2454 2398 2381 2445 2535 
793 861 973 1008 625 491 326 0 17 653 682 813 1158 1791 2153 2646 2878 3174 3404 3606 3934 4094 4296 4645 5046 5355 5513 5778 5950 6138 6309 6293 5870 344 490 633 672 514 628 1172 1311 1535 1923 2083 2264 2588 2918 3242 3440 3760 3804 3789 3804 3832 3680 3764 3943 3786 3493 3370 3693 3995 4170 3979 4137 4129 4083 4365 4069 4193 4509 6647 6618 6847 6926 7040 7232 6888 6467 6288 6115 5995 5757 5600 5243 5087 5026 4782 4698 4761 4468 4299 4251 3827 3573 3911 3750 3623 3400 3243 2929 2569 2449 2228 2036 1883 1718 1648 1616 1602 1942 2102 2290 4354 4632 4872 5325 5495 5565 5872 6091 6434 5957 5749 5627 5564 5838 6126 6174 6478 6571 7086 6758 1596 1609 1643 1789 2027 2329 2651 2754 3059 3243 3516 3920 4322 4474 4434 4481 4455 4395 4299 4105 3951 3579 3228 2992 2732 2432 2194 1984 5902 5635 5464 5217 5055 4777 4666 4592 4832 4775 4606 4226 3917 3586 3480 3089 2808 2612 2461 2104 1638 1393 1706 1889 2048 2248 2509 3902 4009 4103 4305 4430 4651 4923 5118 5395 5524 5589 5404 5127 4960 4633 4109 4006 3903 3810 3392 3244 1399 1680 2144 2455 2704 2825 3106 3272 4224 4604 4787 4822 4608 4233 3991 3772 3627 3529 3464 3438 3424 3436 3511 6318 6014 5716 5130 4792 4667 4941 4882 4720 4471 4174 4134 3751 3213 2884 2693 2083 2825 2749 2707 2704 2772 2859 
782 853 969 1008 628 503 342 17 0 662 696 831 1175 1809 2170 2663 2895 3192 3422 3624 3951 4111 4314 4663 5063 5373 5531 5795 5968 6155 6326 6310 5888 360 502 637 672 509 616 1170 1311 1536 1929 2090 2272 2597 2927 3252 3450 3771 3815 3801 3817 3846 3694 3779 3959 3802 3509 3386 3710 4012 4187 3996 4155 4147 4100 4383 4087 4210 4526 6643 6616 6846 6926 7040 7233 6889 6468 6289 6117 5997 5759 5602 5245 5090 5030 4786 4702 4764 4471 4301 4252 3829 3577 3917 3758 3632 3409 3253 2939 2578 2459 2239 2049 1898 1734 1665 1634 1620 1959 2120 2308 4372 4650 4890 5342 5512 5582 5889 6108 6451 5974 5766 5643 5580 5854 6142 6190 6494 6587 7102 6774 1614 1626 1660 1804 2042 2344 2666 2769 3073 3256 3530 3934 4335 4487 4447 4492 4466 4404 4308 4114 3959 3586 3234 2997 2737 2436 2198 1992 5919 5651 5480 5232 5070 4793 4682 4609 4848 4792 4623 4244 3935 3603 3497 3107 2825 2630 2478 2121 1656 1411 1722 1903 2061 2259 2519 3912 4019 4112 4314 4439 4661 4933 5129 5406 5535 5600 5415 5137 4970 4643 4118 4016 3913 3821 3403 3254 1417 1698 2160 2473 2722 2843 3124 3290 4242 4621 4804 4839 4625 4250 4007 3787 3642 3543 3477 3449 3434 3445 3518 6312 6007 5709 5124 4786 4659 4933 4873 4711 4461 4164 4125 3743 3207 2879 2690 2090 2836 2761 2720 2718 2788 2876 
1443 1512 1611 1606 1201 948 707 653 662 0 260 640 975 1639 2032 2590 2820 2977 3133 3283 3565 3729 3961 4337 4764 5103 5273 5571 5762 5965 6151 6140 5723 713 945 1212 1284 1161 1270 1787 1910 2116 2412 2526 2680 2976 3281 3585 3772 4078 4106 4041 4015 4005 3825 3878 4005 3826 3508 3356 3639 3905 4048 3815 3920 3885 3814 4033 3700 3781 4090 7267 7226 7433 7508 7614 7792 7443 7027 6839 6658 6532 6282 6131 5790 5615 5533 5272 5198 5284 5008 4848 4816 4369 4091 4392 4155 4004 3756 3581 3286 2951 2820 2551 2289 2068 1834 1664 1561 1446 1846 2020 2188 3994 4269 4491 4911 5084 5182 5496 5694 6022 5497 5262 5126 5042 5306 5597 5668 5961 6055 6564 6257 1470 1556 1661 1909 2150 2449 2768 2874 3215 3416 3680 4085 4495 4677 4679 4767 4780 4753 4665 4492 4355 4012 3688 3476 3236 2958 2698 2423 5437 5096 4913 4647 4512 4230 4142 4091 4346 4335 4208 3822 3550 3257 3149 2764 2472 2311 2123 1671 1374 1219 1823 2077 2308 2580 2882 4228 4357 4470 4671 4786 4983 5239 5421 5679 5794 5867 5687 5428 5273 4966 4476 4353 4225 4120 3722 3582 1231 1402 1700 2128 2394 2488 2789 2982 3822 4208 4344 4334 4109 3740 3477 3226 3056 2935 2836 2799 2777 2783 2863 6967 6662 6363 5777 5435 5318 5593 5535 5372 5122 4824 4787 4403 3857 3521 3321 2526 3164 3032 2928 2830 2792 2809 
1464 1499 1565 1522 1119 832 609 682 696 260 0 383 715 1381 1773 2330 2560 2728 2897 3060 3355 3518 3742 4112 4533 4867 5035 5327 5516 5717 5901 5890 5472 608 828 1131 1221 1143 1308 1712 1819 2009 2249 2344 2487 2771 3067 3365 3549 3851 3875 3801 3769 3753 3571 3621 3746 3566 3247 3095 3379 3647 3792 3563 3676 3645 3580 3814 3491 3586 3899 7173 7118 7305 7378 7478 7647 7295 6882 6690 6504 6375 6119 5972 5640 5455 5363 5095 5025 5121 4855 4701 4680 4220 3930 4213 3950 3792 3539 3360 3071 2745 2612 2332 2057 1826 1584 1407 1300 1187 1586 1760 1929 3782 4059 4286 4718 4890 4979 5291 5496 5830 5324 5102 4972 4900 5171 5460 5517 5817 5910 6423 6104 1210 1295 1403 1660 1899 2196 2514 2620 2963 3167 3429 3833 4244 4429 4436 4531 4552 4533 4448 4281 4149 3817 3504 3302 3072 2808 2539 2241 5266 4965 4790 4538 4383 4104 4001 3937 4184 4152 4009 3624 3340 3035 2927 2540 2249 2078 1899 1476 1127 960 1574 1836 2078 2363 2673 4002 4136 4253 4454 4566 4756 5009 5187 5442 5555 5628 5450 5195 5042 4740 4259 4131 3998 3891 3498 3360 972 1158 1510 1901 2165 2266 2562 2750 3624 4008 4162 4173 3953 3581 3329 3098 2947 2847 2791 2772 2771 2813 2935 6920 6615 6312 5728 5378 5283 5565 5519 5371 5129 4831 4779 4376 3805 3456 3244 2344 2945 2801 2686 2577 2532 2549 
1499 1482 1496 1395 1024 716 578 813 831 640 383 0 363 1032 1418 1962 2193 2404 2606 2797 3120 3280 3486 3841 4249 4568 4731 5011 5192 5388 5567 5554 5134 566 711 1035 1148 1146 1375 1591 1669 1827 1981 2046 2172 2439 2722 3012 3191 3488 3509 3426 3389 3371 3188 3237 3365 3187 2870 2722 3014 3291 3445 3229 3362 3343 3288 3556 3256 3381 3697 6975 6902 7063 7131 7224 7381 7025 6618 6419 6228 6094 5832 5689 5370 5172 5067 4790 4726 4837 4583 4438 4431 3956 3650 3908 3613 3448 3188 3005 2724 2410 2276 1984 1693 1451 1203 1023 924 837 1221 1394 1569 3541 3820 4059 4512 4681 4751 5058 5277 5621 5151 4952 4836 4785 5064 5350 5384 5694 5785 6304 5965 849 918 1020 1279 1517 1813 2130 2236 2581 2785 3046 3450 3861 4047 4059 4160 4189 4178 4095 3935 3811 3492 3195 3009 2794 2551 2272 1943 5097 4867 4707 4479 4291 4019 3890 3805 4036 3966 3792 3413 3104 2776 2669 2279 1995 1804 1648 1306 830 612 1193 1462 1715 2017 2336 3640 3780 3902 4102 4211 4394 4642 4818 5068 5179 5253 5076 4825 4675 4377 3908 3775 3636 3526 3140 3005 622 870 1349 1643 1895 2013 2297 2469 3411 3790 3979 4028 3820 3443 3213 3020 2903 2837 2847 2856 2885 2975 3146 6789 6484 6178 5597 5237 5176 5466 5438 5312 5084 4786 4712 4284 3681 3316 3088 2046 2593 2436 2311 2194 2153 2181 
1780 1733 1711 1568 1245 954 884 1158 1175 975 715 363 0 670 1060 1615 1845 2040 2248 2449 2784 2942 3139 3487 3891 4207 4369 4647 4829 5024 5204 5191 4771 869 950 1256 1377 1423 1677 1760 1809 1930 1972 1991 2085 2316 2570 2837 3006 3287 3298 3189 3130 3094 2900 2936 3044 2860 2538 2382 2664 2935 3085 2866 2999 2981 2929 3208 2919 3059 3376 7012 6919 7047 7109 7193 7332 6973 6574 6368 6169 6031 5759 5623 5324 5108 4984 4696 4642 4771 4537 4404 4416 3924 3599 3819 3469 3290 3019 2827 2567 2284 2147 1834 1510 1239 963 732 597 475 871 1045 1214 3201 3479 3723 4186 4354 4414 4719 4944 5292 4843 4659 4553 4515 4800 5083 5101 5417 5507 6028 5677 495 593 730 1036 1259 1539 1846 1951 2307 2516 2769 3169 3580 3778 3810 3932 3983 3993 3917 3773 3663 3372 3105 2944 2754 2545 2259 1891 4793 4609 4461 4252 4041 3775 3628 3527 3747 3654 3463 3088 2767 2429 2323 1933 1654 1454 1312 1040 483 249 956 1251 1537 1871 2206 3442 3594 3727 3923 4024 4190 4427 4593 4832 4935 5013 4839 4599 4457 4174 3733 3588 3435 3321 2954 2827 259 527 1088 1303 1547 1673 1949 2114 3085 3460 3668 3740 3541 3163 2951 2789 2700 2665 2734 2768 2825 2962 3182 6896 6592 6283 5708 5339 5310 5606 5595 5487 5272 4976 4884 4436 3809 3432 3191 1991 2428 2238 2079 1913 1828 1834 
2312 2223 2150 1957 1727 1485 1487 1791 1809 1639 1381 1032 670 0 393 967 1190 1383 1632 1872 2244 2393 2558 2881 3265 3565 3722 3988 4165 4358 4536 4523 4102 1470 1482 1736 1858 1963 2240 2130 2130 2183 2033 1965 1991 2134 2314 2525 2666 2909 2901 2739 2638 2566 2355 2364 2432 2238 1908 1740 2003 2266 2414 2198 2345 2341 2301 2623 2376 2563 2877 7031 6901 6968 7020 7085 7193 6830 6448 6230 6019 5872 5587 5465 5204 4959 4802 4496 4461 4625 4431 4324 4370 3856 3504 3644 3199 2996 2711 2509 2302 2096 1964 1636 1279 985 718 441 278 195 240 406 552 2642 2918 3176 3665 3827 3859 4154 4396 4755 4365 4222 4140 4137 4431 4704 4683 5012 5098 5623 5244 196 286 444 756 884 1084 1341 1439 1805 2018 2248 2633 3039 3258 3328 3489 3581 3632 3570 3460 3380 3150 2949 2844 2710 2572 2290 1881 4323 4259 4139 3978 3715 3470 3282 3145 3332 3175 2937 2580 2227 1858 1758 1378 1133 905 842 887 361 421 719 1000 1311 1679 2016 3067 3239 3390 3576 3660 3790 4001 4148 4363 4451 4534 4369 4153 4027 3776 3395 3232 3055 2932 2614 2509 410 375 936 816 1000 1152 1384 1515 2575 2933 3193 3329 3156 2783 2622 2542 2523 2557 2743 2825 2932 3146 3441 7045 6745 6433 5874 5492 5523 5827 5845 5773 5583 5293 5170 4693 4032 3644 3386 1965 2152 1905 1681 1413 1224 1184 
2615 2508 2410 2198 2021 1807 1839 2153 2170 2032 1773 1418 1060 393 0 581 799 1037 1342 1623 2024 2161 2292 2584 2944 3225 3375 3627 3797 3985 4159 4144 3722 1822 1804 2028 2147 2276 2561 2357 2332 2348 2099 1985 1968 2049 2175 2343 2462 2677 2656 2464 2337 2243 2023 2014 2059 1860 1526 1353 1609 1874 2028 1825 1997 2009 1986 2351 2149 2375 2680 7001 6849 6881 6927 6981 7069 6705 6336 6112 5894 5744 5452 5339 5103 4841 4666 4353 4329 4512 4344 4253 4320 3799 3436 3526 3029 2816 2527 2323 2157 2010 1887 1569 1223 959 768 592 543 586 215 127 160 2395 2665 2933 3440 3596 3603 3888 4144 4510 4170 4059 3996 4018 4316 4579 4532 4867 4949 5474 5077 568 552 596 768 782 876 1066 1153 1513 1724 1933 2303 2703 2933 3025 3209 3325 3400 3347 3259 3199 3011 2855 2786 2690 2598 2328 1914 4135 4158 4060 3933 3639 3411 3198 3037 3195 2991 2717 2382 2006 1616 1525 1176 990 760 802 1075 722 813 774 973 1255 1613 1931 2833 3015 3176 3353 3426 3533 3727 3862 4061 4140 4226 4067 3866 3751 3520 3181 3007 2819 2693 2412 2323 801 719 1117 763 844 1009 1170 1253 2375 2712 3012 3195 3045 2684 2564 2542 2569 2644 2891 2996 3125 3373 3699 7091 6794 6482 5935 5549 5614 5921 5957 5906 5731 5446 5306 4816 4142 3752 3490 1985 2006 1731 1471 1138 870 795 
3011 2878 2750 2519 2417 2249 2322 2646 2663 2590 2330 1962 1615 967 581 0 233 780 1196 1533 1959 2065 2120 2336 2631 2859 2991 3199 3348 3520 3679 3660 3237 2304 2247 2423 2533 2695 2984 2650 2592 2556 2181 2007 1928 1910 1943 2036 2117 2281 2241 2008 1846 1721 1492 1459 1481 1279 945 772 1053 1349 1535 1393 1638 1697 1720 2165 2064 2348 2627 6847 6665 6646 6683 6721 6783 6419 6068 5837 5613 5458 5158 5059 4860 4579 4379 4059 4052 4260 4132 4065 4160 3639 3267 3281 2719 2494 2209 2011 1918 1871 1772 1500 1223 1060 1021 1000 1042 1152 745 570 421 2259 2507 2786 3314 3455 3414 3674 3952 4329 4083 4029 3997 4059 4359 4604 4512 4855 4930 5449 5026 1121 1049 1005 977 834 709 707 755 1066 1262 1429 1771 2160 2401 2522 2734 2883 2991 2953 2898 2868 2748 2663 2652 2614 2595 2355 1961 4060 4226 4161 4086 3751 3554 3308 3116 3226 2948 2619 2337 1941 1541 1479 1235 1182 1007 1160 1579 1303 1375 1032 1068 1248 1539 1801 2432 2625 2796 2958 3014 3087 3256 3374 3552 3620 3709 3557 3377 3276 3075 2801 2616 2414 2285 2070 2011 1362 1300 1613 1117 1051 1195 1210 1182 2327 2611 2974 3231 3119 2787 2733 2789 2871 2991 3299 3425 3575 3852 4204 7048 6758 6449 5924 5534 5650 5958 6020 6002 5852 5577 5412 4907 4223 3838 3573 2007 1773 1472 1177 766 352 219 
3233 3097 2963 2730 2641 2479 2554 2878 2895 2820 2560 2193 1845 1190 799 233 0 682 1113 1458 1881 1973 1997 2181 2452 2661 2787 2983 3127 3295 3452 3432 3009 2537 2477 2646 2755 2921 3210 2855 2791 2743 2339 2150 2053 1998 1992 2048 2107 2240 2190 1932 1747 1599 1364 1306 1289 1081 744 558 821 1117 1309 1186 1453 1528 1568 2036 1976 2278 2542 6898 6704 6663 6695 6726 6775 6412 6071 5838 5610 5454 5152 5060 4879 4589 4379 4056 4057 4276 4167 4111 4217 3698 3325 3306 2718 2491 2212 2021 1964 1960 1873 1625 1379 1250 1239 1232 1275 1378 974 800 638 2148 2384 2664 3195 3329 3272 3522 3807 4185 3974 3941 3922 3999 4298 4534 4427 4770 4843 5358 4926 1350 1282 1236 1190 1025 849 757 774 1025 1200 1328 1639 2012 2263 2406 2638 2807 2935 2905 2870 2856 2770 2718 2730 2716 2722 2495 2112 3956 4175 4124 4070 3721 3537 3280 3078 3168 2864 2517 2260 1864 1472 1424 1237 1238 1098 1278 1742 1517 1603 1250 1256 1402 1662 1895 2386 2583 2758 2910 2956 3008 3158 3264 3427 3485 3576 3431 3266 3176 2996 2763 2574 2365 2237 2062 2020 1590 1510 1771 1237 1123 1248 1204 1132 2249 2509 2892 3174 3079 2763 2735 2823 2928 3066 3399 3535 3694 3985 4350 7142 6855 6547 6031 5641 5774 6082 6152 6145 6003 5732 5560 5050 4366 3984 3720 2150 1826 1523 1223 801 344 40 
3651 3539 3433 3213 3056 2844 2868 3174 3192 2977 2728 2404 2040 1383 1037 780 682 0 430 776 1198 1292 1339 1576 1911 2188 2341 2606 2789 2988 3174 3164 2749 2850 2842 3063 3181 3314 3599 3361 3319 3304 2957 2787 2708 2675 2675 2723 2771 2879 2819 2538 2324 2141 1907 1799 1662 1452 1160 962 956 1059 1120 845 962 973 964 1386 1294 1596 1860 7580 7384 7334 7365 7391 7431 7069 6735 6500 6271 6114 5810 5723 5552 5259 5043 4719 4725 4949 4846 4793 4900 4381 4008 3984 3385 3158 2883 2695 2647 2636 2543 2279 2001 1819 1726 1616 1580 1574 1252 1118 929 1479 1726 2005 2533 2674 2639 2906 3179 3554 3304 3260 3239 3317 3616 3851 3746 4089 4162 4679 4251 1578 1588 1621 1698 1596 1489 1439 1456 1683 1837 1917 2160 2484 2751 2939 3202 3401 3553 3532 3516 3516 3447 3401 3410 3387 3375 3136 2740 3283 3495 3450 3411 3052 2879 2614 2405 2487 2182 1842 1577 1181 791 751 654 789 778 1005 1557 1603 1793 1736 1829 2028 2318 2569 3019 3219 3397 3538 3571 3594 3715 3796 3923 3960 4055 3927 3797 3727 3584 3401 3209 2997 2870 2728 2694 1784 1576 1568 976 742 789 613 473 1566 1834 2210 2494 2406 2101 2101 2236 2380 2554 2940 3098 3281 3609 4010 7818 7530 7221 6700 6310 6430 6738 6800 6781 6628 6352 6190 5685 5002 4617 4351 2787 2509 2206 1906 1484 1027 722 
3940 3843 3752 3541 3351 3117 3112 3404 3422 3133 2897 2606 2248 1632 1342 1196 1113 430 0 345 768 869 953 1249 1642 1970 2141 2456 2662 2880 3082 3080 2681 3095 3114 3359 3479 3594 3872 3698 3669 3670 3353 3194 3123 3100 3105 3152 3197 3296 3233 2944 2720 2526 2296 2172 1996 1794 1533 1346 1254 1248 1219 887 830 758 682 1009 868 1165 1433 8011 7815 7762 7791 7815 7852 7490 7160 6924 6694 6536 6232 6147 5980 5686 5467 5143 5151 5377 5277 5223 5331 4812 4439 4414 3812 3584 3311 3124 3078 3062 2966 2695 2405 2204 2082 1934 1866 1809 1550 1445 1268 1073 1333 1608 2129 2276 2264 2546 2806 3176 2889 2834 2809 2887 3185 3421 3319 3662 3736 4253 3830 1828 1874 1939 2063 1986 1904 1868 1887 2109 2257 2321 2537 2837 3107 3313 3587 3798 3960 3943 3935 3939 3877 3832 3838 3810 3788 3543 3142 2865 3066 3024 2995 2629 2466 2195 1981 2056 1754 1424 1147 751 362 338 444 708 823 1030 1570 1778 2011 2090 2215 2433 2735 2994 3433 3634 3813 3948 3976 3987 4094 4164 4274 4299 4396 4276 4164 4104 3978 3817 3624 3410 3285 3155 3124 2005 1742 1566 1016 746 698 403 172 1136 1417 1781 2064 1981 1686 1713 1886 2062 2262 2684 2856 3054 3404 3826 8243 7954 7644 7120 6730 6842 7150 7207 7180 7021 6742 6586 6085 5403 5016 4751 3194 2940 2636 2337 1914 1458 1153 
4182 4095 4016 3812 3600 3351 3327 3606 3624 3283 3060 2797 2449 1872 1623 1533 1458 776 345 0 426 542 690 1053 1492 1861 2045 2396 2620 2850 3062 3067 2688 3311 3348 3608 3730 3831 4103 3976 3955 3968 3673 3521 3457 3441 3450 3497 3541 3635 3570 3277 3048 2848 2621 2489 2292 2097 1854 1674 1546 1483 1401 1064 886 750 613 758 535 820 1094 8357 8160 8106 8135 8158 8192 7831 7502 7266 7036 6877 6573 6489 6325 6030 5810 5486 5495 5722 5622 5569 5676 5156 4783 4759 4156 3928 3656 3469 3423 3403 3305 3029 2731 2520 2380 2211 2123 2036 1822 1734 1567 773 1047 1311 1819 1973 1988 2282 2526 2889 2564 2495 2466 2541 2840 3076 2979 3321 3396 3916 3496 2064 2132 2215 2367 2305 2239 2212 2232 2453 2598 2654 2855 3140 3410 3626 3907 4125 4293 4279 4275 4282 4222 4177 4181 4148 4119 3870 3466 2536 2720 2682 2662 2290 2135 1859 1640 1711 1415 1101 804 408 40 138 520 810 994 1160 1652 1967 2222 2388 2531 2760 3070 3334 3771 3972 4151 4284 4308 4311 4410 4472 4571 4589 4686 4573 4471 4419 4303 4155 3962 3747 3622 3499 3469 2218 1927 1638 1159 902 794 500 371 794 1094 1441 1718 1640 1357 1412 1626 1831 2055 2503 2686 2895 3260 3697 8582 8292 7982 7455 7065 7171 7479 7532 7499 7335 7053 6903 6405 5724 5336 5071 3521 3284 2981 2682 2259 1803 1498 
4542 4465 4395 4198 3968 3709 3668 3934 3951 3565 3355 3120 2784 2244 2024 1959 1881 1198 768 426 0 165 449 865 1332 1736 1928 2315 2554 2795 3017 3029 2682 3652 3705 3977 4099 4188 4455 4366 4352 4373 4091 3943 3881 3867 3874 3914 3953 4036 3968 3668 3433 3225 3003 2860 2638 2453 2235 2064 1895 1776 1645 1325 1051 874 709 524 135 400 668 8778 8579 8518 8545 8565 8593 8233 7909 7672 7441 7282 6977 6897 6739 6441 6218 5894 5906 6136 6042 5990 6099 5580 5207 5177 4568 4340 4070 3886 3846 3829 3731 3454 3154 2938 2788 2606 2506 2397 2216 2140 1979 430 704 939 1421 1582 1631 1938 2160 2513 2148 2069 2041 2122 2420 2652 2553 2895 2970 3490 3073 2432 2514 2610 2778 2725 2664 2637 2655 2867 3005 3047 3225 3487 3758 3988 4277 4505 4682 4672 4677 4690 4640 4600 4606 4574 4543 4292 3887 2117 2307 2281 2288 1902 1770 1483 1252 1295 989 694 378 18 419 499 866 1130 1344 1473 1900 2300 2569 2795 2949 3183 3495 3760 4169 4370 4550 4677 4697 4687 4772 4824 4906 4914 5012 4907 4822 4779 4679 4554 4360 4145 4021 3912 3886 2567 2256 1876 1480 1248 1111 862 788 368 689 1015 1305 1248 1010 1137 1425 1675 1928 2405 2600 2820 3202 3652 9008 8718 8408 7880 7491 7594 7901 7952 7916 7749 7466 7319 6822 6143 5755 5490 3943 3708 3405 3105 2683 2226 1921 
4696 4616 4543 4343 4119 3863 3825 4094 4111 3729 3518 3280 2942 2393 2161 2065 1973 1292 869 542 165 0 304 716 1182 1591 1783 2176 2418 2659 2883 2897 2560 3810 3859 4128 4251 4342 4610 4509 4492 4509 4215 4060 3992 3967 3962 3990 4021 4092 4020 3715 3474 3261 3043 2893 2656 2477 2278 2115 1921 1773 1620 1314 1011 827 664 376 41 368 572 8861 8656 8583 8608 8625 8646 8287 7969 7731 7499 7340 7034 6957 6808 6507 6279 5956 5971 6205 6119 6073 6186 5669 5296 5253 4636 4408 4142 3961 3933 3929 3835 3564 3271 3062 2921 2747 2652 2550 2357 2274 2109 265 540 783 1279 1436 1472 1778 2005 2361 2023 1968 1954 2054 2349 2571 2454 2797 2870 3386 2960 2582 2660 2751 2909 2847 2773 2730 2743 2939 3069 3097 3256 3503 3773 4011 4306 4542 4726 4720 4733 4752 4716 4688 4703 4679 4657 4409 4006 1996 2250 2241 2276 1878 1771 1476 1236 1242 892 558 317 179 545 638 1017 1287 1497 1632 2065 2458 2725 2929 3073 3299 3604 3861 4222 4423 4603 4725 4739 4720 4795 4839 4911 4913 5011 4912 4837 4800 4712 4606 4413 4197 4075 3981 3961 2722 2415 2041 1639 1402 1269 1009 913 303 552 921 1254 1229 1036 1205 1519 1781 2041 2523 2721 2943 3327 3780 9111 8822 8513 7989 7599 7710 8018 8073 8041 7878 7596 7445 6947 6266 5878 5613 4060 3798 3494 3195 2773 2317 2013 
4870 4780 4696 4489 4286 4040 4018 4296 4314 3961 3742 3486 3139 2558 2292 2120 1997 1339 953 690 449 304 0 416 883 1288 1480 1872 2114 2355 2579 2593 2259 4002 4037 4294 4416 4520 4793 4649 4622 4623 4296 4127 4044 3994 3961 3964 3980 4027 3949 3635 3385 3163 2954 2792 2530 2366 2201 2058 1818 1622 1439 1164 823 641 502 76 345 601 675 8839 8623 8528 8549 8558 8567 8210 7902 7662 7429 7269 6963 6893 6761 6455 6219 5896 5918 6160 6091 6055 6178 5665 5293 5223 4592 4365 4108 3935 3931 3956 3870 3615 3341 3152 3035 2883 2805 2725 2497 2397 2221 190 387 667 1198 1334 1311 1597 1853 2223 1981 1988 2009 2146 2431 2628 2473 2816 2881 3385 2942 2752 2814 2888 3016 2931 2827 2749 2750 2912 3024 3026 3149 3368 3635 3886 4191 4438 4635 4637 4665 4697 4688 4686 4719 4713 4713 4475 4080 1968 2358 2380 2456 2047 1973 1674 1428 1376 962 562 530 457 710 817 1207 1493 1684 1844 2310 2657 2913 3043 3162 3367 3654 3892 4149 4350 4530 4641 4647 4609 4667 4698 4753 4745 4844 4753 4695 4670 4603 4533 4340 4124 4004 3943 3934 2909 2616 2290 1845 1592 1476 1190 1044 516 552 995 1393 1417 1282 1483 1812 2079 2341 2825 3023 3246 3631 4084 9135 8849 8542 8028 7638 7767 8075 8140 8121 7967 7689 7529 7025 6342 5956 5691 4127 3802 3500 3204 2785 2336 2037 
5190 5090 4995 4780 4599 4366 4358 4645 4663 4337 4112 3841 3487 2881 2584 2336 2181 1576 1249 1053 865 716 416 0 466 874 1067 1464 1709 1952 2177 2194 1877 4341 4363 4607 4728 4843 5122 4932 4895 4880 4516 4331 4232 4150 4084 4053 4048 4062 3976 3652 3392 3160 2968 2792 2497 2359 2250 2137 1842 1581 1355 1158 799 666 616 341 757 953 909 8914 8682 8557 8572 8571 8562 8209 7917 7676 7441 7280 6974 6914 6807 6494 6247 5927 5958 6211 6165 6142 6278 5773 5404 5298 4651 4428 4185 4023 4052 4113 4038 3805 3555 3391 3302 3175 3114 3056 2795 2680 2496 508 436 634 1121 1214 1101 1340 1629 2007 1910 2003 2069 2250 2514 2676 2471 2807 2861 3340 2880 3077 3122 3180 3275 3166 3029 2911 2898 3013 3100 3064 3134 3307 3567 3836 4151 4415 4629 4641 4691 4741 4769 4801 4857 4875 4900 4676 4292 1917 2479 2542 2672 2255 2227 1930 1685 1568 1114 724 878 873 1081 1189 1572 1864 2037 2213 2700 3010 3254 3311 3400 3580 3841 4055 4173 4371 4550 4645 4638 4574 4605 4617 4644 4622 4720 4643 4613 4604 4569 4552 4361 4146 4033 4015 4022 3249 2971 2683 2210 1948 1848 1549 1373 865 712 1148 1589 1670 1608 1844 2193 2469 2735 3221 3421 3646 4033 4488 9269 8989 8683 8183 7794 7946 8254 8330 8326 8184 7911 7741 7232 6548 6166 5901 4331 3931 3636 3345 2938 2505 2220 
5560 5451 5345 5123 4965 4745 4751 5046 5063 4764 4533 4249 3891 3265 2944 2631 2452 1911 1642 1492 1332 1182 883 466 0 414 606 1013 1261 1506 1733 1753 1468 4734 4742 4973 5091 5219 5501 5267 5219 5188 4789 4590 4474 4360 4261 4195 4167 4144 4051 3721 3455 3216 3047 2858 2537 2431 2386 2308 1970 1658 1404 1314 999 940 963 808 1223 1393 1288 9015 8766 8608 8616 8603 8574 8227 7954 7712 7476 7315 7010 6961 6882 6563 6306 5990 6032 6294 6274 6266 6415 5921 5557 5413 4755 4537 4311 4164 4227 4326 4262 4053 3831 3692 3630 3528 3483 3447 3159 3030 2841 960 807 879 1217 1248 1033 1173 1486 1856 1943 2125 2235 2453 2689 2807 2558 2875 2916 3358 2887 3461 3492 3533 3596 3466 3299 3144 3116 3182 3240 3166 3177 3294 3541 3827 4150 4430 4661 4685 4759 4827 4895 4963 5043 5085 5138 4929 4559 1972 2691 2791 2970 2554 2567 2278 2040 1875 1420 1085 1317 1340 1523 1630 2003 2296 2454 2642 3145 3420 3652 3640 3700 3853 4087 4273 4243 4435 4611 4688 4666 4573 4574 4563 4558 4519 4616 4557 4558 4569 4570 4613 4425 4215 4109 4139 4163 3646 3383 3130 2635 2369 2281 1976 1783 1306 1074 1452 1900 2022 2016 2274 2634 2915 3185 3673 3874 4099 4488 4944 9433 9159 8858 8374 7985 8163 8469 8558 8570 8441 8174 7993 7480 6796 6420 6157 4590 4116 3830 3551 3161 2753 2489 
5836 5717 5601 5374 5239 5032 5052 5355 5373 5103 4867 4568 4207 3565 3225 2859 2661 2188 1970 1861 1736 1591 1288 874 414 0 192 601 850 1094 1322 1345 1085 5035 5030 5246 5363 5501 5787 5509 5451 5405 4974 4763 4632 4492 4362 4265 4218 4163 4064 3732 3464 3224 3077 2882 2545 2472 2482 2436 2075 1735 1477 1480 1231 1225 1289 1215 1631 1807 1691 9026 8762 8575 8577 8555 8508 8166 7911 7668 7433 7272 6969 6930 6877 6553 6289 5977 6029 6297 6301 6306 6466 5984 5628 5450 4786 4576 4367 4234 4327 4459 4406 4221 4025 3911 3875 3797 3768 3752 3440 3301 3110 1374 1215 1254 1501 1491 1227 1264 1572 1911 2150 2386 2522 2759 2973 3062 2785 3084 3113 3520 3048 3761 3777 3802 3835 3686 3494 3308 3268 3290 3322 3215 3174 3239 3472 3768 4094 4385 4630 4663 4757 4842 4945 5045 5147 5211 5288 5095 4740 2193 2999 3121 3324 2913 2945 2662 2428 2245 1797 1486 1731 1743 1895 2000 2359 2650 2793 2991 3509 3745 3964 3885 3918 4045 4252 4411 4249 4435 4606 4666 4631 4514 4488 4457 4424 4370 4465 4422 4451 4479 4513 4607 4424 4220 4122 4194 4233 3957 3710 3497 2981 2712 2636 2329 2123 1720 1476 1827 2271 2410 2423 2685 3047 3329 3599 4087 4288 4513 4902 5358 9502 9234 8936 8468 8082 8282 8586 8687 8715 8598 8337 8146 7631 6950 6579 6319 4763 4227 3952 3685 3317 2937 2696 
5981 5859 5739 5509 5384 5183 5208 5513 5531 5273 5035 4731 4369 3722 3375 2991 2787 2341 2141 2045 1928 1783 1480 1067 606 192 0 415 664 908 1135 1160 926 5191 5180 5391 5506 5649 5935 5641 5579 5526 5083 4867 4731 4579 4437 4326 4271 4202 4100 3770 3501 3261 3126 2930 2587 2529 2564 2532 2164 1818 1562 1601 1378 1389 1463 1407 1824 1998 1877 9054 8784 8583 8582 8555 8500 8161 7914 7672 7437 7277 6975 6941 6899 6574 6306 5997 6053 6325 6339 6351 6515 6040 5686 5495 4829 4622 4422 4295 4402 4547 4499 4325 4140 4037 4011 3942 3919 3910 3591 3448 3256 1566 1404 1430 1642 1617 1339 1334 1631 1951 2252 2510 2656 2900 3104 3180 2892 3181 3205 3594 3124 3917 3928 3947 3969 3812 3611 3413 3368 3371 3392 3272 3207 3248 3472 3772 4099 4394 4644 4682 4786 4877 4996 5110 5221 5294 5382 5195 4848 2301 3141 3271 3485 3076 3118 2837 2606 2415 1972 1671 1923 1935 2079 2183 2538 2828 2965 3166 3688 3910 4125 4021 4043 4159 4354 4502 4282 4464 4632 4685 4644 4516 4477 4436 4390 4328 4422 4387 4430 4466 4515 4634 4454 4253 4158 4250 4294 4117 3877 3677 3155 2885 2814 2506 2297 1912 1661 2000 2441 2587 2609 2875 3238 3521 3791 4279 4480 4705 5094 5551 9556 9291 8995 8534 8149 8359 8662 8768 8803 8691 8434 8238 7722 7043 6676 6417 4867 4306 4037 3777 3419 3052 2820 
6208 6077 5946 5712 5612 5426 5466 5778 5795 5571 5327 5011 4647 3988 3627 3199 2983 2606 2456 2396 2315 2176 1872 1464 1013 601 415 0 249 493 720 745 553 5449 5424 5618 5731 5884 6173 5834 5763 5694 5223 4997 4848 4670 4500 4360 4286 4186 4080 3754 3488 3252 3143 2945 2598 2574 2661 2660 2286 1935 1695 1809 1651 1697 1795 1800 2217 2406 2292 8998 8715 8486 8479 8442 8370 8038 7809 7567 7333 7174 6876 6852 6836 6509 6234 5933 5997 6274 6311 6336 6511 6051 5707 5483 4818 4621 4441 4329 4464 4640 4604 4455 4299 4221 4220 4176 4169 4180 3840 3689 3497 1969 1816 1844 2031 1990 1701 1646 1920 2202 2592 2876 3033 3284 3477 3535 3234 3508 3525 3884 3420 4181 4177 4181 4173 4000 3777 3552 3497 3458 3453 3303 3187 3175 3380 3685 4010 4312 4573 4620 4743 4850 5003 5147 5279 5373 5484 5315 4986 2648 3525 3664 3889 3482 3530 3251 3020 2826 2385 2086 2330 2321 2432 2533 2871 3156 3277 3486 4020 4200 4400 4231 4226 4315 4482 4601 4252 4425 4587 4622 4569 4418 4352 4292 4218 4142 4233 4214 4284 4337 4419 4588 4415 4223 4137 4269 4328 4391 4170 4013 3472 3202 3144 2837 2619 2319 2075 2413 2852 3001 3023 3287 3647 3928 4197 4684 4885 5109 5497 5953 9556 9298 9007 8564 8183 8415 8715 8833 8883 8785 8534 8329 7812 7139 6780 6525 4997 4380 4126 3882 3550 3218 3013 
6360 6224 6088 5852 5765 5588 5636 5950 5968 5762 5516 5192 4829 4165 3797 3348 3127 2789 2662 2620 2554 2418 2114 1709 1261 850 664 249 0 244 471 495 381 5618 5585 5771 5881 6041 6330 5968 5891 5814 5328 5097 4940 4748 4563 4407 4322 4203 4096 3773 3512 3279 3186 2990 2644 2640 2756 2772 2398 2049 1823 1972 1845 1906 2012 2043 2459 2653 2541 8981 8690 8444 8433 8391 8308 7981 7763 7522 7289 7131 6836 6818 6817 6489 6211 5915 5984 6264 6315 6349 6529 6079 5741 5499 4836 4645 4478 4376 4527 4720 4690 4556 4417 4353 4366 4335 4337 4359 4009 3854 3663 2215 2066 2093 2268 2220 1927 1849 2109 2370 2802 3099 3261 3516 3702 3751 3444 3709 3722 4064 3605 4357 4345 4340 4316 4135 3901 3663 3603 3539 3520 3354 3209 3165 3355 3662 3984 4289 4555 4608 4742 4858 5030 5193 5336 5442 5567 5407 5090 2862 3756 3901 4131 3726 3777 3499 3269 3073 2633 2335 2578 2559 2657 2756 3085 3367 3479 3692 4231 4389 4580 4377 4357 4432 4581 4685 4261 4428 4586 4609 4550 4384 4302 4230 4139 4054 4143 4134 4222 4285 4386 4586 4418 4232 4152 4308 4375 4571 4360 4225 3676 3407 3355 3050 2828 2566 2325 2661 3099 3250 3273 3535 3895 4175 4443 4930 5130 5355 5742 6197 9573 9319 9031 8599 8221 8465 8764 8888 8947 8857 8611 8401 7884 7215 6861 6608 5097 4449 4205 3971 3656 3345 3155 
6528 6389 6248 6010 5936 5766 5821 6138 6155 5965 5717 5388 5024 4358 3985 3520 3295 2988 2880 2850 2795 2659 2355 1952 1506 1094 908 493 244 0 227 255 347 5803 5764 5941 6050 6215 6504 6121 6039 5955 5457 5221 5058 4854 4655 4484 4390 4254 4145 3828 3571 3342 3265 3071 2729 2742 2883 2913 2542 2199 1986 2160 2057 2127 2240 2285 2701 2898 2785 8991 8692 8430 8415 8367 8273 7951 7745 7506 7274 7117 6824 6813 6827 6499 6218 5927 6002 6284 6348 6389 6575 6135 5804 5545 4886 4701 4546 4454 4619 4827 4804 4683 4559 4507 4532 4513 4522 4552 4195 4037 3847 2459 2310 2334 2495 2440 2145 2047 2294 2534 3004 3312 3480 3738 3917 3957 3644 3900 3909 4234 3780 4548 4529 4518 4480 4292 4050 3801 3736 3651 3619 3440 3268 3194 3369 3676 3994 4300 4570 4628 4773 4897 5088 5268 5421 5538 5675 5525 5218 3067 3978 4127 4363 3960 4016 3739 3511 3311 2873 2579 2822 2799 2887 2985 3308 3587 3692 3908 4450 4591 4775 4544 4511 4573 4707 4795 4303 4464 4617 4630 4563 4384 4286 4202 4093 4000 4086 4088 4193 4267 4387 4617 4455 4274 4201 4378 4452 4766 4563 4446 3891 3623 3576 3271 3048 2811 2569 2901 3337 3491 3517 3780 4139 4419 4687 5173 5374 5598 5984 6439 9615 9365 9080 8659 8284 8540 8837 8967 9035 8952 8710 8495 7979 7315 6966 6716 5221 4548 4313 4089 3790 3498 3321 
