7
256
34 0 1 2 3 4 5 6 7 8 9 10 11 12 13 14 15 16 17 18 19 20 21 22 23 24 25 26 27 28 29 30 31 32 33
40 34 35 36 37 38 39 40 41 42 43 44 45 46 47 48 49 50 51 52 53 54 55 56 57 58 59 60 61 62 63 64 31 32 33 65 66 67 68 69 70
70 71 72 73 74 75 76 77 78 79 80 81 82 83 84 85 86 87 88 89 10 11 12 13 14 15 16 17 18 90 91 92 20 93 94 95 96 97 98 99 100 101 102 103 104 105 106 107 108 109 110 111 112 113 114 115 116 117 118 119 120 121 122 123 124 125 126 127 128 129 130
29 131 132 133 134 135 136 137 138 139 140 141 142 143 144 145 146 147 148 149 150 151 152 153 154 155 156 157 158 159
50 160 161 162 163 164 165 166 167 168 169 170 171 55 56 57 58 172 173 174 175 176 156 157 158 177 178 179 180 181 182 183 15 184 185 186 187 188 189 190 191 192 193 194 195 196 197 78 79 80 198
47 199 200 201 202 203 204 205 206 207 208 209 210 211 212 213 12 13 14 214 215 216 217 218 219 220 93 94 95 96 97 98 99 100 221 222 223 224 225 226 227 140 141 228 229 230 231 160
36 232 210 211 212 213 12 13 14 15 16 233 234 235 236 237 238 58 59 239 132 240 241 242 243 244 245 246 247 248 249 250 251 252 253 254 255
1200 900 1800 900 600 600 900 
0 432 460 345 398 550 942 1162 1460 1856 2193 2601 2685 2727 2819 2852 2766 3024 3319 3816 4053 4805 5145 5382 5735 5901 5863 5533 5485 5653 5742 5956 6103 6247 2755 2838 2560 2259 2056 1899 1858 1907 1708 1900 2232 2637 2594 2383 2445 2771 2971 2994 3224 3520 3791 4033 4108 4279 4492 4679 4875 5147 5632 5726 5811 6197 5993 5709 5648 5487 5572 3988 4425 4081 4039 3794 4008 4042 3854 3556 3430 3201 2736 2491 2199 2242 2493 2570 2334 2278 3598 3760 3954 4289 4261 4240 4253 4208 4258 4382 4463 4276 4131 4288 4378 4523 5207 5467 5826 6230 6050 5999 5907 5625 5591 5787 6189 6498 6491 6499 6743 6951 7159 7534 7647 7955 8027 8063 8113 8373 8647 4895 5221 5352 5184 5074 4899 4746 4552 4400 4284 4218 3961 3698 3296 2994 2844 2924 3106 3284 3330 3409 3540 3819 4015 4180 4235 4254 4297 4794 3683 3770 3766 3862 3931 4046 4225 4282 4270 4107 3927 3853 4472 4360 4245 4205 4242 4512 4325 4246 3678 3414 3380 3080 2681 2688 2682 2743 2542 2911 3356 3489 3819 4035 3998 4396 4196 4015 3228 6323 5896 5499 5226 5090 4601 4319 4079 3711 3466 3507 3331 2881 2553 2755 3119 3390 3478 3698 4248 4350 4522 4315 4140 4044 3906 3956 4117 4269 4043 3950 3871 3771 3488 3048 3206 3492 3775 3995 4265 4875 6367 6707 7044 7692 8177 8368 8600 8697 8627 8434 8139 7953 8328 8801 9014 9254 
432 0 53 273 523 742 1171 1429 1745 2175 2529 2943 3038 3112 3207 3257 3191 3457 3751 4246 4482 5233 5573 5809 6161 6333 6294 5965 5917 6085 6173 6387 6535 6679 3040 3157 2902 2598 2444 2299 2267 2333 2140 2331 2662 3066 3019 2790 2845 3166 3363 3373 3597 3887 4152 4413 4495 4677 4901 5094 5294 5567 6057 6154 6241 6630 6425 6141 6080 5919 6004 4026 4448 4143 4112 3889 4118 4181 4005 3708 3567 3310 2750 2548 2293 2385 2648 2753 2591 2570 4029 4191 4384 4719 4692 4672 4685 4638 4684 4801 4873 4672 4516 4663 4746 4882 5562 5838 6189 6582 6396 6336 6226 5945 5905 6095 6499 6807 6782 6779 7020 7225 7431 7804 7900 8201 8287 8332 8392 8671 8953 5315 5634 5760 5582 5464 5279 5112 4900 4736 4611 4537 4277 4012 3618 3317 3190 3300 3499 3691 3746 3834 3967 4249 4447 4612 4667 4685 4726 5222 3905 3988 4002 4125 4209 4349 4546 4610 4609 4453 4280 4213 4884 4780 4672 4635 4674 4941 4749 4654 4092 3825 3786 3483 3088 3073 3034 3060 2824 3159 3595 3748 4070 4278 4215 4601 4380 4177 3342 6672 6241 5840 5565 5427 4934 4649 4402 4021 3759 3768 3569 3131 2834 3072 3520 3796 3892 4111 4657 4775 4950 4713 4526 4421 4268 4309 4462 4609 4345 4230 4134 4008 3748 3480 3636 3916 4191 4404 4666 5294 6774 7111 7443 8088 8573 8767 8996 9086 9009 8811 8518 8320 8692 9152 9363 9599 
460 53 0 255 507 726 1154 1414 1732 2166 2522 2937 3035 3115 3211 3266 3207 3482 3775 4267 4502 5252 5592 5827 6178 6355 6316 5987 5942 6112 6202 6416 6563 6706 3024 3146 2896 2592 2449 2306 2278 2352 2165 2359 2692 3097 3052 2829 2885 3208 3405 3417 3642 3932 4199 4458 4538 4718 4940 5131 5330 5602 6091 6185 6271 6656 6451 6169 6107 5944 6027 3982 4403 4101 4072 3850 4080 4146 3971 3675 3533 3273 2705 2507 2255 2353 2616 2725 2571 2556 4051 4212 4406 4739 4714 4696 4712 4668 4717 4837 4912 4714 4559 4708 4792 4929 5609 5884 6236 6629 6444 6385 6276 5995 5955 6146 6550 6858 6834 6832 7072 7278 7484 7857 7954 8254 8340 8385 8445 8723 9005 5351 5672 5799 5623 5507 5324 5158 4948 4785 4660 4587 4327 4063 3668 3367 3238 3344 3541 3730 3783 3868 3999 4279 4475 4640 4692 4707 4745 5240 3959 4042 4055 4178 4261 4400 4596 4659 4657 4501 4327 4259 4923 4815 4705 4665 4701 4960 4765 4663 4103 3836 3794 3491 3097 3077 3030 3050 2808 3138 3572 3728 4049 4255 4189 4573 4350 4145 3305 6665 6234 5833 5556 5419 4925 4639 4391 4008 3744 3748 3546 3110 2818 3061 3528 3805 3904 4122 4667 4792 4970 4754 4569 4466 4315 4356 4510 4657 4396 4283 4187 4061 3728 3507 3666 3949 4227 4443 4707 5330 6814 7151 7484 8130 8615 8808 9038 9129 9053 8856 8562 8367 8739 9200 9411 9647 
345 273 255 0 252 471 899 1159 1477 1912 2269 2685 2784 2872 2970 3033 2995 3299 3584 4064 4297 5045 5385 5616 5965 6157 6118 5791 5752 5930 6033 6245 6387 6526 2769 2891 2644 2339 2209 2074 2052 2147 1983 2188 2528 2938 2904 2714 2780 3108 3309 3336 3567 3863 4135 4374 4447 4613 4820 5001 5192 5461 5938 6025 6106 6471 6265 5991 5925 5754 5831 3789 4217 3899 3865 3636 3861 3918 3740 3443 3304 3053 2519 2302 2037 2120 2381 2483 2318 2301 3854 4013 4207 4536 4517 4506 4533 4501 4563 4699 4788 4612 4470 4630 4722 4868 5552 5810 6170 6575 6395 6344 6251 5969 5934 6130 6532 6841 6831 6837 7080 7288 7495 7870 7979 8285 8361 8399 8452 8714 8990 5210 5543 5680 5519 5412 5240 5090 4897 4745 4629 4562 4304 4041 3640 3338 3190 3266 3444 3613 3651 3718 3844 4113 4303 4463 4501 4510 4540 5032 4003 4090 4091 4195 4268 4387 4569 4627 4615 4452 4272 4197 4797 4675 4550 4497 4522 4753 4550 4431 3877 3609 3562 3257 2866 2835 2779 2795 2553 2886 3322 3475 3797 4005 3943 4329 4110 3910 3084 6412 5981 5579 5302 5165 4670 4384 4136 3753 3489 3495 3295 2858 2563 2806 3293 3573 3679 3894 4436 4578 4763 4649 4479 4385 4251 4301 4462 4615 4384 4287 4204 4096 3475 3326 3499 3802 4096 4322 4597 5192 6695 7037 7376 8026 8511 8700 8934 9033 8967 8775 8479 8296 8672 9145 9359 9599 
398 523 507 252 0 219 648 907 1225 1661 2020 2437 2538 2637 2736 2810 2795 3131 3408 3873 4103 4848 5188 5414 5760 5969 5929 5605 5573 5760 5876 6084 6222 6357 2517 2640 2395 2091 1978 1851 1838 1959 1823 2039 2384 2799 2777 2622 2700 3032 3236 3278 3513 3815 4090 4308 4374 4525 4716 4886 5069 5334 5797 5876 5953 6296 6090 5824 5754 5575 5646 3603 4037 3703 3664 3426 3647 3694 3513 3215 3081 2838 2344 2108 1828 1893 2151 2246 2067 2049 3669 3826 4019 4343 4331 4328 4366 4348 4424 4575 4681 4527 4398 4570 4669 4823 5511 5751 6119 6535 6361 6318 6240 5958 5929 6129 6528 6837 6842 6856 7102 7311 7519 7896 8017 8327 8393 8424 8470 8717 8986 5083 5428 5574 5428 5332 5173 5038 4864 4722 4615 4556 4300 4040 3634 3332 3166 3211 3369 3515 3538 3586 3705 3962 4145 4298 4323 4324 4344 4833 4066 4155 4146 4232 4294 4393 4561 4613 4590 4422 4235 4155 4686 4550 4409 4343 4355 4557 4344 4207 3658 3389 3337 3031 2644 2600 2532 2543 2301 2637 3074 3225 3548 3757 3700 4089 3874 3680 2868 6163 5731 5329 5052 4914 4419 4133 3884 3500 3237 3245 3048 2608 2311 2554 3066 3349 3462 3674 4213 4374 4566 4561 4406 4323 4206 4264 4432 4590 4391 4311 4240 4150 3225 3161 3347 3671 3981 4217 4504 5069 6590 6935 7280 7934 8420 8603 8842 8949 8891 8706 8408 8238 8616 9102 9317 9561 
550 742 726 471 219 0 429 688 1006 1446 1806 2223 2327 2439 2539 2625 2635 3003 3269 3720 3946 4687 5026 5248 5591 5816 5775 5454 5429 5624 5752 5958 6091 6221 2298 2422 2182 1878 1787 1671 1668 1816 1710 1936 2284 2700 2690 2570 2658 2991 3196 3252 3490 3795 4074 4273 4331 4468 4644 4803 4978 5239 5690 5761 5833 6156 5949 5691 5618 5431 5495 3440 3880 3531 3489 3244 3460 3498 3314 3015 2886 2652 2197 1944 1649 1697 1951 2039 1849 1829 3522 3676 3868 4187 4183 4186 4236 4230 4320 4486 4605 4473 4356 4538 4644 4805 5494 5719 6092 6518 6349 6313 6249 5967 5942 6146 6542 6851 6868 6889 7137 7348 7557 7934 8065 8379 8437 8462 8502 8736 8999 4990 5345 5499 5368 5280 5133 5012 4856 4723 4624 4571 4319 4062 3652 3352 3171 3188 3327 3452 3460 3490 3603 3848 4023 4171 4181 4175 4186 4671 4142 4233 4214 4285 4338 4420 4574 4622 4590 4418 4225 4140 4608 4459 4304 4225 4225 4397 4175 4019 3478 3208 3150 2843 2462 2402 2322 2325 2081 2419 2858 3007 3330 3540 3486 3878 3667 3478 2680 5948 5515 5113 4836 4698 4203 3916 3666 3282 3017 3026 2832 2390 2092 2337 2877 3162 3283 3492 4026 4206 4405 4504 4363 4289 4188 4254 4428 4589 4419 4353 4293 4218 3007 3035 3234 3576 3901 4146 4443 4978 6514 6862 7211 7869 8354 8534 8776 8889 8841 8662 8361 8202 8584 9079 9297 9544 
942 1171 1154 899 648 429 0 271 589 1041 1408 1825 1937 2086 2190 2307 2381 2820 3061 3472 3688 4417 4753 4965 5299 5561 5518 5205 5195 5407 5562 5761 5883 6004 1870 2006 1784 1482 1462 1381 1407 1623 1596 1835 2178 2588 2603 2560 2666 2995 3200 3282 3523 3833 4114 4273 4317 4424 4569 4704 4861 5113 5535 5590 5651 5928 5720 5482 5400 5198 5247 3115 3563 3187 3137 2878 3084 3105 2915 2616 2496 2280 1916 1629 1308 1313 1556 1628 1419 1406 3292 3437 3627 3931 3942 3963 4038 4061 4179 4375 4524 4435 4344 4544 4662 4836 5524 5717 6102 6544 6385 6363 6326 6045 6030 6240 6629 6937 6976 7012 7262 7475 7684 8063 8212 8533 8575 8588 8618 8826 9077 4868 5243 5412 5312 5244 5121 5028 4906 4792 4709 4669 4424 4175 3763 3469 3262 3226 3325 3406 3383 3375 3473 3688 3846 3979 3958 3934 3924 4397 4353 4447 4411 4454 4490 4540 4669 4706 4658 4478 4277 4182 4521 4345 4160 4055 4028 4130 3889 3685 3165 2895 2823 2515 2152 2052 1930 1909 1654 1990 2430 2578 2901 3112 3062 3457 3253 3073 2306 5538 5105 4701 4422 4284 3788 3500 3248 2859 2591 2597 2404 1961 1664 1920 2546 2837 2975 3176 3696 3922 4138 4459 4350 4295 4226 4306 4488 4657 4540 4501 4461 4415 2577 2858 3084 3463 3814 4077 4391 4861 6422 6775 7134 7795 8280 8450 8699 8826 8795 8628 8324 8189 8574 9089 9310 9563 
1162 1429 1414 1159 907 688 271 0 319 770 1137 1553 1667 1825 1930 2060 2165 2638 2864 3253 3464 4186 4519 4726 5057 5334 5290 4981 4979 5198 5367 5562 5678 5794 1611 1737 1513 1211 1218 1157 1200 1452 1475 1715 2049 2449 2480 2483 2599 2922 3125 3223 3464 3774 4055 4189 4225 4313 4438 4560 4707 4952 5357 5404 5460 5714 5506 5277 5191 4981 5024 3015 3467 3068 3009 2737 2930 2930 2734 2436 2329 2138 1871 1559 1221 1170 1392 1437 1174 1141 3083 3223 3410 3707 3726 3754 3842 3881 4013 4225 4390 4328 4253 4463 4588 4769 5454 5627 6017 6468 6317 6303 6282 6003 5994 6207 6591 6898 6952 6996 7248 7461 7671 8050 8211 8535 8567 8573 8595 8786 9030 4710 5095 5273 5191 5134 5026 4951 4850 4749 4676 4644 4405 4162 3752 3464 3241 3172 3246 3299 3259 3227 3316 3514 3662 3787 3750 3717 3697 4164 4404 4500 4454 4477 4502 4530 4642 4673 4614 4430 4225 4125 4384 4194 3993 3874 3832 3900 3651 3429 2917 2648 2570 2263 1909 1792 1659 1640 1395 1749 2194 2331 2659 2874 2838 3239 3048 2883 2160 5267 4834 4430 4152 4014 3518 3231 2979 2593 2330 2349 2169 1720 1406 1651 2293 2584 2730 2926 3441 3685 3907 4348 4257 4214 4165 4253 4440 4612 4531 4510 4483 4456 2330 2679 2918 3316 3680 3952 4275 4707 6278 6633 6996 7659 8143 8307 8560 8695 8673 8513 8208 8086 8474 9000 9222 9478 
1460 1745 1732 1477 1225 1006 589 319 0 458 826 1240 1359 1545 1652 1806 1965 2488 2688 3041 3242 3950 4280 4479 4802 5104 5059 4757 4765 4996 5183 5372 5481 5589 1298 1417 1200 901 982 965 1039 1341 1437 1670 1981 2362 2413 2477 2603 2915 3114 3230 3469 3776 4056 4158 4182 4248 4347 4450 4582 4819 5199 5233 5282 5502 5294 5079 4989 4768 4800 2880 3335 2910 2842 2556 2732 2707 2505 2211 2120 1963 1821 1488 1144 1023 1206 1212 879 825 2886 3018 3201 3484 3515 3556 3663 3723 3875 4109 4294 4267 4212 4434 4567 4755 5434 5583 5978 6439 6297 6294 6294 6017 6014 6232 6608 6913 6984 7038 7291 7505 7715 8094 8268 8596 8616 8613 8627 8798 9032 4581 4978 5167 5108 5067 4978 4924 4850 4765 4705 4682 4451 4217 3810 3531 3293 3185 3228 3244 3181 3120 3195 3367 3500 3612 3551 3507 3470 3926 4530 4626 4568 4571 4582 4586 4677 4701 4630 4442 4232 4127 4284 4075 3853 3715 3653 3669 3406 3151 2658 2391 2303 1998 1665 1514 1351 1321 1083 1456 1904 2029 2360 2579 2558 2965 2789 2642 1979 4949 4515 4111 3833 3695 3199 2911 2660 2275 2015 2047 1880 1425 1094 1331 2025 2318 2477 2664 3166 3442 3675 4281 4214 4186 4162 4260 4453 4628 4588 4588 4576 4570 2028 2533 2788 3208 3589 3870 4203 4582 6162 6519 6888 7552 8034 8191 8448 8592 8584 8433 8127 8022 8411 8950 9175 9435 
1856 2175 2166 1912 1661 1446 1041 770 458 0 368 783 901 1109 1217 1400 1632 2214 2376 2676 2863 3551 3876 4065 4381 4708 4662 4368 4390 4633 4843 5024 5122 5222 923 983 743 443 643 714 831 1179 1376 1582 1845 2183 2262 2411 2549 2837 3026 3166 3398 3699 3973 4029 4037 4069 4132 4209 4320 4543 4891 4909 4947 5126 4919 4722 4625 4393 4412 2868 3318 2859 2776 2473 2614 2541 2330 2051 1997 1909 1968 1625 1303 1093 1183 1111 624 452 2543 2663 2839 3103 3148 3205 3335 3423 3602 3862 4074 4094 4068 4304 4448 4646 5312 5424 5826 6299 6170 6182 6210 5937 5945 6166 6531 6832 6927 6996 7250 7464 7673 8050 8244 8577 8578 8564 8565 8707 8927 4314 4725 4927 4900 4879 4817 4795 4760 4696 4655 4646 4428 4209 3812 3550 3293 3131 3128 3093 2999 2896 2952 3086 3196 3292 3200 3140 3083 3524 4623 4721 4645 4617 4609 4576 4638 4651 4563 4371 4157 4044 4058 3826 3577 3414 3326 3276 2999 2711 2238 1976 1876 1577 1276 1081 892 887 724 1155 1598 1683 2020 2248 2267 2685 2544 2440 1915 4501 4069 3667 3390 3252 2758 2473 2227 1854 1615 1698 1577 1122 736 899 1600 1892 2065 2241 2729 3037 3281 4101 4068 4062 4073 4184 4382 4560 4581 4610 4621 4646 1680 2264 2538 2983 3381 3672 4016 4320 5906 6264 6638 7303 7780 7928 8190 8347 8355 8216 7909 7828 8219 8774 9001 9265 
2193 2529 2522 2269 2020 1806 1408 1137 826 368 0 417 533 780 887 1107 1420 2046 2166 2408 2580 3244 3563 3743 4051 4402 4355 4069 4103 4358 4586 4760 4849 4940 694 655 376 76 528 693 829 1173 1439 1609 1817 2105 2207 2424 2568 2831 3008 3165 3389 3680 3947 3964 3958 3961 3993 4045 4137 4348 4664 4668 4697 4837 4631 4451 4349 4106 4113 2907 3347 2867 2774 2463 2572 2458 2244 1988 1968 1941 2147 1810 1518 1270 1286 1159 617 353 2299 2406 2572 2816 2876 2947 3099 3213 3413 3696 3930 3992 3990 4237 4388 4593 5244 5326 5730 6212 6094 6119 6170 5902 5918 6142 6496 6792 6906 6987 7241 7454 7662 8037 8246 8582 8569 8545 8536 8654 8862 4126 4547 4761 4762 4759 4720 4725 4721 4677 4651 4654 4448 4242 3857 3611 3343 3140 3098 3021 2900 2762 2799 2896 2984 3063 2943 2867 2791 3215 4732 4830 4742 4689 4667 4605 4643 4647 4545 4352 4136 4018 3909 3658 3387 3202 3090 2976 2685 2364 1915 1661 1548 1259 1009 758 524 565 550 1001 1411 1447 1782 2016 2074 2494 2390 2328 1939 4143 3712 3311 3036 2899 2408 2126 1886 1529 1319 1459 1393 967 561 579 1277 1565 1753 1915 2384 2726 2980 3992 3989 4000 4042 4162 4362 4542 4612 4664 4692 4742 1443 2099 2386 2846 3254 3552 3902 4137 5720 6079 6457 7120 7593 7732 7999 8165 8188 8060 7752 7691 8083 8651 8879 9147 
2601 2943 2937 2685 2437 2223 1825 1553 1240 783 417 0 151 535 623 904 1328 1983 2041 2193 2337 2956 3262 3425 3719 4107 4058 3787 3839 4109 4365 4527 4602 4680 566 333 41 345 719 924 1052 1350 1661 1788 1931 2152 2276 2561 2707 2939 3100 3274 3485 3762 4018 3991 3969 3938 3930 3952 4018 4210 4483 4467 4483 4567 4364 4210 4100 3842 3831 2948 3369 2874 2771 2458 2527 2369 2159 1938 1959 2001 2357 2035 1783 1512 1457 1288 792 565 2122 2206 2355 2564 2644 2737 2918 3066 3295 3602 3862 3974 4002 4258 4417 4627 5257 5302 5709 6198 6093 6133 6210 5950 5975 6200 6540 6830 6966 7059 7312 7524 7730 8102 8327 8666 8638 8602 8581 8672 8866 4001 4432 4658 4694 4713 4703 4738 4771 4748 4740 4756 4565 4374 4005 3778 3501 3258 3176 3052 2902 2723 2735 2782 2840 2893 2733 2635 2530 2922 4939 5037 4936 4860 4821 4731 4742 4735 4620 4427 4211 4088 3835 3562 3266 3055 2910 2701 2391 2010 1615 1381 1246 992 868 535 135 285 562 916 1237 1205 1522 1756 1863 2276 2219 2208 1990 3728 3298 2899 2625 2489 2000 1722 1490 1157 995 1211 1226 888 568 298 998 1264 1477 1608 2034 2435 2703 3966 3998 4031 4106 4235 4437 4617 4738 4816 4861 4935 1199 2039 2333 2803 3216 3517 3870 4018 5589 5946 6328 6987 7453 7581 7852 8031 8071 7957 7649 7613 8005 8587 8816 9088 
2685 3038 3035 2784 2538 2327 1937 1667 1359 901 533 151 0 401 481 770 1214 1871 1914 2048 2188 2804 3110 3274 3568 3955 3906 3636 3688 3959 4218 4378 4452 4529 686 400 179 457 726 933 1052 1324 1647 1756 1873 2069 2200 2506 2653 2872 3027 3206 3412 3684 3936 3896 3869 3829 3811 3826 3887 4075 4340 4322 4336 4415 4213 4060 3950 3691 3679 3076 3492 2994 2889 2578 2637 2468 2260 2049 2080 2135 2507 2186 1935 1663 1606 1435 943 716 1984 2063 2210 2414 2497 2592 2777 2931 3165 3477 3742 3866 3902 4161 4321 4533 5156 5192 5598 6089 5988 6031 6116 5857 5885 6111 6447 6734 6877 6973 7226 7438 7643 8013 8243 8583 8550 8511 8487 8570 8760 3868 4301 4529 4573 4597 4594 4638 4681 4665 4662 4682 4496 4312 3948 3729 3449 3193 3098 2960 2803 2613 2619 2655 2705 2754 2588 2488 2380 2770 4902 5000 4895 4809 4766 4665 4667 4657 4538 4345 4129 4006 3713 3436 3136 2920 2770 2550 2240 1862 1464 1231 1094 844 751 408 18 385 707 1032 1321 1263 1566 1796 1924 2330 2292 2298 2122 3638 3211 2815 2544 2411 1928 1657 1438 1135 1013 1266 1312 1007 712 396 849 1113 1326 1456 1885 2283 2552 3856 3898 3936 4021 4153 4355 4534 4673 4759 4811 4894 1256 1927 2221 2691 3105 3406 3760 3887 5454 5811 6193 6851 7316 7442 7714 7895 7938 7827 7519 7488 7879 8465 8694 8967 
2727 3112 3115 2872 2637 2439 2086 1825 1545 1109 780 535 401 0 108 369 823 1478 1512 1663 1817 2465 2783 2963 3274 3622 3575 3292 3332 3594 3840 4006 4087 4172 1088 789 545 710 671 845 928 1111 1449 1510 1568 1717 1857 2200 2346 2541 2684 2871 3068 3331 3576 3518 3486 3436 3412 3425 3486 3675 3949 3936 3955 4064 3859 3692 3585 3335 3336 3477 3893 3395 3290 2979 3034 2858 2652 2448 2481 2535 2877 2549 2278 2016 1983 1820 1308 1058 1587 1672 1826 2049 2120 2207 2383 2531 2763 3076 3342 3475 3519 3780 3943 4156 4770 4797 5204 5696 5598 5644 5737 5482 5513 5739 6069 6354 6504 6606 6858 7069 7273 7642 7878 8218 8179 8136 8108 8183 8370 3467 3899 4128 4173 4200 4202 4253 4310 4302 4307 4333 4157 3982 3631 3427 3144 2864 2748 2588 2422 2221 2222 2253 2305 2357 2202 2111 2020 2435 4622 4719 4605 4502 4448 4329 4317 4302 4177 3985 3770 3645 3313 3035 2734 2520 2376 2200 1906 1606 1135 881 768 480 362 40 419 786 1097 1434 1702 1618 1900 2123 2277 2672 2657 2682 2523 3644 3230 2851 2594 2469 2015 1772 1595 1372 1325 1619 1695 1408 1103 795 497 785 974 1135 1621 1947 2204 3464 3514 3560 3657 3793 3994 4173 4338 4439 4502 4603 1611 1534 1828 2298 2711 3013 3366 3486 5054 5411 5793 6452 6918 7046 7317 7496 7537 7425 7117 7087 7478 8064 8293 8566 
2819 3207 3211 2970 2736 2539 2190 1930 1652 1217 887 623 481 108 0 297 781 1429 1443 1569 1718 2360 2676 2855 3166 3516 3469 3188 3229 3494 3743 3907 3986 4070 1164 852 638 817 763 928 1002 1159 1497 1543 1577 1700 1845 2204 2349 2532 2669 2860 3052 3309 3550 3479 3443 3384 3350 3355 3410 3595 3859 3843 3860 3961 3756 3592 3485 3233 3231 3553 3965 3465 3359 3048 3096 2913 2709 2512 2552 2616 2974 2648 2381 2117 2078 1912 1405 1159 1502 1582 1732 1948 2023 2114 2295 2451 2689 3007 3279 3424 3476 3739 3903 4117 4725 4742 5148 5642 5547 5598 5697 5444 5477 5703 6029 6312 6468 6573 6824 7035 7238 7606 7846 8187 8143 8097 8067 8134 8318 3390 3824 4055 4108 4140 4149 4209 4275 4273 4283 4313 4141 3972 3627 3430 3146 2856 2728 2556 2382 2171 2165 2182 2226 2272 2109 2014 1918 2329 4632 4729 4611 4501 4443 4316 4296 4278 4150 3958 3744 3618 3249 2966 2660 2439 2288 2096 1799 1499 1028 776 661 375 338 138 499 859 1186 1505 1753 1656 1926 2145 2310 2699 2696 2732 2603 3571 3160 2785 2533 2409 1965 1731 1565 1368 1347 1655 1748 1481 1191 867 390 677 869 1028 1514 1841 2100 3411 3471 3522 3628 3767 3967 4146 4325 4432 4501 4609 1648 1485 1777 2246 2658 2959 3312 3410 4974 5331 5713 6371 6835 6961 7232 7414 7459 7350 7042 7017 7408 7997 8226 8499 
2852 3257 3266 3033 2810 2625 2307 2060 1806 1400 1107 904 770 369 297 0 500 1137 1147 1305 1472 2151 2477 2673 2998 3308 3262 2969 2996 3250 3484 3654 3741 3833 1456 1149 913 1044 844 959 995 1059 1387 1389 1368 1442 1594 1980 2122 2283 2411 2606 2790 3039 3275 3192 3153 3089 3052 3059 3117 3306 3583 3574 3597 3731 3525 3344 3241 2999 3012 3845 4259 3760 3654 3344 3393 3210 3006 2809 2847 2904 3234 2903 2623 2366 2345 2186 1667 1411 1218 1309 1469 1709 1769 1847 2016 2162 2395 2711 2982 3130 3186 3450 3615 3830 4433 4446 4852 5346 5253 5305 5408 5157 5192 5418 5741 6023 6182 6290 6540 6751 6953 7320 7563 7905 7858 7809 7777 7841 8023 3098 3531 3760 3811 3843 3854 3917 3991 3995 4011 4045 3879 3718 3384 3198 2914 2607 2463 2275 2095 1878 1868 1886 1936 1989 1843 1760 1686 2124 4411 4507 4383 4261 4196 4057 4027 4006 3873 3682 3469 3343 2952 2670 2366 2150 2009 1876 1601 1398 858 588 528 231 172 371 788 1152 1465 1800 2049 1947 2209 2424 2598 2982 2987 3027 2892 3651 3254 2895 2656 2541 2125 1914 1777 1622 1628 1945 2044 1775 1471 1161 272 539 671 869 1403 1638 1881 3116 3180 3236 3351 3491 3691 3869 4066 4184 4261 4381 1939 1193 1484 1951 2363 2664 3016 3117 4685 5042 5424 6082 6549 6677 6948 7127 7168 7057 6749 6721 7112 7700 7929 8203 
2766 3191 3207 2995 2795 2635 2381 2165 1965 1632 1420 1328 1214 823 781 500 0 656 747 1091 1311 2053 2392 2621 2971 3184 3142 2825 2814 3034 3219 3407 3517 3630 1894 1611 1326 1373 994 1008 974 862 1129 1053 939 950 1106 1517 1655 1794 1915 2112 2292 2539 2774 2698 2663 2614 2602 2634 2718 2927 3259 3278 3320 3549 3341 3115 3027 2817 2867 4272 4697 4202 4099 3786 3851 3681 3474 3263 3287 3317 3565 3226 2921 2685 2703 2564 2026 1761 921 1058 1246 1553 1561 1592 1704 1795 1994 2284 2535 2652 2696 2958 3122 3336 3947 3977 4383 4875 4775 4821 4916 4662 4696 4922 5248 5532 5687 5792 6043 6254 6457 6824 7065 7406 7362 7316 7286 7359 7547 2706 3129 3347 3368 3385 3379 3430 3494 3495 3510 3544 3381 3223 2896 2721 2436 2117 1963 1776 1601 1399 1407 1476 1568 1659 1587 1553 1551 2038 3941 4036 3907 3775 3705 3559 3526 3505 3373 3181 2968 2842 2509 2245 1967 1786 1695 1762 1558 1563 971 743 797 632 463 808 1231 1599 1868 2243 2526 2437 2706 2923 3092 3479 3477 3505 3309 4004 3626 3288 3065 2958 2572 2380 2260 2122 2126 2436 2519 2216 1876 1610 672 795 774 1001 1551 1584 1770 2642 2691 2741 2850 2991 3191 3369 3569 3691 3774 3904 2429 712 1007 1476 1890 2192 2545 2718 4300 4659 5037 5700 6173 6313 6579 6745 6771 6647 6339 6292 6683 7262 7491 7762 
3024 3457 3482 3299 3131 3003 2820 2638 2488 2214 2046 1983 1871 1478 1429 1137 656 0 324 887 1130 1859 2190 2448 2813 2892 2857 2521 2461 2631 2749 2955 3090 3227 2550 2267 1980 2006 1572 1527 1449 1197 1317 1131 836 555 709 1179 1287 1318 1390 1599 1743 1957 2172 2060 2016 1958 1951 2000 2105 2333 2718 2769 2833 3173 2968 2692 2625 2463 2559 4923 5350 4856 4754 4442 4508 4336 4130 3920 3942 3964 4175 3833 3517 3294 3332 3202 2660 2394 635 803 985 1335 1266 1221 1234 1242 1390 1651 1886 1996 2049 2315 2481 2696 3296 3320 3727 4218 4119 4168 4272 4022 4061 4286 4605 4886 5049 5161 5411 5620 5821 6187 6435 6777 6725 6674 6640 6705 6891 2100 2510 2717 2719 2730 2723 2780 2863 2880 2910 2957 2814 2683 2394 2265 1989 1622 1409 1164 965 743 755 879 1025 1167 1216 1260 1363 1860 3492 3583 3437 3271 3180 2999 2936 2905 2762 2574 2365 2237 1863 1614 1367 1235 1223 1575 1497 1762 1230 1119 1246 1206 1120 1465 1888 2256 2517 2899 3180 3084 3344 3555 3735 4115 4124 4159 3958 4330 3985 3685 3491 3398 3065 2909 2823 2732 2762 3082 3173 2871 2525 2266 1238 1236 1092 1272 1732 1504 1588 1985 2044 2104 2239 2386 2583 2758 3010 3162 3269 3433 3076 56 350 820 1234 1535 1888 2105 3691 4049 4424 5088 5566 5714 5976 6132 6145 6014 5706 5647 6038 6612 6841 7111 
3319 3751 3775 3584 3408 3269 3061 2864 2688 2376 2166 2041 1914 1512 1443 1147 747 324 0 564 806 1536 1868 2125 2490 2585 2548 2215 2167 2354 2502 2699 2824 2951 2601 2296 2045 2117 1734 1723 1664 1453 1611 1439 1157 871 1019 1486 1585 1580 1623 1834 1950 2133 2322 2154 2089 1980 1912 1912 1979 2182 2516 2545 2596 2888 2682 2423 2348 2169 2254 4990 5406 4907 4802 4491 4539 4350 4148 3956 3994 4042 4312 3973 3669 3433 3447 3302 2768 2503 311 479 661 1012 950 921 978 1048 1254 1564 1840 2027 2122 2392 2563 2780 3340 3320 3724 4221 4139 4203 4336 4097 4144 4369 4669 4941 5125 5249 5496 5702 5900 6260 6523 6865 6798 6736 6692 6729 6900 1964 2391 2616 2665 2706 2738 2835 2962 3005 3055 3114 2993 2883 2623 2519 2249 1866 1621 1329 1100 814 757 740 820 924 917 943 1039 1536 3738 3826 3674 3490 3387 3181 3091 3049 2894 2712 2511 2383 1807 1522 1226 1038 968 1251 1179 1494 1009 962 1111 1152 1178 1507 1932 2298 2595 2946 3188 3069 3306 3507 3705 4070 4103 4162 4032 4074 3743 3460 3280 3196 2896 2764 2706 2661 2728 3065 3185 2921 2602 2308 1175 1097 911 1052 1460 1184 1264 2004 2113 2202 2376 2529 2720 2889 3193 3366 3487 3668 3061 330 467 868 1261 1554 1901 1979 3557 3915 4295 4957 5428 5566 5833 6002 6033 5915 5607 5574 5965 6553 6782 7056 
3816 4246 4267 4064 3873 3720 3472 3253 3041 2676 2408 2193 2048 1663 1569 1305 1091 887 564 0 245 992 1331 1579 1941 2096 2055 1735 1725 1957 2179 2351 2446 2548 2716 2386 2207 2348 2060 2096 2065 1917 2120 1971 1710 1435 1580 2045 2137 2102 2119 2326 2412 2553 2706 2469 2377 2200 2037 1953 1943 2085 2296 2273 2292 2461 2253 2046 1950 1728 1776 5087 5482 4980 4868 4564 4581 4364 4173 4014 4078 4170 4539 4208 3927 3672 3646 3481 2970 2716 254 99 163 472 473 544 752 976 1270 1632 1957 2255 2408 2675 2848 3062 3551 3458 3852 4350 4296 4385 4562 4342 4404 4625 4893 5147 5364 5506 5746 5947 6138 6486 6771 7113 7021 6943 6881 6872 7017 1910 2349 2598 2731 2822 2915 3072 3262 3341 3417 3493 3402 3321 3098 3023 2762 2368 2096 1765 1522 1206 1085 870 784 752 540 465 486 987 4226 4311 4151 3946 3828 3592 3467 3411 3243 3072 2886 2760 1911 1589 1238 962 747 702 621 1049 746 858 1022 1206 1403 1672 2066 2411 2755 3044 3214 3057 3248 3427 3655 3985 4060 4160 4154 3610 3307 3059 2908 2841 2607 2526 2520 2561 2693 3049 3215 3023 2760 2418 1208 1003 769 782 1006 622 713 2216 2396 2521 2743 2900 3079 3237 3606 3804 3942 4145 3049 894 964 1227 1541 1795 2110 1943 3452 3805 4189 4838 5294 5409 5684 5877 5941 5850 5544 5559 5946 6555 6784 7063 
4053 4482 4502 4297 4103 3946 3688 3464 3242 2863 2580 2337 2188 1817 1718 1472 1311 1130 806 245 0 751 1091 1335 1697 1873 1830 1517 1526 1778 2031 2190 2270 2360 2841 2506 2354 2516 2259 2308 2285 2150 2361 2215 1955 1676 1817 2280 2368 2318 2324 2529 2600 2724 2860 2597 2495 2293 2094 1976 1933 2044 2195 2149 2152 2263 2056 1874 1769 1529 1560 5191 5575 5073 4961 4660 4664 4437 4252 4107 4180 4289 4692 4366 4093 3833 3794 3623 3123 2875 495 328 185 243 314 459 726 1000 1309 1678 2013 2351 2525 2787 2959 3170 3625 3501 3888 4383 4342 4442 4636 4426 4494 4712 4965 5211 5442 5591 5827 6025 6213 6555 6849 7190 7088 7003 6933 6904 7038 1892 2327 2583 2751 2862 2980 3161 3377 3470 3557 3640 3562 3495 3289 3227 2972 2574 2292 1950 1705 1388 1252 988 847 755 456 306 243 744 4420 4504 4340 4126 4001 3752 3612 3551 3378 3213 3035 2911 1962 1634 1277 985 725 459 405 940 788 964 1118 1345 1587 1830 2206 2539 2895 3159 3299 3129 3298 3465 3705 4018 4111 4227 4271 3450 3166 2939 2807 2750 2555 2501 2521 2601 2758 3118 3302 3140 2899 2544 1340 1099 869 816 891 395 470 2305 2511 2649 2889 3047 3220 3372 3767 3975 4121 4333 3120 1136 1184 1397 1673 1906 2200 1933 3389 3737 4121 4761 5209 5315 5593 5794 5873 5793 5489 5524 5909 6525 6755 7034 
4805 5233 5252 5045 4848 4687 4417 4186 3950 3551 3244 2956 2804 2465 2360 2151 2053 1859 1536 992 751 0 340 589 955 1157 1111 832 915 1223 1573 1675 1701 1747 3412 3073 2979 3176 2971 3036 3021 2900 3113 2963 2693 2386 2516 2965 3039 2942 2912 3106 3136 3203 3288 2958 2831 2568 2281 2076 1938 1944 1887 1764 1714 1619 1421 1342 1212 919 876 5687 6045 5547 5431 5142 5115 4866 4696 4588 4683 4828 5305 4989 4737 4467 4402 4218 3748 3513 1230 1061 874 524 615 745 964 1257 1539 1870 2203 2631 2857 3096 3260 3454 3794 3582 3935 4413 4411 4540 4788 4610 4696 4902 5105 5321 5591 5762 5984 6171 6346 6667 6987 7323 7189 7081 6988 6897 6994 1880 2263 2525 2789 2955 3144 3388 3674 3809 3927 4029 3993 3968 3820 3801 3566 3162 2857 2494 2256 1952 1792 1458 1236 1047 748 619 507 51 4947 5025 4851 4609 4466 4181 3998 3921 3736 3593 3442 3328 2144 1833 1512 1244 972 292 564 1120 1340 1584 1709 1985 2285 2485 2821 3122 3497 3704 3775 3576 3689 3824 4087 4350 4488 4644 4806 3179 2976 2839 2776 2755 2695 2721 2811 2987 3202 3562 3782 3690 3499 3125 1970 1691 1491 1348 1072 520 282 2570 2840 3010 3293 3449 3599 3730 4197 4435 4603 4843 3567 1856 1848 1934 2094 2253 2473 1938 3148 3470 3844 4448 4865 4940 5223 5451 5571 5527 5232 5329 5701 6335 6561 6843 
5145 5573 5592 5385 5188 5026 4753 4519 4280 3876 3563 3262 3110 2783 2676 2477 2392 2190 1868 1331 1091 340 0 270 632 845 796 565 714 1038 1432 1493 1482 1498 3702 3364 3287 3493 3303 3372 3359 3240 3452 3300 3026 2710 2836 3278 3346 3233 3192 3380 3394 3439 3503 3153 3018 2736 2422 2189 2016 1974 1815 1656 1577 1351 1166 1166 1026 718 607 5942 6288 5794 5677 5393 5355 5098 4935 4841 4944 5102 5602 5291 5045 4774 4699 4513 4053 3823 1566 1397 1207 860 931 1033 1206 1475 1728 2029 2348 2800 3042 3268 3426 3611 3899 3651 3985 4450 4465 4607 4876 4713 4805 5005 5185 5386 5672 5851 6067 6247 6416 6726 7057 7390 7242 7124 7021 6902 6982 1953 2298 2553 2854 3040 3255 3523 3834 3985 4114 4223 4204 4196 4071 4069 3843 3439 3128 2762 2530 2235 2071 1726 1494 1295 1036 936 847 355 5192 5266 5089 4837 4687 4390 4190 4108 3920 3787 3648 3539 2287 1996 1705 1464 1216 632 877 1352 1650 1902 2020 2304 2615 2804 3127 3417 3796 3983 4031 3822 3914 4036 4306 4549 4703 4873 5078 3127 2968 2877 2847 2842 2838 2896 3010 3219 3450 3807 4039 3971 3798 3419 2286 2002 1812 1654 1309 838 622 2734 3024 3204 3500 3653 3792 3914 4407 4655 4830 5081 3813 2185 2161 2208 2328 2456 2643 2016 3075 3379 3744 4324 4723 4782 5066 5306 5445 5418 5129 5255 5619 6258 6482 6764 
5382 5809 5827 5616 5414 5248 4965 4726 4479 4065 3743 3425 3274 2963 2855 2673 2621 2448 2125 1579 1335 589 270 0 366 738 687 575 783 1096 1511 1532 1484 1464 3841 3505 3452 3671 3508 3587 3580 3475 3696 3550 3282 2974 3101 3546 3615 3504 3462 3650 3662 3703 3762 3405 3268 2980 2657 2413 2226 2160 1939 1756 1656 1298 1137 1224 1084 787 607 6035 6370 5879 5762 5485 5434 5170 5015 4935 5046 5218 5748 5442 5207 4933 4846 4656 4211 3990 1819 1650 1463 1113 1196 1303 1475 1738 1983 2272 2585 3044 3291 3512 3667 3848 4112 3846 4169 4624 4650 4798 5078 4924 5019 5215 5382 5576 5869 6053 6265 6442 6606 6910 7247 7577 7422 7298 7189 7052 7121 2162 2482 2731 3050 3246 3474 3751 4072 4229 4362 4474 4460 4457 4337 4338 4113 3709 3397 3031 2800 2505 2342 1996 1764 1564 1306 1201 1092 591 5457 5530 5352 5098 4946 4645 4441 4356 4168 4038 3904 3796 2524 2241 1961 1728 1484 877 1076 1458 1828 2089 2195 2488 2817 2987 3289 3564 3947 4110 4130 3913 3984 4092 4368 4590 4759 4942 5192 2975 2848 2792 2788 2797 2841 2925 3060 3297 3545 3897 4140 4099 3948 3565 2467 2178 2002 1827 1422 1043 865 2977 3273 3456 3756 3907 4043 4162 4662 4913 5091 5344 3904 2445 2428 2478 2592 2713 2888 2226 3182 3471 3827 4385 4767 4812 5096 5345 5501 5488 5205 5353 5709 6351 6573 6854 
5735 6161 6178 5965 5760 5591 5299 5057 4802 4381 4051 3719 3568 3274 3166 2998 2971 2813 2490 1941 1697 955 632 366 0 662 618 699 931 1195 1612 1581 1486 1416 4110 3778 3747 3978 3839 3925 3923 3828 4055 3912 3647 3340 3467 3911 3979 3863 3817 4002 4007 4038 4085 3717 3576 3280 2944 2685 2480 2381 2083 1874 1750 1233 1120 1315 1185 934 710 6248 6567 6083 5965 5696 5631 5360 5214 5151 5271 5457 6018 5719 5495 5218 5120 4926 4498 4284 2184 2014 1828 1478 1562 1665 1824 2076 2305 2574 2875 3344 3599 3811 3961 4135 4359 4067 4372 4812 4852 5010 5305 5165 5265 5454 5602 5782 6088 6278 6483 6654 6813 7106 7451 7777 7610 7478 7360 7197 7249 2414 2697 2936 3278 3487 3731 4022 4359 4525 4666 4781 4779 4785 4678 4687 4466 4063 3749 3382 3153 2862 2698 2351 2116 1915 1668 1567 1455 954 5793 5864 5685 5425 5269 4961 4747 4659 4470 4348 4221 4116 2814 2546 2286 2067 1835 1240 1416 1720 2144 2411 2505 2805 3148 3300 3583 3841 4227 4364 4355 4130 4176 4268 4548 4744 4931 5129 5430 2874 2800 2797 2830 2857 2961 3077 3235 3504 3768 4113 4367 4356 4227 3841 2781 2489 2326 2140 1690 1387 1228 3274 3580 3767 4074 4223 4352 4464 4978 5236 5418 5677 4121 2811 2794 2833 2930 3034 3189 2480 3285 3550 3889 4413 4770 4795 5078 5339 5517 5524 5249 5428 5773 6416 6635 6914 
5901 6333 6355 6157 5969 5816 5561 5334 5104 4708 4402 4107 3955 3622 3516 3308 3184 2892 2585 2096 1873 1157 845 738 662 0 51 371 503 626 1009 939 826 755 4546 4209 4131 4333 4123 4180 4158 4011 4195 4022 3723 3369 3474 3883 3928 3761 3681 3847 3812 3793 3798 3401 3252 2936 2574 2291 2053 1899 1506 1278 1136 576 460 722 618 504 336 6768 7106 6615 6497 6218 6171 5908 5751 5668 5776 5940 6448 6136 5889 5618 5545 5358 4898 4667 2304 2144 1950 1630 1640 1672 1730 1908 2063 2258 2515 2998 3269 3452 3587 3741 3883 3553 3829 4248 4306 4475 4791 4672 4779 4958 5074 5236 5556 5755 5950 6112 6263 6543 6896 7217 7037 6896 6769 6585 6625 1986 2195 2413 2784 3011 3282 3598 3964 4153 4310 4435 4465 4506 4453 4503 4310 3916 3594 3230 3023 2767 2601 2253 2017 1818 1676 1648 1637 1186 5535 5599 5414 5136 4968 4640 4400 4304 4114 4012 3911 3819 2456 2238 2052 1903 1742 1435 1717 2182 2492 2741 2862 3142 3440 3643 3971 4262 4641 4825 4860 4647 4722 4831 5106 5327 5497 5680 5916 3530 3463 3455 3478 3498 3569 3661 3799 4033 4277 4631 4870 4813 4643 4264 3126 2844 2649 2498 2142 1675 1428 2924 3250 3448 3769 3910 4015 4108 4658 4931 5127 5405 4638 2877 2791 2719 2722 2763 2852 2053 2654 2905 3237 3752 4108 4134 4417 4677 4854 4863 4591 4778 5118 5762 5979 6258 
5863 6294 6316 6118 5929 5775 5518 5290 5059 4662 4355 4058 3906 3575 3469 3262 3142 2857 2548 2055 1830 1111 796 687 618 51 0 340 492 642 1035 974 868 803 4497 4159 4082 4286 4079 4137 4115 3971 4157 3986 3689 3337 3444 3855 3902 3738 3661 3828 3797 3782 3790 3395 3247 2933 2573 2291 2057 1909 1528 1303 1164 625 501 744 633 493 308 6717 7055 6563 6446 6167 6119 5857 5700 5616 5724 5889 6398 6087 5841 5570 5495 5308 4849 4619 2265 2104 1911 1588 1602 1637 1703 1887 2049 2251 2513 2994 3265 3450 3587 3744 3894 3569 3848 4271 4326 4493 4807 4685 4792 4972 5092 5257 5575 5773 5969 6133 6284 6566 6918 7240 7061 6922 6796 6615 6658 1990 2208 2429 2796 3021 3290 3603 3967 4153 4309 4433 4461 4498 4440 4487 4292 3897 3575 3210 3001 2743 2577 2228 1991 1791 1642 1609 1593 1139 5526 5591 5406 5129 4963 4636 4399 4303 4113 4009 3906 3812 2453 2230 2036 1882 1714 1390 1669 2131 2444 2694 2814 3095 3394 3596 3923 4212 4592 4775 4809 4595 4670 4779 5055 5276 5446 5629 5865 3489 3419 3408 3429 3448 3518 3610 3747 3982 4226 4579 4819 4763 4594 4214 3078 2797 2602 2450 2091 1628 1383 2921 3245 3443 3763 3904 4012 4107 4654 4926 5121 5397 4586 2842 2760 2696 2706 2753 2848 2057 2688 2942 3276 3795 4153 4181 4464 4723 4898 4906 4632 4816 5158 5802 6019 6298 
5533 5965 5987 5791 5605 5454 5205 4981 4757 4368 4069 3787 3636 3292 3188 2969 2825 2521 2215 1735 1517 832 565 575 699 371 340 0 232 522 941 958 923 933 4244 3905 3810 4002 3775 3826 3800 3646 3826 3652 3351 2998 3104 3515 3563 3402 3328 3498 3473 3468 3487 3100 2954 2646 2294 2023 1803 1687 1391 1194 1085 790 601 650 511 235 43 6503 6852 6357 6240 5955 5919 5663 5499 5402 5503 5655 6137 5821 5567 5299 5234 5051 4579 4343 1937 1779 1586 1274 1273 1300 1363 1554 1729 1952 2230 2708 2973 3170 3313 3478 3671 3371 3673 4113 4153 4311 4610 4473 4575 4762 4904 5083 5390 5581 5785 5955 6114 6407 6751 7078 6911 6781 6664 6509 6569 1736 2000 2237 2584 2798 3051 3352 3701 3879 4029 4150 4166 4193 4123 4162 3962 3565 3244 2878 2667 2405 2239 1889 1652 1452 1305 1281 1287 869 5217 5284 5100 4828 4665 4344 4115 4022 3832 3721 3609 3512 2169 1928 1715 1548 1375 1093 1396 1915 2172 2412 2541 2812 3095 3311 3652 3954 4329 4533 4591 4385 4480 4601 4871 5113 5268 5438 5632 3531 3419 3368 3361 3367 3390 3457 3575 3783 4012 4370 4599 4519 4332 3957 2798 2522 2318 2181 1871 1352 1088 2636 2954 3148 3465 3609 3725 3826 4362 4629 4820 5092 4376 2506 2421 2360 2382 2443 2558 1803 2617 2900 3253 3809 4194 4242 4526 4773 4926 4913 4629 4782 5136 5778 6000 6280 
5485 5917 5942 5752 5573 5429 5195 4979 4765 4390 4103 3839 3688 3332 3229 2996 2814 2461 2167 1725 1526 915 714 783 931 503 492 232 0 324 729 779 786 841 4314 3975 3859 4037 3783 3822 3787 3614 3776 3593 3281 2913 3010 3406 3446 3269 3183 3347 3310 3290 3297 2904 2756 2443 2086 1809 1583 1458 1163 973 875 736 529 452 312 4 226 6602 6960 6463 6347 6058 6030 5780 5611 5503 5598 5739 6195 5874 5611 5346 5293 5114 4630 4388 1906 1757 1568 1286 1253 1245 1260 1415 1560 1758 2024 2505 2774 2964 3103 3264 3444 3140 3441 3881 3921 4079 4379 4244 4347 4533 4673 4851 5158 5350 5553 5723 5882 6175 6519 6846 6679 6549 6433 6282 6344 1515 1770 2006 2354 2570 2827 3132 3487 3669 3822 3946 3969 4005 3949 4000 3809 3416 3094 2731 2528 2281 2116 1771 1539 1345 1250 1261 1312 960 5033 5098 4913 4637 4471 4146 3911 3816 3626 3520 3414 3320 1964 1738 1549 1411 1272 1139 1467 2030 2231 2457 2595 2854 3114 3348 3705 4019 4389 4612 4691 4491 4600 4731 4997 5251 5396 5557 5717 3753 3631 3568 3551 3551 3552 3605 3710 3900 4117 4477 4698 4597 4392 4022 2843 2576 2362 2244 1984 1419 1138 2432 2755 2951 3271 3413 3523 3620 4163 4434 4629 4904 4482 2441 2331 2230 2219 2260 2358 1583 2399 2689 3047 3616 4011 4068 4352 4592 4735 4714 4428 4570 4928 5569 5792 6073 
5653 6085 6112 5930 5760 5624 5407 5198 4996 4633 4358 4109 3959 3594 3494 3250 3034 2631 2354 1957 1778 1223 1038 1096 1195 626 642 522 324 0 419 456 492 597 4596 4257 4128 4294 4016 4043 4001 3807 3948 3754 3431 3046 3129 3500 3527 3324 3221 3370 3310 3261 3240 2832 2680 2359 1989 1698 1450 1278 892 678 562 554 366 129 11 320 497 6901 7265 6766 6650 6359 6336 6089 5918 5804 5895 6029 6466 6142 5871 5611 5566 5390 4899 4652 2115 1977 1796 1545 1484 1444 1400 1493 1577 1710 1936 2419 2695 2862 2991 3137 3258 2927 3207 3632 3685 3851 4165 4045 4153 4331 4450 4616 4933 5130 5327 5491 5644 5928 6279 6602 6426 6290 6168 6001 6055 1383 1570 1787 2158 2387 2663 2984 3358 3554 3717 3846 3890 3947 3924 3999 3826 3444 3122 2767 2582 2363 2203 1873 1653 1475 1449 1493 1579 1269 4982 5042 4855 4569 4396 4060 3810 3711 3521 3430 3342 3256 1879 1697 1572 1492 1411 1425 1761 2342 2512 2728 2872 3119 3359 3608 3977 4298 4663 4900 4991 4796 4912 5045 5310 5568 5710 5867 6008 4052 3942 3887 3873 3874 3876 3926 4028 4210 4421 4782 4998 4884 4667 4302 3111 2853 2633 2528 2295 1712 1425 2344 2675 2877 3203 3338 3432 3515 4078 4358 4560 4845 4787 2605 2463 2302 2233 2231 2279 1450 2096 2377 2731 3293 3686 3744 4028 4268 4412 4394 4109 4259 4613 5256 5477 5758 
